0 -2.5 0.05 -0
0 -2.3 0.05 -0
0 -2.1 0.05 -0
0 -1.9 0.05 -0
0 -1.7 0.05 -0
0 -1.5 0.05 -0
0 -1.3 0.05 -0
0 -1.1 0.05 -0
0 -0.9 0.05 -0
0 -0.7 0.05 -0
0 -0.5 0.05 -0
0 -0.3 0.05 -0
0 -0.1 0.05 -0
0 0.1 0.05 0
0 0.3 0.05 0
0 0.5 0.05 0
0 0.7 0.05 0
0 0.9 0.05 0
0 1.1 0.05 0
0 1.3 0.05 0
0 1.5 0.05 0
0 1.7 0.05 0
0 1.9 0.05 0
0 2.1 0.05 0
0 2.3 0.05 0
0.2 -2.5 0.05 -0.025
0.2 -2.3 0.05 -0.023
0.2 -2.1 0.05 -0.021
0.2 -1.9 0.05 -0.019
0.2 -1.7 0.05 -0.017
0.2 -1.5 0.05 -0.015
0.2 -1.3 0.05 -0.013
0.2 -1.1 0.05 -0.011
0.2 -0.9 0.05 -0.009
0.2 -0.7 0.05 -0.007
0.2 -0.5 0.05 -0.005
0.2 -0.3 0.05 -0.003
0.2 -0.1 0.05 -0.001
0.2 0.1 0.05 0.001
0.2 0.3 0.05 0.003
0.2 0.5 0.05 0.005
0.2 0.7 0.05 0.007
0.2 0.9 0.05 0.009
0.2 1.1 0.05 0.011
0.2 1.3 0.05 0.013
0.2 1.5 0.05 0.015
0.2 1.7 0.05 0.017
0.2 1.9 0.05 0.019
0.2 2.1 0.05 0.021
0.2 2.3 0.05 0.023
0.4 -2.5 0.05 -0.05
0.4 -2.3 0.05 -0.046
0.4 -2.1 0.05 -0.042
0.4 -1.9 0.05 -0.038
0.4 -1.7 0.05 -0.034
0.4 -1.5 0.05 -0.03
0.4 -1.3 0.05 -0.026
0.4 -1.1 0.05 -0.022
0.4 -0.9 0.05 -0.018
0.4 -0.7 0.05 -0.014
0.4 -0.5 0.05 -0.01
0.4 -0.3 0.05 -0.006
0.4 -0.1 0.05 -0.002
0.4 0.1 0.05 0.002
0.4 0.3 0.05 0.006
0.4 0.5 0.05 0.01
0.4 0.7 0.05 0.014
0.4 0.9 0.05 0.018
0.4 1.1 0.05 0.022
0.4 1.3 0.05 0.026
0.4 1.5 0.05 0.03
0.4 1.7 0.05 0.034
0.4 1.9 0.05 0.038
0.4 2.1 0.05 0.042
0.4 2.3 0.05 0.046
0.6 -2.5 0.05 -0.075
0.6 -2.3 0.05 -0.069
0.6 -2.1 0.05 -0.063
0.6 -1.9 0.05 -0.057
0.6 -1.7 0.05 -0.051
0.6 -1.5 0.05 -0.045
0.6 -1.3 0.05 -0.039
0.6 -1.1 0.05 -0.033
0.6 -0.9 0.05 -0.027
0.6 -0.7 0.05 -0.021
0.6 -0.5 0.05 -0.015
0.6 -0.3 0.05 -0.009
0.6 -0.1 0.05 -0.003
0.6 0.1 0.05 0.003
0.6 0.3 0.05 0.009
0.6 0.5 0.05 0.015
0.6 0.7 0.05 0.021
0.6 0.9 0.05 0.027
0.6 1.1 0.05 0.033
0.6 1.3 0.05 0.039
0.6 1.5 0.05 0.045
0.6 1.7 0.05 0.051
0.6 1.9 0.05 0.057
0.6 2.1 0.05 0.063
0.6 2.3 0.05 0.069
0.8 -2.5 0.05 -0.1
0.8 -2.3 0.05 -0.092
0.8 -2.1 0.05 -0.084
0.8 -1.9 0.05 -0.076
0.8 -1.7 0.05 -0.068
0.8 -1.5 0.05 -0.06
0.8 -1.3 0.05 -0.052
0.8 -1.1 0.05 -0.044
0.8 -0.9 0.05 -0.036
0.8 -0.7 0.05 -0.028
0.8 -0.5 0.05 -0.02
0.8 -0.3 0.05 -0.012
0.8 -0.1 0.05 -0.004
0.8 0.1 0.05 0.004
0.8 0.3 0.05 0.012
0.8 0.5 0.05 0.02
0.8 0.7 0.05 0.028
0.8 0.9 0.05 0.036
0.8 1.1 0.05 0.044
0.8 1.3 0.05 0.052
0.8 1.5 0.05 0.06
0.8 1.7 0.05 0.068
0.8 1.9 0.05 0.076
0.8 2.1 0.05 0.084
0.8 2.3 0.05 0.092
1 -2.5 0.05 -0.125
1 -2.3 0.05 -0.115
1 -2.1 0.05 -0.105
1 -1.9 0.05 -0.095
1 -1.7 0.05 -0.085
1 -1.5 0.05 -0.075
1 -1.3 0.05 -0.065
1 -1.1 0.05 -0.055
1 -0.9 0.05 -0.045
1 -0.7 0.05 -0.035
1 -0.5 0.05 -0.025
1 -0.3 0.05 -0.015
1 -0.1 0.05 -0.005
1 0.1 0.05 0.005
1 0.3 0.05 0.015
1 0.5 0.05 0.025
1 0.7 0.05 0.035
1 0.9 0.05 0.045
1 1.1 0.05 0.055
1 1.3 0.05 0.065
1 1.5 0.05 0.075
1 1.7 0.05 0.085
1 1.9 0.05 0.095
1 2.1 0.05 0.105
1 2.3 0.05 0.115
1.2 -2.5 0.05 -0.15
1.2 -2.3 0.05 -0.138
1.2 -2.1 0.05 -0.126
1.2 -1.9 0.05 -0.114
1.2 -1.7 0.05 -0.102
1.2 -1.5 0.05 -0.09
1.2 -1.3 0.05 -0.078
1.2 -1.1 0.05 -0.066
1.2 -0.9 0.05 -0.054
1.2 -0.7 0.05 -0.042
1.2 -0.5 0.05 -0.03
1.2 -0.3 0.05 -0.018
1.2 -0.1 0.05 -0.006
1.2 0.1 0.05 0.006
1.2 0.3 0.05 0.018
1.2 0.5 0.05 0.03
1.2 0.7 0.05 0.042
1.2 0.9 0.05 0.054
1.2 1.1 0.05 0.066
1.2 1.3 0.05 0.078
1.2 1.5 0.05 0.09
1.2 1.7 0.05 0.102
1.2 1.9 0.05 0.114
1.2 2.1 0.05 0.126
1.2 2.3 0.05 0.138
1.4 -2.5 0.05 -0.175
1.4 -2.3 0.05 -0.161
1.4 -2.1 0.05 -0.147
1.4 -1.9 0.05 -0.133
1.4 -1.7 0.05 -0.119
1.4 -1.5 0.05 -0.105
1.4 -1.3 0.05 -0.091
1.4 -1.1 0.05 -0.077
1.4 -0.9 0.05 -0.063
1.4 -0.7 0.05 -0.049
1.4 -0.5 0.05 -0.035
1.4 -0.3 0.05 -0.021
1.4 -0.1 0.05 -0.007
1.4 0.1 0.05 0.007
1.4 0.3 0.05 0.021
1.4 0.5 0.05 0.035
1.4 0.7 0.05 0.049
1.4 0.9 0.05 0.063
1.4 1.1 0.05 0.077
1.4 1.3 0.05 0.091
1.4 1.5 0.05 0.105
1.4 1.7 0.05 0.119
1.4 1.9 0.05 0.133
1.4 2.1 0.05 0.147
1.4 2.3 0.05 0.161
1.6 -2.5 0.05 -0.2
1.6 -2.3 0.05 -0.184
1.6 -2.1 0.05 -0.168
1.6 -1.9 0.05 -0.152
1.6 -1.7 0.05 -0.136
1.6 -1.5 0.05 -0.12
1.6 -1.3 0.05 -0.104
1.6 -1.1 0.05 -0.088
1.6 -0.9 0.05 -0.072
1.6 -0.7 0.05 -0.056
1.6 -0.5 0.05 -0.04
1.6 -0.3 0.05 -0.024
1.6 -0.1 0.05 -0.008
1.6 0.1 0.05 0.008
1.6 0.3 0.05 0.024
1.6 0.5 0.05 0.04
1.6 0.7 0.05 0.056
1.6 0.9 0.05 0.072
1.6 1.1 0.05 0.088
1.6 1.3 0.05 0.104
1.6 1.5 0.05 0.12
1.6 1.7 0.05 0.136
1.6 1.9 0.05 0.152
1.6 2.1 0.05 0.168
1.6 2.3 0.05 0.184
1.8 -2.5 0.05 -0.225
1.8 -2.3 0.05 -0.207
1.8 -2.1 0.05 -0.189
1.8 -1.9 0.05 -0.171
1.8 -1.7 0.05 -0.153
1.8 -1.5 0.05 -0.135
1.8 -1.3 0.05 -0.117
1.8 -1.1 0.05 -0.099
1.8 -0.9 0.05 -0.081
1.8 -0.7 0.05 -0.063
1.8 -0.5 0.05 -0.045
1.8 -0.3 0.05 -0.027
1.8 -0.1 0.05 -0.009
1.8 0.1 0.05 0.009
1.8 0.3 0.05 0.027
1.8 0.5 0.05 0.045
1.8 0.7 0.05 0.063
1.8 0.9 0.05 0.081
1.8 1.1 0.05 0.099
1.8 1.3 0.05 0.117
1.8 1.5 0.05 0.135
1.8 1.7 0.05 0.153
1.8 1.9 0.05 0.171
1.8 2.1 0.05 0.189
1.8 2.3 0.05 0.207
2 -2.5 0.05 -0.25
2 -2.3 0.05 -0.23
2 -2.1 0.05 -0.21
2 -1.9 0.05 -0.19
2 -1.7 0.05 -0.17
2 -1.5 0.05 -0.15
2 -1.3 0.05 -0.13
2 -1.1 0.05 -0.11
2 -0.9 0.05 -0.09
2 -0.7 0.05 -0.07
2 -0.5 0.05 -0.05
2 -0.3 0.05 -0.03
2 -0.1 0.05 -0.01
2 0.1 0.05 0.01
2 0.3 0.05 0.03
2 0.5 0.05 0.05
2 0.7 0.05 0.07
2 0.9 0.05 0.09
2 1.1 0.05 0.11
2 1.3 0.05 0.13
2 1.5 0.05 0.15
2 1.7 0.05 0.17
2 1.9 0.05 0.19
2 2.1 0.05 0.21
2 2.3 0.05 0.23
2.2 -2.5 0.05 -0.275
2.2 -2.3 0.05 -0.253
2.2 -2.1 0.05 -0.231
2.2 -1.9 0.05 -0.209
2.2 -1.7 0.05 -0.187
2.2 -1.5 0.05 -0.165
2.2 -1.3 0.05 -0.143
2.2 -1.1 0.05 -0.121
2.2 -0.9 0.05 -0.099
2.2 -0.7 0.05 -0.077
2.2 -0.5 0.05 -0.055
2.2 -0.3 0.05 -0.033
2.2 -0.1 0.05 -0.011
2.2 0.1 0.05 0.011
2.2 0.3 0.05 0.033
2.2 0.5 0.05 0.055
2.2 0.7 0.05 0.077
2.2 0.9 0.05 0.099
2.2 1.1 0.05 0.121
2.2 1.3 0.05 0.143
2.2 1.5 0.05 0.165
2.2 1.7 0.05 0.187
2.2 1.9 0.05 0.209
2.2 2.1 0.05 0.231
2.2 2.3 0.05 0.253
2.4 -2.5 0.05 -0.3
2.4 -2.3 0.05 -0.276
2.4 -2.1 0.05 -0.252
2.4 -1.9 0.05 -0.228
2.4 -1.7 0.05 -0.204
2.4 -1.5 0.05 -0.18
2.4 -1.3 0.05 -0.156
2.4 -1.1 0.05 -0.132
2.4 -0.9 0.05 -0.108
2.4 -0.7 0.05 -0.084
2.4 -0.5 0.05 -0.06
2.4 -0.3 0.05 -0.036
2.4 -0.1 0.05 -0.012
2.4 0.1 0.05 0.012
2.4 0.3 0.05 0.036
2.4 0.5 0.05 0.06
2.4 0.7 0.05 0.084
2.4 0.9 0.05 0.108
2.4 1.1 0.05 0.132
2.4 1.3 0.05 0.156
2.4 1.5 0.05 0.18
2.4 1.7 0.05 0.204
2.4 1.9 0.05 0.228
2.4 2.1 0.05 0.252
2.4 2.3 0.05 0.276
2.6 -2.5 0.05 -0.325
2.6 -2.3 0.05 -0.299
2.6 -2.1 0.05 -0.273
2.6 -1.9 0.05 -0.247
2.6 -1.7 0.05 -0.221
2.6 -1.5 0.05 -0.195
2.6 -1.3 0.05 -0.169
2.6 -1.1 0.05 -0.143
2.6 -0.9 0.05 -0.117
2.6 -0.7 0.05 -0.091
2.6 -0.5 0.05 -0.065
2.6 -0.3 0.05 -0.039
2.6 -0.1 0.05 -0.013
2.6 0.1 0.05 0.013
2.6 0.3 0.05 0.039
2.6 0.5 0.05 0.065
2.6 0.7 0.05 0.091
2.6 0.9 0.05 0.117
2.6 1.1 0.05 0.143
2.6 1.3 0.05 0.169
2.6 1.5 0.05 0.195
2.6 1.7 0.05 0.221
2.6 1.9 0.05 0.247
2.6 2.1 0.05 0.273
2.6 2.3 0.05 0.299
2.8 -2.5 0.05 -0.35
2.8 -2.3 0.05 -0.322
2.8 -2.1 0.05 -0.294
2.8 -1.9 0.05 -0.266
2.8 -1.7 0.05 -0.238
2.8 -1.5 0.05 -0.21
2.8 -1.3 0.05 -0.182
2.8 -1.1 0.05 -0.154
2.8 -0.9 0.05 -0.126
2.8 -0.7 0.05 -0.098
2.8 -0.5 0.05 -0.07
2.8 -0.3 0.05 -0.042
2.8 -0.1 0.05 -0.014
2.8 0.1 0.05 0.014
2.8 0.3 0.05 0.042
2.8 0.5 0.05 0.07
2.8 0.7 0.05 0.098
2.8 0.9 0.05 0.126
2.8 1.1 0.05 0.154
2.8 1.3 0.05 0.182
2.8 1.5 0.05 0.21
2.8 1.7 0.05 0.238
2.8 1.9 0.05 0.266
2.8 2.1 0.05 0.294
2.8 2.3 0.05 0.322
3 -2.5 0.05 -0.375
3 -2.3 0.05 -0.345
3 -2.1 0.05 -0.315
3 -1.9 0.05 -0.285
3 -1.7 0.05 -0.255
3 -1.5 0.05 -0.225
3 -1.3 0.05 -0.195
3 -1.1 0.05 -0.165
3 -0.9 0.05 -0.135
3 -0.7 0.05 -0.105
3 -0.5 0.05 -0.075
3 -0.3 0.05 -0.045
3 -0.1 0.05 -0.015
3 0.1 0.05 0.015
3 0.3 0.05 0.045
3 0.5 0.05 0.075
3 0.7 0.05 0.105
3 0.9 0.05 0.135
3 1.1 0.05 0.165
3 1.3 0.05 0.195
3 1.5 0.05 0.225
3 1.7 0.05 0.255
3 1.9 0.05 0.285
3 2.1 0.05 0.315
3 2.3 0.05 0.345
3.2 -2.5 0.05 -0.4
3.2 -2.3 0.05 -0.368
3.2 -2.1 0.05 -0.336
3.2 -1.9 0.05 -0.304
3.2 -1.7 0.05 -0.272
3.2 -1.5 0.05 -0.24
3.2 -1.3 0.05 -0.208
3.2 -1.1 0.05 -0.176
3.2 -0.9 0.05 -0.144
3.2 -0.7 0.05 -0.112
3.2 -0.5 0.05 -0.08
3.2 -0.3 0.05 -0.048
3.2 -0.1 0.05 -0.016
3.2 0.1 0.05 0.016
3.2 0.3 0.05 0.048
3.2 0.5 0.05 0.08
3.2 0.7 0.05 0.112
3.2 0.9 0.05 0.144
3.2 1.1 0.05 0.176
3.2 1.3 0.05 0.208
3.2 1.5 0.05 0.24
3.2 1.7 0.05 0.272
3.2 1.9 0.05 0.304
3.2 2.1 0.05 0.336
3.2 2.3 0.05 0.368
3.4 -2.5 0.05 -0.425
3.4 -2.3 0.05 -0.391
3.4 -2.1 0.05 -0.357
3.4 -1.9 0.05 -0.323
3.4 -1.7 0.05 -0.289
3.4 -1.5 0.05 -0.255
3.4 -1.3 0.05 -0.221
3.4 -1.1 0.05 -0.187
3.4 -0.9 0.05 -0.153
3.4 -0.7 0.05 -0.119
3.4 -0.5 0.05 -0.085
3.4 -0.3 0.05 -0.051
3.4 -0.1 0.05 -0.017
3.4 0.1 0.05 0.017
3.4 0.3 0.05 0.051
3.4 0.5 0.05 0.085
3.4 0.7 0.05 0.119
3.4 0.9 0.05 0.153
3.4 1.1 0.05 0.187
3.4 1.3 0.05 0.221
3.4 1.5 0.05 0.255
3.4 1.7 0.05 0.289
3.4 1.9 0.05 0.323
3.4 2.1 0.05 0.357
3.4 2.3 0.05 0.391
3.6 -2.5 0.05 -0.45
3.6 -2.3 0.05 -0.414
3.6 -2.1 0.05 -0.378
3.6 -1.9 0.05 -0.342
3.6 -1.7 0.05 -0.306
3.6 -1.5 0.05 -0.27
3.6 -1.3 0.05 -0.234
3.6 -1.1 0.05 -0.198
3.6 -0.9 0.05 -0.162
3.6 -0.7 0.05 -0.126
3.6 -0.5 0.05 -0.09
3.6 -0.3 0.05 -0.054
3.6 -0.1 0.05 -0.018
3.6 0.1 0.05 0.018
3.6 0.3 0.05 0.054
3.6 0.5 0.05 0.09
3.6 0.7 0.05 0.126
3.6 0.9 0.05 0.162
3.6 1.1 0.05 0.198
3.6 1.3 0.05 0.234
3.6 1.5 0.05 0.27
3.6 1.7 0.05 0.306
3.6 1.9 0.05 0.342
3.6 2.1 0.05 0.378
3.6 2.3 0.05 0.414
3.8 -2.5 0.05 -0.475
3.8 -2.3 0.05 -0.437
3.8 -2.1 0.05 -0.399
3.8 -1.9 0.05 -0.361
3.8 -1.7 0.05 -0.323
3.8 -1.5 0.05 -0.285
3.8 -1.3 0.05 -0.247
3.8 -1.1 0.05 -0.209
3.8 -0.9 0.05 -0.171
3.8 -0.7 0.05 -0.133
3.8 -0.5 0.05 -0.095
3.8 -0.3 0.05 -0.057
3.8 -0.1 0.05 -0.019
3.8 0.1 0.05 0.019
3.8 0.3 0.05 0.057
3.8 0.5 0.05 0.095
3.8 0.7 0.05 0.133
3.8 0.9 0.05 0.171
3.8 1.1 0.05 0.209
3.8 1.3 0.05 0.247
3.8 1.5 0.05 0.285
3.8 1.7 0.05 0.323
3.8 1.9 0.05 0.361
3.8 2.1 0.05 0.399
3.8 2.3 0.05 0.437
4 -2.5 0.05 -0.5
4 -2.3 0.05 -0.46
4 -2.1 0.05 -0.42
4 -1.9 0.05 -0.38
4 -1.7 0.05 -0.34
4 -1.5 0.05 -0.3
4 -1.3 0.05 -0.26
4 -1.1 0.05 -0.22
4 -0.9 0.05 -0.18
4 -0.7 0.05 -0.14
4 -0.5 0.05 -0.1
4 -0.3 0.05 -0.06
4 -0.1 0.05 -0.02
4 0.1 0.05 0.02
4 0.3 0.05 0.06
4 0.5 0.05 0.1
4 0.7 0.05 0.14
4 0.9 0.05 0.18
4 1.1 0.05 0.22
4 1.3 0.05 0.26
4 1.5 0.05 0.3
4 1.7 0.05 0.34
4 1.9 0.05 0.38
4 2.1 0.05 0.42
4 2.3 0.05 0.46
4.2 -2.5 0.05 -0.525
4.2 -2.3 0.05 -0.483
4.2 -2.1 0.05 -0.441
4.2 -1.9 0.05 -0.399
4.2 -1.7 0.05 -0.357
4.2 -1.5 0.05 -0.315
4.2 -1.3 0.05 -0.273
4.2 -1.1 0.05 -0.231
4.2 -0.9 0.05 -0.189
4.2 -0.7 0.05 -0.147
4.2 -0.5 0.05 -0.105
4.2 -0.3 0.05 -0.063
4.2 -0.1 0.05 -0.021
4.2 0.1 0.05 0.021
4.2 0.3 0.05 0.063
4.2 0.5 0.05 0.105
4.2 0.7 0.05 0.147
4.2 0.9 0.05 0.189
4.2 1.1 0.05 0.231
4.2 1.3 0.05 0.273
4.2 1.5 0.05 0.315
4.2 1.7 0.05 0.357
4.2 1.9 0.05 0.399
4.2 2.1 0.05 0.441
4.2 2.3 0.05 0.483
4.4 -2.5 0.05 -0.55
4.4 -2.3 0.05 -0.506
4.4 -2.1 0.05 -0.462
4.4 -1.9 0.05 -0.418
4.4 -1.7 0.05 -0.374
4.4 -1.5 0.05 -0.33
4.4 -1.3 0.05 -0.286
4.4 -1.1 0.05 -0.242
4.4 -0.9 0.05 -0.198
4.4 -0.7 0.05 -0.154
4.4 -0.5 0.05 -0.11
4.4 -0.3 0.05 -0.066
4.4 -0.1 0.05 -0.022
4.4 0.1 0.05 0.022
4.4 0.3 0.05 0.066
4.4 0.5 0.05 0.11
4.4 0.7 0.05 0.154
4.4 0.9 0.05 0.198
4.4 1.1 0.05 0.242
4.4 1.3 0.05 0.286
4.4 1.5 0.05 0.33
4.4 1.7 0.05 0.374
4.4 1.9 0.05 0.418
4.4 2.1 0.05 0.462
4.4 2.3 0.05 0.506
4.6 -2.5 0.05 -0.575
4.6 -2.3 0.05 -0.529
4.6 -2.1 0.05 -0.483
4.6 -1.9 0.05 -0.437
4.6 -1.7 0.05 -0.391
4.6 -1.5 0.05 -0.345
4.6 -1.3 0.05 -0.299
4.6 -1.1 0.05 -0.253
4.6 -0.9 0.05 -0.207
4.6 -0.7 0.05 -0.161
4.6 -0.5 0.05 -0.115
4.6 -0.3 0.05 -0.069
4.6 -0.1 0.05 -0.023
4.6 0.1 0.05 0.023
4.6 0.3 0.05 0.069
4.6 0.5 0.05 0.115
4.6 0.7 0.05 0.161
4.6 0.9 0.05 0.207
4.6 1.1 0.05 0.253
4.6 1.3 0.05 0.299
4.6 1.5 0.05 0.345
4.6 1.7 0.05 0.391
4.6 1.9 0.05 0.437
4.6 2.1 0.05 0.483
4.6 2.3 0.05 0.529
4.8 -2.5 0.05 -0.6
4.8 -2.3 0.05 -0.552
4.8 -2.1 0.05 -0.504
4.8 -1.9 0.05 -0.456
4.8 -1.7 0.05 -0.408
4.8 -1.5 0.05 -0.36
4.8 -1.3 0.05 -0.312
4.8 -1.1 0.05 -0.264
4.8 -0.9 0.05 -0.216
4.8 -0.7 0.05 -0.168
4.8 -0.5 0.05 -0.12
4.8 -0.3 0.05 -0.072
4.8 -0.1 0.05 -0.024
4.8 0.1 0.05 0.024
4.8 0.3 0.05 0.072
4.8 0.5 0.05 0.12
4.8 0.7 0.05 0.168
4.8 0.9 0.05 0.216
4.8 1.1 0.05 0.264
4.8 1.3 0.05 0.312
4.8 1.5 0.05 0.36
4.8 1.7 0.05 0.408
4.8 1.9 0.05 0.456
4.8 2.1 0.05 0.504
4.8 2.3 0.05 0.552
