-2.5 -2.5 0.110241 -0.110241
-2.5 -2.3 0.104615 -0.113712
-2.5 -2.1 0.0984768 -0.117234
-2.5 -1.9 0.091786 -0.120771
-2.5 -1.7 0.0845089 -0.124278
-2.5 -1.5 0.076619 -0.127698
-2.5 -1.3 0.068102 -0.130965
-2.5 -1.1 0.0589607 -0.134002
-2.5 -0.9 0.0492198 -0.136722
-2.5 -0.7 0.0389305 -0.139038
-2.5 -0.5 0.0281729 -0.140865
-2.5 -0.3 0.0170555 -0.142129
-2.5 -0.1 0.00571102 -0.142776
-2.5 0.1 -0.00571102 -0.142776
-2.5 0.3 -0.0170555 -0.142129
-2.5 0.5 -0.0281729 -0.140865
-2.5 0.7 -0.0389305 -0.139038
-2.5 0.9 -0.0492198 -0.136722
-2.5 1.1 -0.0589607 -0.134002
-2.5 1.3 -0.068102 -0.130965
-2.5 1.5 -0.076619 -0.127698
-2.5 1.7 -0.0845089 -0.124278
-2.5 1.9 -0.091786 -0.120771
-2.5 2.1 -0.0984768 -0.117234
-2.5 2.3 -0.104615 -0.113712
-2.3 -2.5 0.113712 -0.104615
-2.3 -2.3 0.108167 -0.108167
-2.3 -2.1 0.102078 -0.1118
-2.3 -1.9 0.0953986 -0.115483
-2.3 -1.7 0.0880813 -0.119169
-2.3 -1.5 0.0800874 -0.122801
-2.3 -1.3 0.07139 -0.126305
-2.3 -1.1 0.0619804 -0.129595
-2.3 -0.9 0.0518759 -0.132572
-2.3 -0.7 0.0411261 -0.135129
-2.3 -0.5 0.0298176 -0.137161
-2.3 -0.3 0.0180751 -0.138576
-2.3 -0.1 0.00605662 -0.139302
-2.3 0.1 -0.00605662 -0.139302
-2.3 0.3 -0.0180751 -0.138576
-2.3 0.5 -0.0298176 -0.137161
-2.3 0.7 -0.0411261 -0.135129
-2.3 0.9 -0.0518759 -0.132572
-2.3 1.1 -0.0619804 -0.129595
-2.3 1.3 -0.07139 -0.126305
-2.3 1.5 -0.0800874 -0.122801
-2.3 1.7 -0.0880813 -0.119169
-2.3 1.9 -0.0953986 -0.115483
-2.3 2.1 -0.102078 -0.1118
-2.3 2.3 -0.108167 -0.108167
-2.1 -2.5 0.117234 -0.0984768
-2.1 -2.3 0.1118 -0.102078
-2.1 -2.1 0.105797 -0.105797
-2.1 -1.9 0.099166 -0.109604
-2.1 -1.7 0.0918459 -0.113457
-2.1 -1.5 0.0837826 -0.117296
-2.1 -1.3 0.0749319 -0.121044
-2.1 -1.1 0.0652692 -0.124605
-2.1 -0.9 0.054799 -0.127864
-2.1 -0.7 0.0435649 -0.130695
-2.1 -0.5 0.0316586 -0.132966
-2.1 -0.3 0.0192226 -0.134558
-2.1 -0.1 0.00644666 -0.13538
-2.1 0.1 -0.00644666 -0.13538
-2.1 0.3 -0.0192226 -0.134558
-2.1 0.5 -0.0316586 -0.132966
-2.1 0.7 -0.0435649 -0.130695
-2.1 0.9 -0.054799 -0.127864
-2.1 1.1 -0.0652692 -0.124605
-2.1 1.3 -0.0749319 -0.121044
-2.1 1.5 -0.0837826 -0.117296
-2.1 1.7 -0.0918459 -0.113457
-2.1 1.9 -0.099166 -0.109604
-2.1 2.1 -0.105797 -0.105797
-2.1 2.3 -0.1118 -0.102078
-1.9 -2.5 0.120771 -0.091786
-1.9 -2.3 0.115483 -0.0953986
-1.9 -2.1 0.109604 -0.099166
-1.9 -1.9 0.103065 -0.103065
-1.9 -1.7 0.0957879 -0.107057
-1.9 -1.5 0.0877002 -0.111087
-1.9 -1.3 0.078736 -0.115076
-1.9 -1.1 0.0688479 -0.118919
-1.9 -0.9 0.05802 -0.122487
-1.9 -0.7 0.0462834 -0.125626
-1.9 -0.5 0.0337304 -0.128175
-1.9 -0.3 0.0205231 -0.129979
-1.9 -0.1 0.0068903 -0.130916
-1.9 0.1 -0.0068903 -0.130916
-1.9 0.3 -0.0205231 -0.129979
-1.9 0.5 -0.0337304 -0.128175
-1.9 0.7 -0.0462834 -0.125626
-1.9 0.9 -0.05802 -0.122487
-1.9 1.1 -0.0688479 -0.118919
-1.9 1.3 -0.078736 -0.115076
-1.9 1.5 -0.0877002 -0.111087
-1.9 1.7 -0.0957879 -0.107057
-1.9 1.9 -0.103065 -0.103065
-1.9 2.1 -0.109604 -0.099166
-1.9 2.3 -0.115483 -0.0953986
-1.7 -2.5 0.124278 -0.0845089
-1.7 -2.3 0.119169 -0.0880813
-1.7 -2.1 0.113457 -0.0918459
-1.7 -1.9 0.107057 -0.0957879
-1.7 -1.7 0.0998777 -0.0998777
-1.7 -1.5 0.091823 -0.104066
-1.7 -1.3 0.0828001 -0.108277
-1.7 -1.1 0.072731 -0.112402
-1.7 -0.9 0.0615692 -0.116297
-1.7 -0.7 0.0493222 -0.119783
-1.7 -0.5 0.036075 -0.122655
-1.7 -0.3 0.0220081 -0.124713
-1.7 -0.1 0.00739935 -0.125789
-1.7 0.1 -0.00739935 -0.125789
-1.7 0.3 -0.0220081 -0.124713
-1.7 0.5 -0.036075 -0.122655
-1.7 0.7 -0.0493222 -0.119783
-1.7 0.9 -0.0615692 -0.116297
-1.7 1.1 -0.072731 -0.112402
-1.7 1.3 -0.0828001 -0.108277
-1.7 1.5 -0.091823 -0.104066
-1.7 1.7 -0.0998777 -0.0998777
-1.7 1.9 -0.107057 -0.0957879
-1.7 2.1 -0.113457 -0.0918459
-1.7 2.3 -0.119169 -0.0880813
-1.5 -2.5 0.127698 -0.076619
-1.5 -2.3 0.122801 -0.0800874
-1.5 -2.1 0.117296 -0.0837826
-1.5 -1.9 0.111087 -0.0877002
-1.5 -1.7 0.104066 -0.091823
-1.5 -1.5 0.0961132 -0.0961132
-1.5 -1.3 0.0871038 -0.100504
-1.5 -1.1 0.0769202 -0.104891
-1.5 -0.9 0.0654716 -0.109119
-1.5 -0.7 0.0527248 -0.112982
-1.5 -0.5 0.0387426 -0.116228
-1.5 -0.3 0.0237182 -0.118591
-1.5 -0.1 0.00798936 -0.11984
-1.5 0.1 -0.00798936 -0.11984
-1.5 0.3 -0.0237182 -0.118591
-1.5 0.5 -0.0387426 -0.116228
-1.5 0.7 -0.0527248 -0.112982
-1.5 0.9 -0.0654716 -0.109119
-1.5 1.1 -0.0769202 -0.104891
-1.5 1.3 -0.0871038 -0.100504
-1.5 1.5 -0.0961132 -0.0961132
-1.5 1.7 -0.104066 -0.091823
-1.5 1.9 -0.111087 -0.0877002
-1.5 2.1 -0.117296 -0.0837826
-1.5 2.3 -0.122801 -0.0800874
-1.3 -2.5 0.130965 -0.068102
-1.3 -2.3 0.126305 -0.07139
-1.3 -2.1 0.121044 -0.0749319
-1.3 -1.9 0.115076 -0.078736
-1.3 -1.7 0.108277 -0.0828001
-1.3 -1.5 0.100504 -0.0871038
-1.3 -1.3 0.0915984 -0.0915984
-1.3 -1.1 0.0813929 -0.0961916
-1.3 -0.9 0.0697367 -0.100731
-1.3 -0.7 0.0565318 -0.104988
-1.3 -0.5 0.0417914 -0.108658
-1.3 -0.3 0.0257051 -0.111389
-1.3 -0.1 0.00868116 -0.112855
-1.3 0.1 -0.00868116 -0.112855
-1.3 0.3 -0.0257051 -0.111389
-1.3 0.5 -0.0417914 -0.108658
-1.3 0.7 -0.0565318 -0.104988
-1.3 0.9 -0.0697367 -0.100731
-1.3 1.1 -0.0813929 -0.0961916
-1.3 1.3 -0.0915984 -0.0915984
-1.3 1.5 -0.100504 -0.0871038
-1.3 1.7 -0.108277 -0.0828001
-1.3 1.9 -0.115076 -0.078736
-1.3 2.1 -0.121044 -0.0749319
-1.3 2.3 -0.126305 -0.07139
-1.1 -2.5 0.134002 -0.0589607
-1.1 -2.3 0.129595 -0.0619804
-1.1 -2.1 0.124605 -0.0652692
-1.1 -1.9 0.118919 -0.0688479
-1.1 -1.7 0.112402 -0.072731
-1.1 -1.5 0.104891 -0.0769202
-1.1 -1.3 0.0961916 -0.0813929
-1.1 -1.1 0.0860843 -0.0860843
-1.1 -0.9 0.0743412 -0.0908615
-1.1 -0.7 0.0607681 -0.0954927
-1.1 -0.5 0.0452836 -0.0996239
-1.1 -0.3 0.0280351 -0.102795
-1.1 -0.1 0.00950328 -0.104536
-1.1 0.1 -0.00950328 -0.104536
-1.1 0.3 -0.0280351 -0.102795
-1.1 0.5 -0.0452836 -0.0996239
-1.1 0.7 -0.0607681 -0.0954927
-1.1 0.9 -0.0743412 -0.0908615
-1.1 1.1 -0.0860843 -0.0860843
-1.1 1.3 -0.0961916 -0.0813929
-1.1 1.5 -0.104891 -0.0769202
-1.1 1.7 -0.112402 -0.072731
-1.1 1.9 -0.118919 -0.0688479
-1.1 2.1 -0.124605 -0.0652692
-1.1 2.3 -0.129595 -0.0619804
-0.9 -2.5 0.136722 -0.0492198
-0.9 -2.3 0.132572 -0.0518759
-0.9 -2.1 0.127864 -0.054799
-0.9 -1.9 0.122487 -0.05802
-0.9 -1.7 0.116297 -0.0615692
-0.9 -1.5 0.109119 -0.0654716
-0.9 -1.3 0.100731 -0.0697367
-0.9 -1.1 0.0908615 -0.0743412
-0.9 -0.9 0.0791977 -0.0791977
-0.9 -0.7 0.0654152 -0.0841053
-0.9 -0.5 0.0492717 -0.088689
-0.9 -0.3 0.03079 -0.0923701
-0.9 -0.1 0.0104957 -0.0944615
-0.9 0.1 -0.0104957 -0.0944615
-0.9 0.3 -0.03079 -0.0923701
-0.9 0.5 -0.0492717 -0.088689
-0.9 0.7 -0.0654152 -0.0841053
-0.9 0.9 -0.0791977 -0.0791977
-0.9 1.1 -0.0908615 -0.0743412
-0.9 1.3 -0.100731 -0.0697367
-0.9 1.5 -0.109119 -0.0654716
-0.9 1.7 -0.116297 -0.0615692
-0.9 1.9 -0.122487 -0.05802
-0.9 2.1 -0.127864 -0.054799
-0.9 2.3 -0.132572 -0.0518759
-0.7 -2.5 0.139038 -0.0389305
-0.7 -2.3 0.135129 -0.0411261
-0.7 -2.1 0.130695 -0.0435649
-0.7 -1.9 0.125626 -0.0462834
-0.7 -1.7 0.119783 -0.0493222
-0.7 -1.5 0.112982 -0.0527248
-0.7 -1.3 0.104988 -0.0565318
-0.7 -1.1 0.0954927 -0.0607681
-0.7 -0.9 0.0841053 -0.0654152
-0.7 -0.7 0.0703535 -0.0703535
-0.7 -0.5 0.0537567 -0.0752594
-0.7 -0.3 0.0340604 -0.0794742
-0.7 -0.1 0.0117157 -0.0820101
-0.7 0.1 -0.0117157 -0.0820101
-0.7 0.3 -0.0340604 -0.0794742
-0.7 0.5 -0.0537567 -0.0752594
-0.7 0.7 -0.0703535 -0.0703535
-0.7 0.9 -0.0841053 -0.0654152
-0.7 1.1 -0.0954927 -0.0607681
-0.7 1.3 -0.104988 -0.0565318
-0.7 1.5 -0.112982 -0.0527248
-0.7 1.7 -0.119783 -0.0493222
-0.7 1.9 -0.125626 -0.0462834
-0.7 2.1 -0.130695 -0.0435649
-0.7 2.3 -0.135129 -0.0411261
-0.5 -2.5 0.140865 -0.0281729
-0.5 -2.3 0.137161 -0.0298176
-0.5 -2.1 0.132966 -0.0316586
-0.5 -1.9 0.128175 -0.0337304
-0.5 -1.7 0.122655 -0.036075
-0.5 -1.5 0.116228 -0.0387426
-0.5 -1.3 0.108658 -0.0417914
-0.5 -1.1 0.0996239 -0.0452836
-0.5 -0.9 0.088689 -0.0492717
-0.5 -0.7 0.0752594 -0.0537567
-0.5 -0.5 0.0585786 -0.0585786
-0.5 -0.3 0.0379004 -0.0631674
-0.5 -0.1 0.0132459 -0.0662295
-0.5 0.1 -0.0132459 -0.0662295
-0.5 0.3 -0.0379004 -0.0631674
-0.5 0.5 -0.0585786 -0.0585786
-0.5 0.7 -0.0752594 -0.0537567
-0.5 0.9 -0.088689 -0.0492717
-0.5 1.1 -0.0996239 -0.0452836
-0.5 1.3 -0.108658 -0.0417914
-0.5 1.5 -0.116228 -0.0387426
-0.5 1.7 -0.122655 -0.036075
-0.5 1.9 -0.128175 -0.0337304
-0.5 2.1 -0.132966 -0.0316586
-0.5 2.3 -0.137161 -0.0298176
-0.3 -2.5 0.142129 -0.0170555
-0.3 -2.3 0.138576 -0.0180751
-0.3 -2.1 0.134558 -0.0192226
-0.3 -1.9 0.129979 -0.0205231
-0.3 -1.7 0.124713 -0.0220081
-0.3 -1.5 0.118591 -0.0237182
-0.3 -1.3 0.111389 -0.0257051
-0.3 -1.1 0.102795 -0.0280351
-0.3 -0.9 0.0923701 -0.03079
-0.3 -0.7 0.0794742 -0.0340604
-0.3 -0.5 0.0631674 -0.0379004
-0.3 -0.3 0.042127 -0.042127
-0.3 -0.1 0.0151949 -0.0455848
-0.3 0.1 -0.0151949 -0.0455848
-0.3 0.3 -0.042127 -0.042127
-0.3 0.5 -0.0631674 -0.0379004
-0.3 0.7 -0.0794742 -0.0340604
-0.3 0.9 -0.0923701 -0.03079
-0.3 1.1 -0.102795 -0.0280351
-0.3 1.3 -0.111389 -0.0257051
-0.3 1.5 -0.118591 -0.0237182
-0.3 1.7 -0.124713 -0.0220081
-0.3 1.9 -0.129979 -0.0205231
-0.3 2.1 -0.134558 -0.0192226
-0.3 2.3 -0.138576 -0.0180751
-0.1 -2.5 0.142776 -0.00571102
-0.1 -2.3 0.139302 -0.00605662
-0.1 -2.1 0.13538 -0.00644666
-0.1 -1.9 0.130916 -0.0068903
-0.1 -1.7 0.125789 -0.00739935
-0.1 -1.5 0.11984 -0.00798936
-0.1 -1.3 0.112855 -0.00868116
-0.1 -1.1 0.104536 -0.00950328
-0.1 -0.9 0.0944615 -0.0104957
-0.1 -0.7 0.0820101 -0.0117157
-0.1 -0.5 0.0662295 -0.0132459
-0.1 -0.3 0.0455848 -0.0151949
-0.1 -0.1 0.017522 -0.017522
-0.1 0.1 -0.017522 -0.017522
-0.1 0.3 -0.0455848 -0.0151949
-0.1 0.5 -0.0662295 -0.0132459
-0.1 0.7 -0.0820101 -0.0117157
-0.1 0.9 -0.0944615 -0.0104957
-0.1 1.1 -0.104536 -0.00950328
-0.1 1.3 -0.112855 -0.00868116
-0.1 1.5 -0.11984 -0.00798936
-0.1 1.7 -0.125789 -0.00739935
-0.1 1.9 -0.130916 -0.0068903
-0.1 2.1 -0.13538 -0.00644666
-0.1 2.3 -0.139302 -0.00605662
0.1 -2.5 0.142776 0.00571102
0.1 -2.3 0.139302 0.00605662
0.1 -2.1 0.13538 0.00644666
0.1 -1.9 0.130916 0.0068903
0.1 -1.7 0.125789 0.00739935
0.1 -1.5 0.11984 0.00798936
0.1 -1.3 0.112855 0.00868116
0.1 -1.1 0.104536 0.00950328
0.1 -0.9 0.0944615 0.0104957
0.1 -0.7 0.0820101 0.0117157
0.1 -0.5 0.0662295 0.0132459
0.1 -0.3 0.0455848 0.0151949
0.1 -0.1 0.017522 0.017522
0.1 0.1 -0.017522 0.017522
0.1 0.3 -0.0455848 0.0151949
0.1 0.5 -0.0662295 0.0132459
0.1 0.7 -0.0820101 0.0117157
0.1 0.9 -0.0944615 0.0104957
0.1 1.1 -0.104536 0.00950328
0.1 1.3 -0.112855 0.00868116
0.1 1.5 -0.11984 0.00798936
0.1 1.7 -0.125789 0.00739935
0.1 1.9 -0.130916 0.0068903
0.1 2.1 -0.13538 0.00644666
0.1 2.3 -0.139302 0.00605662
0.3 -2.5 0.142129 0.0170555
0.3 -2.3 0.138576 0.0180751
0.3 -2.1 0.134558 0.0192226
0.3 -1.9 0.129979 0.0205231
0.3 -1.7 0.124713 0.0220081
0.3 -1.5 0.118591 0.0237182
0.3 -1.3 0.111389 0.0257051
0.3 -1.1 0.102795 0.0280351
0.3 -0.9 0.0923701 0.03079
0.3 -0.7 0.0794742 0.0340604
0.3 -0.5 0.0631674 0.0379004
0.3 -0.3 0.042127 0.042127
0.3 -0.1 0.0151949 0.0455848
0.3 0.1 -0.0151949 0.0455848
0.3 0.3 -0.042127 0.042127
0.3 0.5 -0.0631674 0.0379004
0.3 0.7 -0.0794742 0.0340604
0.3 0.9 -0.0923701 0.03079
0.3 1.1 -0.102795 0.0280351
0.3 1.3 -0.111389 0.0257051
0.3 1.5 -0.118591 0.0237182
0.3 1.7 -0.124713 0.0220081
0.3 1.9 -0.129979 0.0205231
0.3 2.1 -0.134558 0.0192226
0.3 2.3 -0.138576 0.0180751
0.5 -2.5 0.140865 0.0281729
0.5 -2.3 0.137161 0.0298176
0.5 -2.1 0.132966 0.0316586
0.5 -1.9 0.128175 0.0337304
0.5 -1.7 0.122655 0.036075
0.5 -1.5 0.116228 0.0387426
0.5 -1.3 0.108658 0.0417914
0.5 -1.1 0.0996239 0.0452836
0.5 -0.9 0.088689 0.0492717
0.5 -0.7 0.0752594 0.0537567
0.5 -0.5 0.0585786 0.0585786
0.5 -0.3 0.0379004 0.0631674
0.5 -0.1 0.0132459 0.0662295
0.5 0.1 -0.0132459 0.0662295
0.5 0.3 -0.0379004 0.0631674
0.5 0.5 -0.0585786 0.0585786
0.5 0.7 -0.0752594 0.0537567
0.5 0.9 -0.088689 0.0492717
0.5 1.1 -0.0996239 0.0452836
0.5 1.3 -0.108658 0.0417914
0.5 1.5 -0.116228 0.0387426
0.5 1.7 -0.122655 0.036075
0.5 1.9 -0.128175 0.0337304
0.5 2.1 -0.132966 0.0316586
0.5 2.3 -0.137161 0.0298176
0.7 -2.5 0.139038 0.0389305
0.7 -2.3 0.135129 0.0411261
0.7 -2.1 0.130695 0.0435649
0.7 -1.9 0.125626 0.0462834
0.7 -1.7 0.119783 0.0493222
0.7 -1.5 0.112982 0.0527248
0.7 -1.3 0.104988 0.0565318
0.7 -1.1 0.0954927 0.0607681
0.7 -0.9 0.0841053 0.0654152
0.7 -0.7 0.0703535 0.0703535
0.7 -0.5 0.0537567 0.0752594
0.7 -0.3 0.0340604 0.0794742
0.7 -0.1 0.0117157 0.0820101
0.7 0.1 -0.0117157 0.0820101
0.7 0.3 -0.0340604 0.0794742
0.7 0.5 -0.0537567 0.0752594
0.7 0.7 -0.0703535 0.0703535
0.7 0.9 -0.0841053 0.0654152
0.7 1.1 -0.0954927 0.0607681
0.7 1.3 -0.104988 0.0565318
0.7 1.5 -0.112982 0.0527248
0.7 1.7 -0.119783 0.0493222
0.7 1.9 -0.125626 0.0462834
0.7 2.1 -0.130695 0.0435649
0.7 2.3 -0.135129 0.0411261
0.9 -2.5 0.136722 0.0492198
0.9 -2.3 0.132572 0.0518759
0.9 -2.1 0.127864 0.054799
0.9 -1.9 0.122487 0.05802
0.9 -1.7 0.116297 0.0615692
0.9 -1.5 0.109119 0.0654716
0.9 -1.3 0.100731 0.0697367
0.9 -1.1 0.0908615 0.0743412
0.9 -0.9 0.0791977 0.0791977
0.9 -0.7 0.0654152 0.0841053
0.9 -0.5 0.0492717 0.088689
0.9 -0.3 0.03079 0.0923701
0.9 -0.1 0.0104957 0.0944615
0.9 0.1 -0.0104957 0.0944615
0.9 0.3 -0.03079 0.0923701
0.9 0.5 -0.0492717 0.088689
0.9 0.7 -0.0654152 0.0841053
0.9 0.9 -0.0791977 0.0791977
0.9 1.1 -0.0908615 0.0743412
0.9 1.3 -0.100731 0.0697367
0.9 1.5 -0.109119 0.0654716
0.9 1.7 -0.116297 0.0615692
0.9 1.9 -0.122487 0.05802
0.9 2.1 -0.127864 0.054799
0.9 2.3 -0.132572 0.0518759
1.1 -2.5 0.134002 0.0589607
1.1 -2.3 0.129595 0.0619804
1.1 -2.1 0.124605 0.0652692
1.1 -1.9 0.118919 0.0688479
1.1 -1.7 0.112402 0.072731
1.1 -1.5 0.104891 0.0769202
1.1 -1.3 0.0961916 0.0813929
1.1 -1.1 0.0860843 0.0860843
1.1 -0.9 0.0743412 0.0908615
1.1 -0.7 0.0607681 0.0954927
1.1 -0.5 0.0452836 0.0996239
1.1 -0.3 0.0280351 0.102795
1.1 -0.1 0.00950328 0.104536
1.1 0.1 -0.00950328 0.104536
1.1 0.3 -0.0280351 0.102795
1.1 0.5 -0.0452836 0.0996239
1.1 0.7 -0.0607681 0.0954927
1.1 0.9 -0.0743412 0.0908615
1.1 1.1 -0.0860843 0.0860843
1.1 1.3 -0.0961916 0.0813929
1.1 1.5 -0.104891 0.0769202
1.1 1.7 -0.112402 0.072731
1.1 1.9 -0.118919 0.0688479
1.1 2.1 -0.124605 0.0652692
1.1 2.3 -0.129595 0.0619804
1.3 -2.5 0.130965 0.068102
1.3 -2.3 0.126305 0.07139
1.3 -2.1 0.121044 0.0749319
1.3 -1.9 0.115076 0.078736
1.3 -1.7 0.108277 0.0828001
1.3 -1.5 0.100504 0.0871038
1.3 -1.3 0.0915984 0.0915984
1.3 -1.1 0.0813929 0.0961916
1.3 -0.9 0.0697367 0.100731
1.3 -0.7 0.0565318 0.104988
1.3 -0.5 0.0417914 0.108658
1.3 -0.3 0.0257051 0.111389
1.3 -0.1 0.00868116 0.112855
1.3 0.1 -0.00868116 0.112855
1.3 0.3 -0.0257051 0.111389
1.3 0.5 -0.0417914 0.108658
1.3 0.7 -0.0565318 0.104988
1.3 0.9 -0.0697367 0.100731
1.3 1.1 -0.0813929 0.0961916
1.3 1.3 -0.0915984 0.0915984
1.3 1.5 -0.100504 0.0871038
1.3 1.7 -0.108277 0.0828001
1.3 1.9 -0.115076 0.078736
1.3 2.1 -0.121044 0.0749319
1.3 2.3 -0.126305 0.07139
1.5 -2.5 0.127698 0.076619
1.5 -2.3 0.122801 0.0800874
1.5 -2.1 0.117296 0.0837826
1.5 -1.9 0.111087 0.0877002
1.5 -1.7 0.104066 0.091823
1.5 -1.5 0.0961132 0.0961132
1.5 -1.3 0.0871038 0.100504
1.5 -1.1 0.0769202 0.104891
1.5 -0.9 0.0654716 0.109119
1.5 -0.7 0.0527248 0.112982
1.5 -0.5 0.0387426 0.116228
1.5 -0.3 0.0237182 0.118591
1.5 -0.1 0.00798936 0.11984
1.5 0.1 -0.00798936 0.11984
1.5 0.3 -0.0237182 0.118591
1.5 0.5 -0.0387426 0.116228
1.5 0.7 -0.0527248 0.112982
1.5 0.9 -0.0654716 0.109119
1.5 1.1 -0.0769202 0.104891
1.5 1.3 -0.0871038 0.100504
1.5 1.5 -0.0961132 0.0961132
1.5 1.7 -0.104066 0.091823
1.5 1.9 -0.111087 0.0877002
1.5 2.1 -0.117296 0.0837826
1.5 2.3 -0.122801 0.0800874
1.7 -2.5 0.124278 0.0845089
1.7 -2.3 0.119169 0.0880813
1.7 -2.1 0.113457 0.0918459
1.7 -1.9 0.107057 0.0957879
1.7 -1.7 0.0998777 0.0998777
1.7 -1.5 0.091823 0.104066
1.7 -1.3 0.0828001 0.108277
1.7 -1.1 0.072731 0.112402
1.7 -0.9 0.0615692 0.116297
1.7 -0.7 0.0493222 0.119783
1.7 -0.5 0.036075 0.122655
1.7 -0.3 0.0220081 0.124713
1.7 -0.1 0.00739935 0.125789
1.7 0.1 -0.00739935 0.125789
1.7 0.3 -0.0220081 0.124713
1.7 0.5 -0.036075 0.122655
1.7 0.7 -0.0493222 0.119783
1.7 0.9 -0.0615692 0.116297
1.7 1.1 -0.072731 0.112402
1.7 1.3 -0.0828001 0.108277
1.7 1.5 -0.091823 0.104066
1.7 1.7 -0.0998777 0.0998777
1.7 1.9 -0.107057 0.0957879
1.7 2.1 -0.113457 0.0918459
1.7 2.3 -0.119169 0.0880813
1.9 -2.5 0.120771 0.091786
1.9 -2.3 0.115483 0.0953986
1.9 -2.1 0.109604 0.099166
1.9 -1.9 0.103065 0.103065
1.9 -1.7 0.0957879 0.107057
1.9 -1.5 0.0877002 0.111087
1.9 -1.3 0.078736 0.115076
1.9 -1.1 0.0688479 0.118919
1.9 -0.9 0.05802 0.122487
1.9 -0.7 0.0462834 0.125626
1.9 -0.5 0.0337304 0.128175
1.9 -0.3 0.0205231 0.129979
1.9 -0.1 0.0068903 0.130916
1.9 0.1 -0.0068903 0.130916
1.9 0.3 -0.0205231 0.129979
1.9 0.5 -0.0337304 0.128175
1.9 0.7 -0.0462834 0.125626
1.9 0.9 -0.05802 0.122487
1.9 1.1 -0.0688479 0.118919
1.9 1.3 -0.078736 0.115076
1.9 1.5 -0.0877002 0.111087
1.9 1.7 -0.0957879 0.107057
1.9 1.9 -0.103065 0.103065
1.9 2.1 -0.109604 0.099166
1.9 2.3 -0.115483 0.0953986
2.1 -2.5 0.117234 0.0984768
2.1 -2.3 0.1118 0.102078
2.1 -2.1 0.105797 0.105797
2.1 -1.9 0.099166 0.109604
2.1 -1.7 0.0918459 0.113457
2.1 -1.5 0.0837826 0.117296
2.1 -1.3 0.0749319 0.121044
2.1 -1.1 0.0652692 0.124605
2.1 -0.9 0.054799 0.127864
2.1 -0.7 0.0435649 0.130695
2.1 -0.5 0.0316586 0.132966
2.1 -0.3 0.0192226 0.134558
2.1 -0.1 0.00644666 0.13538
2.1 0.1 -0.00644666 0.13538
2.1 0.3 -0.0192226 0.134558
2.1 0.5 -0.0316586 0.132966
2.1 0.7 -0.0435649 0.130695
2.1 0.9 -0.054799 0.127864
2.1 1.1 -0.0652692 0.124605
2.1 1.3 -0.0749319 0.121044
2.1 1.5 -0.0837826 0.117296
2.1 1.7 -0.0918459 0.113457
2.1 1.9 -0.099166 0.109604
2.1 2.1 -0.105797 0.105797
2.1 2.3 -0.1118 0.102078
2.3 -2.5 0.113712 0.104615
2.3 -2.3 0.108167 0.108167
2.3 -2.1 0.102078 0.1118
2.3 -1.9 0.0953986 0.115483
2.3 -1.7 0.0880813 0.119169
2.3 -1.5 0.0800874 0.122801
2.3 -1.3 0.07139 0.126305
2.3 -1.1 0.0619804 0.129595
2.3 -0.9 0.0518759 0.132572
2.3 -0.7 0.0411261 0.135129
2.3 -0.5 0.0298176 0.137161
2.3 -0.3 0.0180751 0.138576
2.3 -0.1 0.00605662 0.139302
2.3 0.1 -0.00605662 0.139302
2.3 0.3 -0.0180751 0.138576
2.3 0.5 -0.0298176 0.137161
2.3 0.7 -0.0411261 0.135129
2.3 0.9 -0.0518759 0.132572
2.3 1.1 -0.0619804 0.129595
2.3 1.3 -0.07139 0.126305
2.3 1.5 -0.0800874 0.122801
2.3 1.7 -0.0880813 0.119169
2.3 1.9 -0.0953986 0.115483
2.3 2.1 -0.102078 0.1118
2.3 2.3 -0.108167 0.108167
