-5 -5 -1.5 1.5
-5 -4.8 -1.45 1.44
-5 -4.6 -1.4 1.38
-5 -4.4 -1.35 1.32
-5 -4.2 -1.3 1.26
-5 -4 -1.25 1.2
-5 -3.8 -1.2 1.14
-5 -3.6 -1.15 1.08
-5 -3.4 -1.1 1.02
-5 -3.2 -1.05 0.96
-5 -3 -1 0.9
-5 -2.8 -0.95 0.84
-5 -2.6 -0.9 0.78
-5 -2.4 -0.85 0.72
-5 -2.2 -0.8 0.66
-5 -2 -0.75 0.6
-5 -1.8 -0.7 0.54
-5 -1.6 -0.65 0.48
-5 -1.4 -0.6 0.42
-5 -1.2 -0.55 0.36
-5 -1 -0.5 0.3
-5 -0.8 -0.45 0.24
-5 -0.6 -0.4 0.18
-5 -0.4 -0.35 0.12
-5 -0.2 -0.3 0.0600001
-5 -2.68221e-07 -0.25 8.04663e-08
-5 0.2 -0.2 -0.0599999
-5 0.4 -0.15 -0.12
-5 0.6 -0.1 -0.18
-5 0.8 -0.0500001 -0.24
-5 1 -7.45058e-08 -0.3
-5 1.2 0.0499999 -0.36
-5 1.4 0.0999999 -0.42
-5 1.6 0.15 -0.48
-5 1.8 0.2 -0.54
-5 2 0.25 -0.6
-5 2.2 0.3 -0.66
-5 2.4 0.35 -0.72
-5 2.6 0.4 -0.78
-5 2.8 0.45 -0.84
-5 3 0.5 -0.9
-5 3.2 0.55 -0.96
-5 3.4 0.6 -1.02
-5 3.6 0.65 -1.08
-5 3.8 0.7 -1.14
-5 4 0.75 -1.2
-5 4.2 0.8 -1.26
-5 4.4 0.85 -1.32
-5 4.6 0.9 -1.38
-5 4.8 0.95 -1.44
-5 5 1 -1.5
-4.8 -5 -1.44 1.45
-4.8 -4.8 -1.392 1.392
-4.8 -4.6 -1.344 1.334
-4.8 -4.4 -1.296 1.276
-4.8 -4.2 -1.248 1.218
-4.8 -4 -1.2 1.16
-4.8 -3.8 -1.152 1.102
-4.8 -3.6 -1.104 1.044
-4.8 -3.4 -1.056 0.986
-4.8 -3.2 -1.008 0.928
-4.8 -3 -0.96 0.87
-4.8 -2.8 -0.912 0.812
-4.8 -2.6 -0.864 0.754
-4.8 -2.4 -0.816 0.696
-4.8 -2.2 -0.768 0.638
-4.8 -2 -0.72 0.58
-4.8 -1.8 -0.672 0.522
-4.8 -1.6 -0.624 0.464
-4.8 -1.4 -0.576 0.406
-4.8 -1.2 -0.528 0.348
-4.8 -1 -0.48 0.29
-4.8 -0.8 -0.432 0.232
-4.8 -0.6 -0.384 0.174
-4.8 -0.4 -0.336 0.116
-4.8 -0.2 -0.288 0.0580001
-4.8 -2.68221e-07 -0.24 7.77841e-08
-4.8 0.2 -0.192 -0.0579999
-4.8 0.4 -0.144 -0.116
-4.8 0.6 -0.0960001 -0.174
-4.8 0.8 -0.0480001 -0.232
-4.8 1 -7.15256e-08 -0.29
-4.8 1.2 0.0479999 -0.348
-4.8 1.4 0.0959999 -0.406
-4.8 1.6 0.144 -0.464
-4.8 1.8 0.192 -0.522
-4.8 2 0.24 -0.58
-4.8 2.2 0.288 -0.638
-4.8 2.4 0.336 -0.696
-4.8 2.6 0.384 -0.754
-4.8 2.8 0.432 -0.812
-4.8 3 0.48 -0.87
-4.8 3.2 0.528 -0.928
-4.8 3.4 0.576 -0.986
-4.8 3.6 0.624 -1.044
-4.8 3.8 0.672 -1.102
-4.8 4 0.72 -1.16
-4.8 4.2 0.768 -1.218
-4.8 4.4 0.816 -1.276
-4.8 4.6 0.864 -1.334
-4.8 4.8 0.912 -1.392
-4.8 5 0.96 -1.45
-4.6 -5 -1.38 1.4
-4.6 -4.8 -1.334 1.344
-4.6 -4.6 -1.288 1.288
-4.6 -4.4 -1.242 1.232
-4.6 -4.2 -1.196 1.176
-4.6 -4 -1.15 1.12
-4.6 -3.8 -1.104 1.064
-4.6 -3.6 -1.058 1.008
-4.6 -3.4 -1.012 0.952
-4.6 -3.2 -0.966 0.896
-4.6 -3 -0.92 0.84
-4.6 -2.8 -0.874 0.784
-4.6 -2.6 -0.828 0.728
-4.6 -2.4 -0.782 0.672
-4.6 -2.2 -0.736 0.616
-4.6 -2 -0.69 0.56
-4.6 -1.8 -0.644 0.504
-4.6 -1.6 -0.598 0.448
-4.6 -1.4 -0.552 0.392
-4.6 -1.2 -0.506 0.336
-4.6 -1 -0.46 0.28
-4.6 -0.8 -0.414 0.224
-4.6 -0.6 -0.368 0.168
-4.6 -0.4 -0.322 0.112
-4.6 -0.2 -0.276 0.0560001
-4.6 -2.68221e-07 -0.23 7.51019e-08
-4.6 0.2 -0.184 -0.0559999
-4.6 0.4 -0.138 -0.112
-4.6 0.6 -0.0920001 -0.168
-4.6 0.8 -0.0460001 -0.224
-4.6 1 -6.85453e-08 -0.28
-4.6 1.2 0.0459999 -0.336
-4.6 1.4 0.0919999 -0.392
-4.6 1.6 0.138 -0.448
-4.6 1.8 0.184 -0.504
-4.6 2 0.23 -0.56
-4.6 2.2 0.276 -0.616
-4.6 2.4 0.322 -0.672
-4.6 2.6 0.368 -0.728
-4.6 2.8 0.414 -0.784
-4.6 3 0.46 -0.84
-4.6 3.2 0.506 -0.896
-4.6 3.4 0.552 -0.952
-4.6 3.6 0.598 -1.008
-4.6 3.8 0.644 -1.064
-4.6 4 0.69 -1.12
-4.6 4.2 0.736 -1.176
-4.6 4.4 0.782 -1.232
-4.6 4.6 0.828 -1.288
-4.6 4.8 0.874 -1.344
-4.6 5 0.92 -1.4
-4.4 -5 -1.32 1.35
-4.4 -4.8 -1.276 1.296
-4.4 -4.6 -1.232 1.242
-4.4 -4.4 -1.188 1.188
-4.4 -4.2 -1.144 1.134
-4.4 -4 -1.1 1.08
-4.4 -3.8 -1.056 1.026
-4.4 -3.6 -1.012 0.972
-4.4 -3.4 -0.968 0.918
-4.4 -3.2 -0.924 0.864
-4.4 -3 -0.88 0.81
-4.4 -2.8 -0.836 0.756
-4.4 -2.6 -0.792 0.702
-4.4 -2.4 -0.748 0.648
-4.4 -2.2 -0.704 0.594
-4.4 -2 -0.66 0.54
-4.4 -1.8 -0.616 0.486
-4.4 -1.6 -0.572 0.432
-4.4 -1.4 -0.528 0.378
-4.4 -1.2 -0.484 0.324
-4.4 -1 -0.44 0.27
-4.4 -0.8 -0.396 0.216
-4.4 -0.6 -0.352 0.162
-4.4 -0.4 -0.308 0.108
-4.4 -0.2 -0.264 0.0540001
-4.4 -2.68221e-07 -0.22 7.24197e-08
-4.4 0.2 -0.176 -0.0539999
-4.4 0.4 -0.132 -0.108
-4.4 0.6 -0.0880001 -0.162
-4.4 0.8 -0.0440001 -0.216
-4.4 1 -6.55651e-08 -0.27
-4.4 1.2 0.0439999 -0.324
-4.4 1.4 0.088 -0.378
-4.4 1.6 0.132 -0.432
-4.4 1.8 0.176 -0.486
-4.4 2 0.22 -0.54
-4.4 2.2 0.264 -0.594
-4.4 2.4 0.308 -0.648
-4.4 2.6 0.352 -0.702
-4.4 2.8 0.396 -0.756
-4.4 3 0.44 -0.81
-4.4 3.2 0.484 -0.864
-4.4 3.4 0.528 -0.918
-4.4 3.6 0.572 -0.972
-4.4 3.8 0.616 -1.026
-4.4 4 0.66 -1.08
-4.4 4.2 0.704 -1.134
-4.4 4.4 0.748 -1.188
-4.4 4.6 0.792 -1.242
-4.4 4.8 0.836 -1.296
-4.4 5 0.88 -1.35
-4.2 -5 -1.26 1.3
-4.2 -4.8 -1.218 1.248
-4.2 -4.6 -1.176 1.196
-4.2 -4.4 -1.134 1.144
-4.2 -4.2 -1.092 1.092
-4.2 -4 -1.05 1.04
-4.2 -3.8 -1.008 0.988
-4.2 -3.6 -0.966 0.936
-4.2 -3.4 -0.924 0.884
-4.2 -3.2 -0.882 0.832
-4.2 -3 -0.84 0.78
-4.2 -2.8 -0.798 0.728
-4.2 -2.6 -0.756 0.676
-4.2 -2.4 -0.714 0.624
-4.2 -2.2 -0.672 0.572
-4.2 -2 -0.63 0.52
-4.2 -1.8 -0.588 0.468
-4.2 -1.6 -0.546 0.416
-4.2 -1.4 -0.504 0.364
-4.2 -1.2 -0.462 0.312
-4.2 -1 -0.42 0.26
-4.2 -0.8 -0.378 0.208
-4.2 -0.6 -0.336 0.156
-4.2 -0.4 -0.294 0.104
-4.2 -0.2 -0.252 0.0520001
-4.2 -2.68221e-07 -0.21 6.97374e-08
-4.2 0.2 -0.168 -0.0519999
-4.2 0.4 -0.126 -0.104
-4.2 0.6 -0.0840001 -0.156
-4.2 0.8 -0.0420001 -0.208
-4.2 1 -6.25849e-08 -0.26
-4.2 1.2 0.0419999 -0.312
-4.2 1.4 0.084 -0.364
-4.2 1.6 0.126 -0.416
-4.2 1.8 0.168 -0.468
-4.2 2 0.21 -0.52
-4.2 2.2 0.252 -0.572
-4.2 2.4 0.294 -0.624
-4.2 2.6 0.336 -0.676
-4.2 2.8 0.378 -0.728
-4.2 3 0.42 -0.78
-4.2 3.2 0.462 -0.832
-4.2 3.4 0.504 -0.884
-4.2 3.6 0.546 -0.936
-4.2 3.8 0.588 -0.988
-4.2 4 0.63 -1.04
-4.2 4.2 0.672 -1.092
-4.2 4.4 0.714 -1.144
-4.2 4.6 0.756 -1.196
-4.2 4.8 0.798 -1.248
-4.2 5 0.84 -1.3
-4 -5 -1.2 1.25
-4 -4.8 -1.16 1.2
-4 -4.6 -1.12 1.15
-4 -4.4 -1.08 1.1
-4 -4.2 -1.04 1.05
-4 -4 -1 1
-4 -3.8 -0.96 0.95
-4 -3.6 -0.92 0.9
-4 -3.4 -0.88 0.85
-4 -3.2 -0.84 0.8
-4 -3 -0.8 0.75
-4 -2.8 -0.76 0.7
-4 -2.6 -0.72 0.65
-4 -2.4 -0.68 0.6
-4 -2.2 -0.64 0.55
-4 -2 -0.6 0.5
-4 -1.8 -0.56 0.45
-4 -1.6 -0.52 0.4
-4 -1.4 -0.48 0.35
-4 -1.2 -0.44 0.3
-4 -1 -0.4 0.25
-4 -0.8 -0.36 0.2
-4 -0.6 -0.32 0.15
-4 -0.4 -0.28 0.1
-4 -0.2 -0.24 0.0500001
-4 -2.68221e-07 -0.2 6.70552e-08
-4 0.2 -0.16 -0.0499999
-4 0.4 -0.12 -0.1
-4 0.6 -0.0800001 -0.15
-4 0.8 -0.0400001 -0.2
-4 1 -5.96047e-08 -0.25
-4 1.2 0.0399999 -0.3
-4 1.4 0.08 -0.35
-4 1.6 0.12 -0.4
-4 1.8 0.16 -0.45
-4 2 0.2 -0.5
-4 2.2 0.24 -0.55
-4 2.4 0.28 -0.6
-4 2.6 0.32 -0.65
-4 2.8 0.36 -0.7
-4 3 0.4 -0.75
-4 3.2 0.44 -0.8
-4 3.4 0.48 -0.85
-4 3.6 0.52 -0.9
-4 3.8 0.56 -0.95
-4 4 0.6 -1
-4 4.2 0.64 -1.05
-4 4.4 0.68 -1.1
-4 4.6 0.72 -1.15
-4 4.8 0.76 -1.2
-4 5 0.8 -1.25
-3.8 -5 -1.14 1.2
-3.8 -4.8 -1.102 1.152
-3.8 -4.6 -1.064 1.104
-3.8 -4.4 -1.026 1.056
-3.8 -4.2 -0.988 1.008
-3.8 -4 -0.95 0.96
-3.8 -3.8 -0.912 0.912
-3.8 -3.6 -0.874 0.864
-3.8 -3.4 -0.836 0.816
-3.8 -3.2 -0.798 0.768
-3.8 -3 -0.76 0.72
-3.8 -2.8 -0.722 0.672
-3.8 -2.6 -0.684 0.624
-3.8 -2.4 -0.646 0.576
-3.8 -2.2 -0.608 0.528
-3.8 -2 -0.57 0.48
-3.8 -1.8 -0.532 0.432
-3.8 -1.6 -0.494 0.384
-3.8 -1.4 -0.456 0.336
-3.8 -1.2 -0.418 0.288
-3.8 -1 -0.38 0.24
-3.8 -0.8 -0.342 0.192
-3.8 -0.6 -0.304 0.144
-3.8 -0.4 -0.266 0.0960001
-3.8 -0.2 -0.228 0.0480001
-3.8 -2.68221e-07 -0.19 6.4373e-08
-3.8 0.2 -0.152 -0.0479999
-3.8 0.4 -0.114 -0.096
-3.8 0.6 -0.0760001 -0.144
-3.8 0.8 -0.0380001 -0.192
-3.8 1 -5.66244e-08 -0.24
-3.8 1.2 0.038 -0.288
-3.8 1.4 0.076 -0.336
-3.8 1.6 0.114 -0.384
-3.8 1.8 0.152 -0.432
-3.8 2 0.19 -0.48
-3.8 2.2 0.228 -0.528
-3.8 2.4 0.266 -0.576
-3.8 2.6 0.304 -0.624
-3.8 2.8 0.342 -0.672
-3.8 3 0.38 -0.72
-3.8 3.2 0.418 -0.768
-3.8 3.4 0.456 -0.816
-3.8 3.6 0.494 -0.864
-3.8 3.8 0.532 -0.912
-3.8 4 0.57 -0.96
-3.8 4.2 0.608 -1.008
-3.8 4.4 0.646 -1.056
-3.8 4.6 0.684 -1.104
-3.8 4.8 0.722 -1.152
-3.8 5 0.76 -1.2
-3.6 -5 -1.08 1.15
-3.6 -4.8 -1.044 1.104
-3.6 -4.6 -1.008 1.058
-3.6 -4.4 -0.972 1.012
-3.6 -4.2 -0.936 0.966
-3.6 -4 -0.9 0.92
-3.6 -3.8 -0.864 0.874
-3.6 -3.6 -0.828 0.828
-3.6 -3.4 -0.792 0.782
-3.6 -3.2 -0.756 0.736
-3.6 -3 -0.72 0.69
-3.6 -2.8 -0.684 0.644
-3.6 -2.6 -0.648 0.598
-3.6 -2.4 -0.612 0.552
-3.6 -2.2 -0.576 0.506
-3.6 -2 -0.54 0.46
-3.6 -1.8 -0.504 0.414
-3.6 -1.6 -0.468 0.368
-3.6 -1.4 -0.432 0.322
-3.6 -1.2 -0.396 0.276
-3.6 -1 -0.36 0.23
-3.6 -0.8 -0.324 0.184
-3.6 -0.6 -0.288 0.138
-3.6 -0.4 -0.252 0.0920001
-3.6 -0.2 -0.216 0.0460001
-3.6 -2.68221e-07 -0.18 6.16908e-08
-3.6 0.2 -0.144 -0.0459999
-3.6 0.4 -0.108 -0.092
-3.6 0.6 -0.0720001 -0.138
-3.6 0.8 -0.0360001 -0.184
-3.6 1 -5.36442e-08 -0.23
-3.6 1.2 0.036 -0.276
-3.6 1.4 0.072 -0.322
-3.6 1.6 0.108 -0.368
-3.6 1.8 0.144 -0.414
-3.6 2 0.18 -0.46
-3.6 2.2 0.216 -0.506
-3.6 2.4 0.252 -0.552
-3.6 2.6 0.288 -0.598
-3.6 2.8 0.324 -0.644
-3.6 3 0.36 -0.69
-3.6 3.2 0.396 -0.736
-3.6 3.4 0.432 -0.782
-3.6 3.6 0.468 -0.828
-3.6 3.8 0.504 -0.874
-3.6 4 0.54 -0.92
-3.6 4.2 0.576 -0.966
-3.6 4.4 0.612 -1.012
-3.6 4.6 0.648 -1.058
-3.6 4.8 0.684 -1.104
-3.6 5 0.72 -1.15
-3.4 -5 -1.02 1.1
-3.4 -4.8 -0.986 1.056
-3.4 -4.6 -0.952 1.012
-3.4 -4.4 -0.918 0.968
-3.4 -4.2 -0.884 0.924
-3.4 -4 -0.85 0.88
-3.4 -3.8 -0.816 0.836
-3.4 -3.6 -0.782 0.792
-3.4 -3.4 -0.748 0.748
-3.4 -3.2 -0.714 0.704
-3.4 -3 -0.68 0.66
-3.4 -2.8 -0.646 0.616
-3.4 -2.6 -0.612 0.572
-3.4 -2.4 -0.578 0.528
-3.4 -2.2 -0.544 0.484
-3.4 -2 -0.51 0.44
-3.4 -1.8 -0.476 0.396
-3.4 -1.6 -0.442 0.352
-3.4 -1.4 -0.408 0.308
-3.4 -1.2 -0.374 0.264
-3.4 -1 -0.34 0.22
-3.4 -0.8 -0.306 0.176
-3.4 -0.6 -0.272 0.132
-3.4 -0.4 -0.238 0.0880001
-3.4 -0.2 -0.204 0.0440001
-3.4 -2.68221e-07 -0.17 5.90086e-08
-3.4 0.2 -0.136 -0.0439999
-3.4 0.4 -0.102 -0.088
-3.4 0.6 -0.0680001 -0.132
-3.4 0.8 -0.0340001 -0.176
-3.4 1 -5.0664e-08 -0.22
-3.4 1.2 0.034 -0.264
-3.4 1.4 0.068 -0.308
-3.4 1.6 0.102 -0.352
-3.4 1.8 0.136 -0.396
-3.4 2 0.17 -0.44
-3.4 2.2 0.204 -0.484
-3.4 2.4 0.238 -0.528
-3.4 2.6 0.272 -0.572
-3.4 2.8 0.306 -0.616
-3.4 3 0.34 -0.66
-3.4 3.2 0.374 -0.704
-3.4 3.4 0.408 -0.748
-3.4 3.6 0.442 -0.792
-3.4 3.8 0.476 -0.836
-3.4 4 0.51 -0.88
-3.4 4.2 0.544 -0.924
-3.4 4.4 0.578 -0.968
-3.4 4.6 0.612 -1.012
-3.4 4.8 0.646 -1.056
-3.4 5 0.68 -1.1
-3.2 -5 -0.96 1.05
-3.2 -4.8 -0.928 1.008
-3.2 -4.6 -0.896 0.966
-3.2 -4.4 -0.864 0.924
-3.2 -4.2 -0.832 0.882
-3.2 -4 -0.8 0.84
-3.2 -3.8 -0.768 0.798
-3.2 -3.6 -0.736 0.756
-3.2 -3.4 -0.704 0.714
-3.2 -3.2 -0.672 0.672
-3.2 -3 -0.64 0.63
-3.2 -2.8 -0.608 0.588
-3.2 -2.6 -0.576 0.546
-3.2 -2.4 -0.544 0.504
-3.2 -2.2 -0.512 0.462
-3.2 -2 -0.48 0.42
-3.2 -1.8 -0.448 0.378
-3.2 -1.6 -0.416 0.336
-3.2 -1.4 -0.384 0.294
-3.2 -1.2 -0.352 0.252
-3.2 -1 -0.32 0.21
-3.2 -0.8 -0.288 0.168
-3.2 -0.6 -0.256 0.126
-3.2 -0.4 -0.224 0.0840001
-3.2 -0.2 -0.192 0.0420001
-3.2 -2.68221e-07 -0.16 5.63264e-08
-3.2 0.2 -0.128 -0.042
-3.2 0.4 -0.0960001 -0.084
-3.2 0.6 -0.0640001 -0.126
-3.2 0.8 -0.0320001 -0.168
-3.2 1 -4.76837e-08 -0.21
-3.2 1.2 0.032 -0.252
-3.2 1.4 0.064 -0.294
-3.2 1.6 0.096 -0.336
-3.2 1.8 0.128 -0.378
-3.2 2 0.16 -0.42
-3.2 2.2 0.192 -0.462
-3.2 2.4 0.224 -0.504
-3.2 2.6 0.256 -0.546
-3.2 2.8 0.288 -0.588
-3.2 3 0.32 -0.63
-3.2 3.2 0.352 -0.672
-3.2 3.4 0.384 -0.714
-3.2 3.6 0.416 -0.756
-3.2 3.8 0.448 -0.798
-3.2 4 0.48 -0.84
-3.2 4.2 0.512 -0.882
-3.2 4.4 0.544 -0.924
-3.2 4.6 0.576 -0.966
-3.2 4.8 0.608 -1.008
-3.2 5 0.64 -1.05
-3 -5 -0.9 1
-3 -4.8 -0.87 0.96
-3 -4.6 -0.84 0.92
-3 -4.4 -0.81 0.88
-3 -4.2 -0.78 0.84
-3 -4 -0.75 0.8
-3 -3.8 -0.72 0.76
-3 -3.6 -0.69 0.72
-3 -3.4 -0.66 0.68
-3 -3.2 -0.63 0.64
-3 -3 -0.6 0.6
-3 -2.8 -0.57 0.56
-3 -2.6 -0.54 0.52
-3 -2.4 -0.51 0.48
-3 -2.2 -0.48 0.44
-3 -2 -0.45 0.4
-3 -1.8 -0.42 0.36
-3 -1.6 -0.39 0.32
-3 -1.4 -0.36 0.28
-3 -1.2 -0.33 0.24
-3 -1 -0.3 0.2
-3 -0.8 -0.27 0.16
-3 -0.6 -0.24 0.12
-3 -0.4 -0.21 0.0800001
-3 -0.2 -0.18 0.0400001
-3 -2.68221e-07 -0.15 5.36442e-08
-3 0.2 -0.12 -0.04
-3 0.4 -0.0900001 -0.08
-3 0.6 -0.0600001 -0.12
-3 0.8 -0.03 -0.16
-3 1 -4.47035e-08 -0.2
-3 1.2 0.03 -0.24
-3 1.4 0.06 -0.28
-3 1.6 0.09 -0.32
-3 1.8 0.12 -0.36
-3 2 0.15 -0.4
-3 2.2 0.18 -0.44
-3 2.4 0.21 -0.48
-3 2.6 0.24 -0.52
-3 2.8 0.27 -0.56
-3 3 0.3 -0.6
-3 3.2 0.33 -0.64
-3 3.4 0.36 -0.68
-3 3.6 0.39 -0.72
-3 3.8 0.42 -0.76
-3 4 0.45 -0.8
-3 4.2 0.48 -0.84
-3 4.4 0.51 -0.88
-3 4.6 0.54 -0.92
-3 4.8 0.57 -0.96
-3 5 0.6 -1
-2.8 -5 -0.84 0.95
-2.8 -4.8 -0.812 0.912
-2.8 -4.6 -0.784 0.874
-2.8 -4.4 -0.756 0.836
-2.8 -4.2 -0.728 0.798
-2.8 -4 -0.7 0.76
-2.8 -3.8 -0.672 0.722
-2.8 -3.6 -0.644 0.684
-2.8 -3.4 -0.616 0.646
-2.8 -3.2 -0.588 0.608
-2.8 -3 -0.56 0.57
-2.8 -2.8 -0.532 0.532
-2.8 -2.6 -0.504 0.494
-2.8 -2.4 -0.476 0.456
-2.8 -2.2 -0.448 0.418
-2.8 -2 -0.42 0.38
-2.8 -1.8 -0.392 0.342
-2.8 -1.6 -0.364 0.304
-2.8 -1.4 -0.336 0.266
-2.8 -1.2 -0.308 0.228
-2.8 -1 -0.28 0.19
-2.8 -0.8 -0.252 0.152
-2.8 -0.6 -0.224 0.114
-2.8 -0.4 -0.196 0.0760001
-2.8 -0.2 -0.168 0.0380001
-2.8 -2.68221e-07 -0.14 5.0962e-08
-2.8 0.2 -0.112 -0.038
-2.8 0.4 -0.0840001 -0.076
-2.8 0.6 -0.0560001 -0.114
-2.8 0.8 -0.028 -0.152
-2.8 1 -4.17233e-08 -0.19
-2.8 1.2 0.028 -0.228
-2.8 1.4 0.056 -0.266
-2.8 1.6 0.084 -0.304
-2.8 1.8 0.112 -0.342
-2.8 2 0.14 -0.38
-2.8 2.2 0.168 -0.418
-2.8 2.4 0.196 -0.456
-2.8 2.6 0.224 -0.494
-2.8 2.8 0.252 -0.532
-2.8 3 0.28 -0.57
-2.8 3.2 0.308 -0.608
-2.8 3.4 0.336 -0.646
-2.8 3.6 0.364 -0.684
-2.8 3.8 0.392 -0.722
-2.8 4 0.42 -0.76
-2.8 4.2 0.448 -0.798
-2.8 4.4 0.476 -0.836
-2.8 4.6 0.504 -0.874
-2.8 4.8 0.532 -0.912
-2.8 5 0.56 -0.95
-2.6 -5 -0.78 0.9
-2.6 -4.8 -0.754 0.864
-2.6 -4.6 -0.728 0.828
-2.6 -4.4 -0.702 0.792
-2.6 -4.2 -0.676 0.756
-2.6 -4 -0.65 0.72
-2.6 -3.8 -0.624 0.684
-2.6 -3.6 -0.598 0.648
-2.6 -3.4 -0.572 0.612
-2.6 -3.2 -0.546 0.576
-2.6 -3 -0.52 0.54
-2.6 -2.8 -0.494 0.504
-2.6 -2.6 -0.468 0.468
-2.6 -2.4 -0.442 0.432
-2.6 -2.2 -0.416 0.396
-2.6 -2 -0.39 0.36
-2.6 -1.8 -0.364 0.324
-2.6 -1.6 -0.338 0.288
-2.6 -1.4 -0.312 0.252
-2.6 -1.2 -0.286 0.216
-2.6 -1 -0.26 0.18
-2.6 -0.8 -0.234 0.144
-2.6 -0.6 -0.208 0.108
-2.6 -0.4 -0.182 0.0720001
-2.6 -0.2 -0.156 0.0360001
-2.6 -2.68221e-07 -0.13 4.82798e-08
-2.6 0.2 -0.104 -0.036
-2.6 0.4 -0.0780001 -0.072
-2.6 0.6 -0.052 -0.108
-2.6 0.8 -0.026 -0.144
-2.6 1 -3.8743e-08 -0.18
-2.6 1.2 0.026 -0.216
-2.6 1.4 0.052 -0.252
-2.6 1.6 0.078 -0.288
-2.6 1.8 0.104 -0.324
-2.6 2 0.13 -0.36
-2.6 2.2 0.156 -0.396
-2.6 2.4 0.182 -0.432
-2.6 2.6 0.208 -0.468
-2.6 2.8 0.234 -0.504
-2.6 3 0.26 -0.54
-2.6 3.2 0.286 -0.576
-2.6 3.4 0.312 -0.612
-2.6 3.6 0.338 -0.648
-2.6 3.8 0.364 -0.684
-2.6 4 0.39 -0.72
-2.6 4.2 0.416 -0.756
-2.6 4.4 0.442 -0.792
-2.6 4.6 0.468 -0.828
-2.6 4.8 0.494 -0.864
-2.6 5 0.52 -0.9
-2.4 -5 -0.72 0.85
-2.4 -4.8 -0.696 0.816
-2.4 -4.6 -0.672 0.782
-2.4 -4.4 -0.648 0.748
-2.4 -4.2 -0.624 0.714
-2.4 -4 -0.6 0.68
-2.4 -3.8 -0.576 0.646
-2.4 -3.6 -0.552 0.612
-2.4 -3.4 -0.528 0.578
-2.4 -3.2 -0.504 0.544
-2.4 -3 -0.48 0.51
-2.4 -2.8 -0.456 0.476
-2.4 -2.6 -0.432 0.442
-2.4 -2.4 -0.408 0.408
-2.4 -2.2 -0.384 0.374
-2.4 -2 -0.36 0.34
-2.4 -1.8 -0.336 0.306
-2.4 -1.6 -0.312 0.272
-2.4 -1.4 -0.288 0.238
-2.4 -1.2 -0.264 0.204
-2.4 -1 -0.24 0.17
-2.4 -0.8 -0.216 0.136
-2.4 -0.6 -0.192 0.102
-2.4 -0.4 -0.168 0.0680001
-2.4 -0.2 -0.144 0.0340001
-2.4 -2.68221e-07 -0.12 4.55976e-08
-2.4 0.2 -0.0960001 -0.034
-2.4 0.4 -0.072 -0.068
-2.4 0.6 -0.048 -0.102
-2.4 0.8 -0.024 -0.136
-2.4 1 -3.57628e-08 -0.17
-2.4 1.2 0.024 -0.204
-2.4 1.4 0.048 -0.238
-2.4 1.6 0.072 -0.272
-2.4 1.8 0.096 -0.306
-2.4 2 0.12 -0.34
-2.4 2.2 0.144 -0.374
-2.4 2.4 0.168 -0.408
-2.4 2.6 0.192 -0.442
-2.4 2.8 0.216 -0.476
-2.4 3 0.24 -0.51
-2.4 3.2 0.264 -0.544
-2.4 3.4 0.288 -0.578
-2.4 3.6 0.312 -0.612
-2.4 3.8 0.336 -0.646
-2.4 4 0.36 -0.68
-2.4 4.2 0.384 -0.714
-2.4 4.4 0.408 -0.748
-2.4 4.6 0.432 -0.782
-2.4 4.8 0.456 -0.816
-2.4 5 0.48 -0.85
-2.2 -5 -0.66 0.8
-2.2 -4.8 -0.638 0.768
-2.2 -4.6 -0.616 0.736
-2.2 -4.4 -0.594 0.704
-2.2 -4.2 -0.572 0.672
-2.2 -4 -0.55 0.64
-2.2 -3.8 -0.528 0.608
-2.2 -3.6 -0.506 0.576
-2.2 -3.4 -0.484 0.544
-2.2 -3.2 -0.462 0.512
-2.2 -3 -0.44 0.48
-2.2 -2.8 -0.418 0.448
-2.2 -2.6 -0.396 0.416
-2.2 -2.4 -0.374 0.384
-2.2 -2.2 -0.352 0.352
-2.2 -2 -0.33 0.32
-2.2 -1.8 -0.308 0.288
-2.2 -1.6 -0.286 0.256
-2.2 -1.4 -0.264 0.224
-2.2 -1.2 -0.242 0.192
-2.2 -1 -0.22 0.16
-2.2 -0.8 -0.198 0.128
-2.2 -0.6 -0.176 0.0960001
-2.2 -0.4 -0.154 0.0640001
-2.2 -0.2 -0.132 0.032
-2.2 -2.68221e-07 -0.11 4.29154e-08
-2.2 0.2 -0.0880001 -0.032
-2.2 0.4 -0.066 -0.064
-2.2 0.6 -0.044 -0.096
-2.2 0.8 -0.022 -0.128
-2.2 1 -3.27826e-08 -0.16
-2.2 1.2 0.022 -0.192
-2.2 1.4 0.044 -0.224
-2.2 1.6 0.066 -0.256
-2.2 1.8 0.088 -0.288
-2.2 2 0.11 -0.32
-2.2 2.2 0.132 -0.352
-2.2 2.4 0.154 -0.384
-2.2 2.6 0.176 -0.416
-2.2 2.8 0.198 -0.448
-2.2 3 0.22 -0.48
-2.2 3.2 0.242 -0.512
-2.2 3.4 0.264 -0.544
-2.2 3.6 0.286 -0.576
-2.2 3.8 0.308 -0.608
-2.2 4 0.33 -0.64
-2.2 4.2 0.352 -0.672
-2.2 4.4 0.374 -0.704
-2.2 4.6 0.396 -0.736
-2.2 4.8 0.418 -0.768
-2.2 5 0.44 -0.8
-2 -5 -0.6 0.75
-2 -4.8 -0.58 0.72
-2 -4.6 -0.56 0.69
-2 -4.4 -0.54 0.66
-2 -4.2 -0.52 0.63
-2 -4 -0.5 0.6
-2 -3.8 -0.48 0.57
-2 -3.6 -0.46 0.54
-2 -3.4 -0.44 0.51
-2 -3.2 -0.42 0.48
-2 -3 -0.4 0.45
-2 -2.8 -0.38 0.42
-2 -2.6 -0.36 0.39
-2 -2.4 -0.34 0.36
-2 -2.2 -0.32 0.33
-2 -2 -0.3 0.3
-2 -1.8 -0.28 0.27
-2 -1.6 -0.26 0.24
-2 -1.4 -0.24 0.21
-2 -1.2 -0.22 0.18
-2 -1 -0.2 0.15
-2 -0.8 -0.18 0.12
-2 -0.6 -0.16 0.0900001
-2 -0.4 -0.14 0.0600001
-2 -0.2 -0.12 0.03
-2 -2.68221e-07 -0.1 4.02331e-08
-2 0.2 -0.08 -0.03
-2 0.4 -0.06 -0.06
-2 0.6 -0.04 -0.09
-2 0.8 -0.02 -0.12
-2 1 -2.98023e-08 -0.15
-2 1.2 0.02 -0.18
-2 1.4 0.04 -0.21
-2 1.6 0.06 -0.24
-2 1.8 0.08 -0.27
-2 2 0.1 -0.3
-2 2.2 0.12 -0.33
-2 2.4 0.14 -0.36
-2 2.6 0.16 -0.39
-2 2.8 0.18 -0.42
-2 3 0.2 -0.45
-2 3.2 0.22 -0.48
-2 3.4 0.24 -0.51
-2 3.6 0.26 -0.54
-2 3.8 0.28 -0.57
-2 4 0.3 -0.6
-2 4.2 0.32 -0.63
-2 4.4 0.34 -0.66
-2 4.6 0.36 -0.69
-2 4.8 0.38 -0.72
-2 5 0.4 -0.75
-1.8 -5 -0.54 0.7
-1.8 -4.8 -0.522 0.672
-1.8 -4.6 -0.504 0.644
-1.8 -4.4 -0.486 0.616
-1.8 -4.2 -0.468 0.588
-1.8 -4 -0.45 0.56
-1.8 -3.8 -0.432 0.532
-1.8 -3.6 -0.414 0.504
-1.8 -3.4 -0.396 0.476
-1.8 -3.2 -0.378 0.448
-1.8 -3 -0.36 0.42
-1.8 -2.8 -0.342 0.392
-1.8 -2.6 -0.324 0.364
-1.8 -2.4 -0.306 0.336
-1.8 -2.2 -0.288 0.308
-1.8 -2 -0.27 0.28
-1.8 -1.8 -0.252 0.252
-1.8 -1.6 -0.234 0.224
-1.8 -1.4 -0.216 0.196
-1.8 -1.2 -0.198 0.168
-1.8 -1 -0.18 0.14
-1.8 -0.8 -0.162 0.112
-1.8 -0.6 -0.144 0.0840001
-1.8 -0.4 -0.126 0.0560001
-1.8 -0.2 -0.108 0.028
-1.8 -2.68221e-07 -0.09 3.75509e-08
-1.8 0.2 -0.072 -0.028
-1.8 0.4 -0.054 -0.056
-1.8 0.6 -0.036 -0.084
-1.8 0.8 -0.018 -0.112
-1.8 1 -2.68221e-08 -0.14
-1.8 1.2 0.018 -0.168
-1.8 1.4 0.036 -0.196
-1.8 1.6 0.054 -0.224
-1.8 1.8 0.072 -0.252
-1.8 2 0.09 -0.28
-1.8 2.2 0.108 -0.308
-1.8 2.4 0.126 -0.336
-1.8 2.6 0.144 -0.364
-1.8 2.8 0.162 -0.392
-1.8 3 0.18 -0.42
-1.8 3.2 0.198 -0.448
-1.8 3.4 0.216 -0.476
-1.8 3.6 0.234 -0.504
-1.8 3.8 0.252 -0.532
-1.8 4 0.27 -0.56
-1.8 4.2 0.288 -0.588
-1.8 4.4 0.306 -0.616
-1.8 4.6 0.324 -0.644
-1.8 4.8 0.342 -0.672
-1.8 5 0.36 -0.7
-1.6 -5 -0.48 0.65
-1.6 -4.8 -0.464 0.624
-1.6 -4.6 -0.448 0.598
-1.6 -4.4 -0.432 0.572
-1.6 -4.2 -0.416 0.546
-1.6 -4 -0.4 0.52
-1.6 -3.8 -0.384 0.494
-1.6 -3.6 -0.368 0.468
-1.6 -3.4 -0.352 0.442
-1.6 -3.2 -0.336 0.416
-1.6 -3 -0.32 0.39
-1.6 -2.8 -0.304 0.364
-1.6 -2.6 -0.288 0.338
-1.6 -2.4 -0.272 0.312
-1.6 -2.2 -0.256 0.286
-1.6 -2 -0.24 0.26
-1.6 -1.8 -0.224 0.234
-1.6 -1.6 -0.208 0.208
-1.6 -1.4 -0.192 0.182
-1.6 -1.2 -0.176 0.156
-1.6 -1 -0.16 0.13
-1.6 -0.8 -0.144 0.104
-1.6 -0.6 -0.128 0.078
-1.6 -0.4 -0.112 0.052
-1.6 -0.2 -0.096 0.026
-1.6 -2.68221e-07 -0.08 3.48687e-08
-1.6 0.2 -0.064 -0.026
-1.6 0.4 -0.048 -0.052
-1.6 0.6 -0.032 -0.078
-1.6 0.8 -0.016 -0.104
-1.6 1 -2.38419e-08 -0.13
-1.6 1.2 0.016 -0.156
-1.6 1.4 0.032 -0.182
-1.6 1.6 0.048 -0.208
-1.6 1.8 0.064 -0.234
-1.6 2 0.08 -0.26
-1.6 2.2 0.096 -0.286
-1.6 2.4 0.112 -0.312
-1.6 2.6 0.128 -0.338
-1.6 2.8 0.144 -0.364
-1.6 3 0.16 -0.39
-1.6 3.2 0.176 -0.416
-1.6 3.4 0.192 -0.442
-1.6 3.6 0.208 -0.468
-1.6 3.8 0.224 -0.494
-1.6 4 0.24 -0.52
-1.6 4.2 0.256 -0.546
-1.6 4.4 0.272 -0.572
-1.6 4.6 0.288 -0.598
-1.6 4.8 0.304 -0.624
-1.6 5 0.32 -0.65
-1.4 -5 -0.42 0.6
-1.4 -4.8 -0.406 0.576
-1.4 -4.6 -0.392 0.552
-1.4 -4.4 -0.378 0.528
-1.4 -4.2 -0.364 0.504
-1.4 -4 -0.35 0.48
-1.4 -3.8 -0.336 0.456
-1.4 -3.6 -0.322 0.432
-1.4 -3.4 -0.308 0.408
-1.4 -3.2 -0.294 0.384
-1.4 -3 -0.28 0.36
-1.4 -2.8 -0.266 0.336
-1.4 -2.6 -0.252 0.312
-1.4 -2.4 -0.238 0.288
-1.4 -2.2 -0.224 0.264
-1.4 -2 -0.21 0.24
-1.4 -1.8 -0.196 0.216
-1.4 -1.6 -0.182 0.192
-1.4 -1.4 -0.168 0.168
-1.4 -1.2 -0.154 0.144
-1.4 -1 -0.14 0.12
-1.4 -0.8 -0.126 0.096
-1.4 -0.6 -0.112 0.072
-1.4 -0.4 -0.098 0.048
-1.4 -0.2 -0.084 0.024
-1.4 -2.68221e-07 -0.07 3.21865e-08
-1.4 0.2 -0.056 -0.024
-1.4 0.4 -0.042 -0.048
-1.4 0.6 -0.028 -0.072
-1.4 0.8 -0.014 -0.096
-1.4 1 -2.08616e-08 -0.12
-1.4 1.2 0.014 -0.144
-1.4 1.4 0.028 -0.168
-1.4 1.6 0.042 -0.192
-1.4 1.8 0.056 -0.216
-1.4 2 0.07 -0.24
-1.4 2.2 0.084 -0.264
-1.4 2.4 0.098 -0.288
-1.4 2.6 0.112 -0.312
-1.4 2.8 0.126 -0.336
-1.4 3 0.14 -0.36
-1.4 3.2 0.154 -0.384
-1.4 3.4 0.168 -0.408
-1.4 3.6 0.182 -0.432
-1.4 3.8 0.196 -0.456
-1.4 4 0.21 -0.48
-1.4 4.2 0.224 -0.504
-1.4 4.4 0.238 -0.528
-1.4 4.6 0.252 -0.552
-1.4 4.8 0.266 -0.576
-1.4 5 0.28 -0.6
-1.2 -5 -0.36 0.55
-1.2 -4.8 -0.348 0.528
-1.2 -4.6 -0.336 0.506
-1.2 -4.4 -0.324 0.484
-1.2 -4.2 -0.312 0.462
-1.2 -4 -0.3 0.44
-1.2 -3.8 -0.288 0.418
-1.2 -3.6 -0.276 0.396
-1.2 -3.4 -0.264 0.374
-1.2 -3.2 -0.252 0.352
-1.2 -3 -0.24 0.33
-1.2 -2.8 -0.228 0.308
-1.2 -2.6 -0.216 0.286
-1.2 -2.4 -0.204 0.264
-1.2 -2.2 -0.192 0.242
-1.2 -2 -0.18 0.22
-1.2 -1.8 -0.168 0.198
-1.2 -1.6 -0.156 0.176
-1.2 -1.4 -0.144 0.154
-1.2 -1.2 -0.132 0.132
-1.2 -1 -0.12 0.11
-1.2 -0.8 -0.108 0.088
-1.2 -0.6 -0.096 0.066
-1.2 -0.4 -0.084 0.044
-1.2 -0.2 -0.072 0.022
-1.2 -2.68221e-07 -0.06 2.95043e-08
-1.2 0.2 -0.048 -0.022
-1.2 0.4 -0.036 -0.044
-1.2 0.6 -0.024 -0.066
-1.2 0.8 -0.012 -0.088
-1.2 1 -1.78814e-08 -0.11
-1.2 1.2 0.012 -0.132
-1.2 1.4 0.024 -0.154
-1.2 1.6 0.036 -0.176
-1.2 1.8 0.048 -0.198
-1.2 2 0.06 -0.22
-1.2 2.2 0.072 -0.242
-1.2 2.4 0.084 -0.264
-1.2 2.6 0.096 -0.286
-1.2 2.8 0.108 -0.308
-1.2 3 0.12 -0.33
-1.2 3.2 0.132 -0.352
-1.2 3.4 0.144 -0.374
-1.2 3.6 0.156 -0.396
-1.2 3.8 0.168 -0.418
-1.2 4 0.18 -0.44
-1.2 4.2 0.192 -0.462
-1.2 4.4 0.204 -0.484
-1.2 4.6 0.216 -0.506
-1.2 4.8 0.228 -0.528
-1.2 5 0.24 -0.55
-1 -5 -0.3 0.5
-1 -4.8 -0.29 0.48
-1 -4.6 -0.28 0.46
-1 -4.4 -0.27 0.44
-1 -4.2 -0.26 0.42
-1 -4 -0.25 0.4
-1 -3.8 -0.24 0.38
-1 -3.6 -0.23 0.36
-1 -3.4 -0.22 0.34
-1 -3.2 -0.21 0.32
-1 -3 -0.2 0.3
-1 -2.8 -0.19 0.28
-1 -2.6 -0.18 0.26
-1 -2.4 -0.17 0.24
-1 -2.2 -0.16 0.22
-1 -2 -0.15 0.2
-1 -1.8 -0.14 0.18
-1 -1.6 -0.13 0.16
-1 -1.4 -0.12 0.14
-1 -1.2 -0.11 0.12
-1 -1 -0.1 0.1
-1 -0.8 -0.09 0.08
-1 -0.6 -0.08 0.06
-1 -0.4 -0.07 0.04
-1 -0.2 -0.06 0.02
-1 -2.68221e-07 -0.05 2.68221e-08
-1 0.2 -0.04 -0.02
-1 0.4 -0.03 -0.04
-1 0.6 -0.02 -0.06
-1 0.8 -0.01 -0.08
-1 1 -1.49012e-08 -0.1
-1 1.2 0.00999999 -0.12
-1 1.4 0.02 -0.14
-1 1.6 0.03 -0.16
-1 1.8 0.04 -0.18
-1 2 0.05 -0.2
-1 2.2 0.06 -0.22
-1 2.4 0.07 -0.24
-1 2.6 0.08 -0.26
-1 2.8 0.09 -0.28
-1 3 0.1 -0.3
-1 3.2 0.11 -0.32
-1 3.4 0.12 -0.34
-1 3.6 0.13 -0.36
-1 3.8 0.14 -0.38
-1 4 0.15 -0.4
-1 4.2 0.16 -0.42
-1 4.4 0.17 -0.44
-1 4.6 0.18 -0.46
-1 4.8 0.19 -0.48
-1 5 0.2 -0.5
-0.8 -5 -0.24 0.45
-0.8 -4.8 -0.232 0.432
-0.8 -4.6 -0.224 0.414
-0.8 -4.4 -0.216 0.396
-0.8 -4.2 -0.208 0.378
-0.8 -4 -0.2 0.36
-0.8 -3.8 -0.192 0.342
-0.8 -3.6 -0.184 0.324
-0.8 -3.4 -0.176 0.306
-0.8 -3.2 -0.168 0.288
-0.8 -3 -0.16 0.27
-0.8 -2.8 -0.152 0.252
-0.8 -2.6 -0.144 0.234
-0.8 -2.4 -0.136 0.216
-0.8 -2.2 -0.128 0.198
-0.8 -2 -0.12 0.18
-0.8 -1.8 -0.112 0.162
-0.8 -1.6 -0.104 0.144
-0.8 -1.4 -0.096 0.126
-0.8 -1.2 -0.088 0.108
-0.8 -1 -0.08 0.09
-0.8 -0.8 -0.072 0.072
-0.8 -0.6 -0.064 0.054
-0.8 -0.4 -0.056 0.036
-0.8 -0.2 -0.048 0.018
-0.8 -2.68221e-07 -0.04 2.41399e-08
-0.8 0.2 -0.032 -0.018
-0.8 0.4 -0.024 -0.036
-0.8 0.6 -0.016 -0.054
-0.8 0.8 -0.00800001 -0.072
-0.8 1 -1.19209e-08 -0.09
-0.8 1.2 0.00799999 -0.108
-0.8 1.4 0.016 -0.126
-0.8 1.6 0.024 -0.144
-0.8 1.8 0.032 -0.162
-0.8 2 0.04 -0.18
-0.8 2.2 0.048 -0.198
-0.8 2.4 0.056 -0.216
-0.8 2.6 0.064 -0.234
-0.8 2.8 0.072 -0.252
-0.8 3 0.08 -0.27
-0.8 3.2 0.088 -0.288
-0.8 3.4 0.096 -0.306
-0.8 3.6 0.104 -0.324
-0.8 3.8 0.112 -0.342
-0.8 4 0.12 -0.36
-0.8 4.2 0.128 -0.378
-0.8 4.4 0.136 -0.396
-0.8 4.6 0.144 -0.414
-0.8 4.8 0.152 -0.432
-0.8 5 0.16 -0.45
-0.6 -5 -0.18 0.4
-0.6 -4.8 -0.174 0.384
-0.6 -4.6 -0.168 0.368
-0.6 -4.4 -0.162 0.352
-0.6 -4.2 -0.156 0.336
-0.6 -4 -0.15 0.32
-0.6 -3.8 -0.144 0.304
-0.6 -3.6 -0.138 0.288
-0.6 -3.4 -0.132 0.272
-0.6 -3.2 -0.126 0.256
-0.6 -3 -0.12 0.24
-0.6 -2.8 -0.114 0.224
-0.6 -2.6 -0.108 0.208
-0.6 -2.4 -0.102 0.192
-0.6 -2.2 -0.0960001 0.176
-0.6 -2 -0.0900001 0.16
-0.6 -1.8 -0.0840001 0.144
-0.6 -1.6 -0.078 0.128
-0.6 -1.4 -0.072 0.112
-0.6 -1.2 -0.066 0.096
-0.6 -1 -0.06 0.08
-0.6 -0.8 -0.054 0.064
-0.6 -0.6 -0.048 0.048
-0.6 -0.4 -0.042 0.032
-0.6 -0.2 -0.036 0.016
-0.6 -2.68221e-07 -0.03 2.14577e-08
-0.6 0.2 -0.024 -0.016
-0.6 0.4 -0.018 -0.032
-0.6 0.6 -0.012 -0.048
-0.6 0.8 -0.00600001 -0.064
-0.6 1 -8.9407e-09 -0.08
-0.6 1.2 0.00599999 -0.096
-0.6 1.4 0.012 -0.112
-0.6 1.6 0.018 -0.128
-0.6 1.8 0.024 -0.144
-0.6 2 0.03 -0.16
-0.6 2.2 0.036 -0.176
-0.6 2.4 0.042 -0.192
-0.6 2.6 0.048 -0.208
-0.6 2.8 0.054 -0.224
-0.6 3 0.06 -0.24
-0.6 3.2 0.066 -0.256
-0.6 3.4 0.072 -0.272
-0.6 3.6 0.078 -0.288
-0.6 3.8 0.084 -0.304
-0.6 4 0.09 -0.32
-0.6 4.2 0.096 -0.336
-0.6 4.4 0.102 -0.352
-0.6 4.6 0.108 -0.368
-0.6 4.8 0.114 -0.384
-0.6 5 0.12 -0.4
-0.4 -5 -0.12 0.35
-0.4 -4.8 -0.116 0.336
-0.4 -4.6 -0.112 0.322
-0.4 -4.4 -0.108 0.308
-0.4 -4.2 -0.104 0.294
-0.4 -4 -0.1 0.28
-0.4 -3.8 -0.0960001 0.266
-0.4 -3.6 -0.0920001 0.252
-0.4 -3.4 -0.0880001 0.238
-0.4 -3.2 -0.0840001 0.224
-0.4 -3 -0.0800001 0.21
-0.4 -2.8 -0.0760001 0.196
-0.4 -2.6 -0.0720001 0.182
-0.4 -2.4 -0.0680001 0.168
-0.4 -2.2 -0.0640001 0.154
-0.4 -2 -0.0600001 0.14
-0.4 -1.8 -0.0560001 0.126
-0.4 -1.6 -0.052 0.112
-0.4 -1.4 -0.048 0.098
-0.4 -1.2 -0.044 0.084
-0.4 -1 -0.04 0.07
-0.4 -0.8 -0.036 0.056
-0.4 -0.6 -0.032 0.042
-0.4 -0.4 -0.028 0.028
-0.4 -0.2 -0.024 0.014
-0.4 -2.68221e-07 -0.02 1.87755e-08
-0.4 0.2 -0.016 -0.014
-0.4 0.4 -0.012 -0.028
-0.4 0.6 -0.00800001 -0.042
-0.4 0.8 -0.00400001 -0.056
-0.4 1 -5.96047e-09 -0.07
-0.4 1.2 0.004 -0.084
-0.4 1.4 0.008 -0.098
-0.4 1.6 0.012 -0.112
-0.4 1.8 0.016 -0.126
-0.4 2 0.02 -0.14
-0.4 2.2 0.024 -0.154
-0.4 2.4 0.028 -0.168
-0.4 2.6 0.032 -0.182
-0.4 2.8 0.036 -0.196
-0.4 3 0.04 -0.21
-0.4 3.2 0.044 -0.224
-0.4 3.4 0.048 -0.238
-0.4 3.6 0.052 -0.252
-0.4 3.8 0.056 -0.266
-0.4 4 0.06 -0.28
-0.4 4.2 0.064 -0.294
-0.4 4.4 0.068 -0.308
-0.4 4.6 0.072 -0.322
-0.4 4.8 0.076 -0.336
-0.4 5 0.08 -0.35
-0.2 -5 -0.0600001 0.3
-0.2 -4.8 -0.0580001 0.288
-0.2 -4.6 -0.0560001 0.276
-0.2 -4.4 -0.0540001 0.264
-0.2 -4.2 -0.0520001 0.252
-0.2 -4 -0.0500001 0.24
-0.2 -3.8 -0.0480001 0.228
-0.2 -3.6 -0.0460001 0.216
-0.2 -3.4 -0.0440001 0.204
-0.2 -3.2 -0.0420001 0.192
-0.2 -3 -0.0400001 0.18
-0.2 -2.8 -0.0380001 0.168
-0.2 -2.6 -0.0360001 0.156
-0.2 -2.4 -0.0340001 0.144
-0.2 -2.2 -0.032 0.132
-0.2 -2 -0.03 0.12
-0.2 -1.8 -0.028 0.108
-0.2 -1.6 -0.026 0.096
-0.2 -1.4 -0.024 0.084
-0.2 -1.2 -0.022 0.072
-0.2 -1 -0.02 0.06
-0.2 -0.8 -0.018 0.048
-0.2 -0.6 -0.016 0.036
-0.2 -0.4 -0.014 0.024
-0.2 -0.2 -0.012 0.012
-0.2 -2.68221e-07 -0.01 1.60933e-08
-0.2 0.2 -0.00800001 -0.012
-0.2 0.4 -0.00600001 -0.024
-0.2 0.6 -0.00400001 -0.036
-0.2 0.8 -0.00200001 -0.048
-0.2 1 -2.98024e-09 -0.06
-0.2 1.2 0.002 -0.072
-0.2 1.4 0.004 -0.084
-0.2 1.6 0.00600001 -0.096
-0.2 1.8 0.00800001 -0.108
-0.2 2 0.01 -0.12
-0.2 2.2 0.012 -0.132
-0.2 2.4 0.014 -0.144
-0.2 2.6 0.016 -0.156
-0.2 2.8 0.018 -0.168
-0.2 3 0.02 -0.18
-0.2 3.2 0.022 -0.192
-0.2 3.4 0.024 -0.204
-0.2 3.6 0.026 -0.216
-0.2 3.8 0.028 -0.228
-0.2 4 0.03 -0.24
-0.2 4.2 0.032 -0.252
-0.2 4.4 0.034 -0.264
-0.2 4.6 0.036 -0.276
-0.2 4.8 0.038 -0.288
-0.2 5 0.04 -0.3
-2.68221e-07 -5 -8.04663e-08 0.25
-2.68221e-07 -4.8 -7.77841e-08 0.24
-2.68221e-07 -4.6 -7.51019e-08 0.23
-2.68221e-07 -4.4 -7.24197e-08 0.22
-2.68221e-07 -4.2 -6.97374e-08 0.21
-2.68221e-07 -4 -6.70552e-08 0.2
-2.68221e-07 -3.8 -6.4373e-08 0.19
-2.68221e-07 -3.6 -6.16908e-08 0.18
-2.68221e-07 -3.4 -5.90086e-08 0.17
-2.68221e-07 -3.2 -5.63264e-08 0.16
-2.68221e-07 -3 -5.36442e-08 0.15
-2.68221e-07 -2.8 -5.0962e-08 0.14
-2.68221e-07 -2.6 -4.82798e-08 0.13
-2.68221e-07 -2.4 -4.55976e-08 0.12
-2.68221e-07 -2.2 -4.29154e-08 0.11
-2.68221e-07 -2 -4.02331e-08 0.1
-2.68221e-07 -1.8 -3.75509e-08 0.09
-2.68221e-07 -1.6 -3.48687e-08 0.08
-2.68221e-07 -1.4 -3.21865e-08 0.07
-2.68221e-07 -1.2 -2.95043e-08 0.06
-2.68221e-07 -1 -2.68221e-08 0.05
-2.68221e-07 -0.8 -2.41399e-08 0.04
-2.68221e-07 -0.6 -2.14577e-08 0.03
-2.68221e-07 -0.4 -1.87755e-08 0.02
-2.68221e-07 -0.2 -1.60933e-08 0.01
-2.68221e-07 -2.68221e-07 -1.3411e-08 1.3411e-08
-2.68221e-07 0.2 -1.07288e-08 -0.00999999
-2.68221e-07 0.4 -8.04663e-09 -0.02
-2.68221e-07 0.6 -5.36442e-09 -0.03
-2.68221e-07 0.8 -2.68221e-09 -0.04
-2.68221e-07 1 -3.9968e-15 -0.05
-2.68221e-07 1.2 2.6822e-09 -0.06
-2.68221e-07 1.4 5.36441e-09 -0.07
-2.68221e-07 1.6 8.04662e-09 -0.08
-2.68221e-07 1.8 1.07288e-08 -0.09
-2.68221e-07 2 1.3411e-08 -0.1
-2.68221e-07 2.2 1.60933e-08 -0.11
-2.68221e-07 2.4 1.87755e-08 -0.12
-2.68221e-07 2.6 2.14577e-08 -0.13
-2.68221e-07 2.8 2.41399e-08 -0.14
-2.68221e-07 3 2.68221e-08 -0.15
-2.68221e-07 3.2 2.95043e-08 -0.16
-2.68221e-07 3.4 3.21865e-08 -0.17
-2.68221e-07 3.6 3.48687e-08 -0.18
-2.68221e-07 3.8 3.75509e-08 -0.19
-2.68221e-07 4 4.02331e-08 -0.2
-2.68221e-07 4.2 4.29153e-08 -0.21
-2.68221e-07 4.4 4.55975e-08 -0.22
-2.68221e-07 4.6 4.82798e-08 -0.23
-2.68221e-07 4.8 5.0962e-08 -0.24
-2.68221e-07 5 5.36442e-08 -0.25
0.2 -5 0.0599999 0.2
0.2 -4.8 0.0579999 0.192
0.2 -4.6 0.0559999 0.184
0.2 -4.4 0.0539999 0.176
0.2 -4.2 0.0519999 0.168
0.2 -4 0.0499999 0.16
0.2 -3.8 0.0479999 0.152
0.2 -3.6 0.0459999 0.144
0.2 -3.4 0.0439999 0.136
0.2 -3.2 0.042 0.128
0.2 -3 0.04 0.12
0.2 -2.8 0.038 0.112
0.2 -2.6 0.036 0.104
0.2 -2.4 0.034 0.0960001
0.2 -2.2 0.032 0.0880001
0.2 -2 0.03 0.08
0.2 -1.8 0.028 0.072
0.2 -1.6 0.026 0.064
0.2 -1.4 0.024 0.056
0.2 -1.2 0.022 0.048
0.2 -1 0.02 0.04
0.2 -0.8 0.018 0.032
0.2 -0.6 0.016 0.024
0.2 -0.4 0.014 0.016
0.2 -0.2 0.012 0.00800001
0.2 -2.68221e-07 0.00999999 1.07288e-08
0.2 0.2 0.00799999 -0.00799999
0.2 0.4 0.00599999 -0.016
0.2 0.6 0.004 -0.024
0.2 0.8 0.002 -0.032
0.2 1 2.98023e-09 -0.04
0.2 1.2 -0.00199999 -0.048
0.2 1.4 -0.00399999 -0.056
0.2 1.6 -0.00599999 -0.064
0.2 1.8 -0.00799999 -0.072
0.2 2 -0.00999999 -0.08
0.2 2.2 -0.012 -0.088
0.2 2.4 -0.014 -0.096
0.2 2.6 -0.016 -0.104
0.2 2.8 -0.018 -0.112
0.2 3 -0.02 -0.12
0.2 3.2 -0.022 -0.128
0.2 3.4 -0.024 -0.136
0.2 3.6 -0.026 -0.144
0.2 3.8 -0.028 -0.152
0.2 4 -0.03 -0.16
0.2 4.2 -0.032 -0.168
0.2 4.4 -0.0339999 -0.176
0.2 4.6 -0.036 -0.184
0.2 4.8 -0.0379999 -0.192
0.2 5 -0.0399999 -0.2
0.4 -5 0.12 0.15
0.4 -4.8 0.116 0.144
0.4 -4.6 0.112 0.138
0.4 -4.4 0.108 0.132
0.4 -4.2 0.104 0.126
0.4 -4 0.1 0.12
0.4 -3.8 0.096 0.114
0.4 -3.6 0.092 0.108
0.4 -3.4 0.088 0.102
0.4 -3.2 0.084 0.0960001
0.4 -3 0.08 0.0900001
0.4 -2.8 0.076 0.0840001
0.4 -2.6 0.072 0.0780001
0.4 -2.4 0.068 0.072
0.4 -2.2 0.064 0.066
0.4 -2 0.06 0.06
0.4 -1.8 0.056 0.054
0.4 -1.6 0.052 0.048
0.4 -1.4 0.048 0.042
0.4 -1.2 0.044 0.036
0.4 -1 0.04 0.03
0.4 -0.8 0.036 0.024
0.4 -0.6 0.032 0.018
0.4 -0.4 0.028 0.012
0.4 -0.2 0.024 0.00600001
0.4 -2.68221e-07 0.02 8.04663e-09
0.4 0.2 0.016 -0.00599999
0.4 0.4 0.012 -0.012
0.4 0.6 0.008 -0.018
0.4 0.8 0.004 -0.024
0.4 1 5.96046e-09 -0.03
0.4 1.2 -0.00399999 -0.036
0.4 1.4 -0.00799999 -0.042
0.4 1.6 -0.012 -0.048
0.4 1.8 -0.016 -0.054
0.4 2 -0.02 -0.06
0.4 2.2 -0.024 -0.066
0.4 2.4 -0.028 -0.072
0.4 2.6 -0.032 -0.078
0.4 2.8 -0.036 -0.084
0.4 3 -0.04 -0.09
0.4 3.2 -0.044 -0.096
0.4 3.4 -0.048 -0.102
0.4 3.6 -0.052 -0.108
0.4 3.8 -0.056 -0.114
0.4 4 -0.06 -0.12
0.4 4.2 -0.064 -0.126
0.4 4.4 -0.068 -0.132
0.4 4.6 -0.0719999 -0.138
0.4 4.8 -0.0759999 -0.144
0.4 5 -0.0799999 -0.15
0.6 -5 0.18 0.1
0.6 -4.8 0.174 0.0960001
0.6 -4.6 0.168 0.0920001
0.6 -4.4 0.162 0.0880001
0.6 -4.2 0.156 0.0840001
0.6 -4 0.15 0.0800001
0.6 -3.8 0.144 0.0760001
0.6 -3.6 0.138 0.0720001
0.6 -3.4 0.132 0.0680001
0.6 -3.2 0.126 0.0640001
0.6 -3 0.12 0.0600001
0.6 -2.8 0.114 0.0560001
0.6 -2.6 0.108 0.052
0.6 -2.4 0.102 0.048
0.6 -2.2 0.096 0.044
0.6 -2 0.09 0.04
0.6 -1.8 0.084 0.036
0.6 -1.6 0.078 0.032
0.6 -1.4 0.072 0.028
0.6 -1.2 0.066 0.024
0.6 -1 0.06 0.02
0.6 -0.8 0.054 0.016
0.6 -0.6 0.048 0.012
0.6 -0.4 0.042 0.00800001
0.6 -0.2 0.036 0.00400001
0.6 -2.68221e-07 0.03 5.36442e-09
0.6 0.2 0.024 -0.004
0.6 0.4 0.018 -0.008
0.6 0.6 0.012 -0.012
0.6 0.8 0.00600001 -0.016
0.6 1 8.94069e-09 -0.02
0.6 1.2 -0.00599999 -0.024
0.6 1.4 -0.012 -0.028
0.6 1.6 -0.018 -0.032
0.6 1.8 -0.024 -0.036
0.6 2 -0.03 -0.04
0.6 2.2 -0.036 -0.044
0.6 2.4 -0.042 -0.048
0.6 2.6 -0.048 -0.052
0.6 2.8 -0.054 -0.056
0.6 3 -0.06 -0.06
0.6 3.2 -0.066 -0.064
0.6 3.4 -0.072 -0.068
0.6 3.6 -0.078 -0.072
0.6 3.8 -0.084 -0.0760001
0.6 4 -0.09 -0.0800001
0.6 4.2 -0.0959999 -0.0840001
0.6 4.4 -0.102 -0.0880001
0.6 4.6 -0.108 -0.0920001
0.6 4.8 -0.114 -0.0960001
0.6 5 -0.12 -0.1
0.8 -5 0.24 0.0500001
0.8 -4.8 0.232 0.0480001
0.8 -4.6 0.224 0.0460001
0.8 -4.4 0.216 0.0440001
0.8 -4.2 0.208 0.0420001
0.8 -4 0.2 0.0400001
0.8 -3.8 0.192 0.0380001
0.8 -3.6 0.184 0.0360001
0.8 -3.4 0.176 0.0340001
0.8 -3.2 0.168 0.0320001
0.8 -3 0.16 0.03
0.8 -2.8 0.152 0.028
0.8 -2.6 0.144 0.026
0.8 -2.4 0.136 0.024
0.8 -2.2 0.128 0.022
0.8 -2 0.12 0.02
0.8 -1.8 0.112 0.018
0.8 -1.6 0.104 0.016
0.8 -1.4 0.096 0.014
0.8 -1.2 0.088 0.012
0.8 -1 0.08 0.01
0.8 -0.8 0.072 0.00800001
0.8 -0.6 0.064 0.00600001
0.8 -0.4 0.056 0.00400001
0.8 -0.2 0.048 0.00200001
0.8 -2.68221e-07 0.04 2.68221e-09
0.8 0.2 0.032 -0.002
0.8 0.4 0.024 -0.004
0.8 0.6 0.016 -0.00600001
0.8 0.8 0.00800001 -0.00800001
0.8 1 1.19209e-08 -0.01
0.8 1.2 -0.00799999 -0.012
0.8 1.4 -0.016 -0.014
0.8 1.6 -0.024 -0.016
0.8 1.8 -0.032 -0.018
0.8 2 -0.04 -0.02
0.8 2.2 -0.048 -0.022
0.8 2.4 -0.056 -0.024
0.8 2.6 -0.064 -0.026
0.8 2.8 -0.072 -0.028
0.8 3 -0.08 -0.03
0.8 3.2 -0.088 -0.032
0.8 3.4 -0.096 -0.0340001
0.8 3.6 -0.104 -0.0360001
0.8 3.8 -0.112 -0.0380001
0.8 4 -0.12 -0.0400001
0.8 4.2 -0.128 -0.0420001
0.8 4.4 -0.136 -0.0440001
0.8 4.6 -0.144 -0.0460001
0.8 4.8 -0.152 -0.0480001
0.8 5 -0.16 -0.0500001
1 -5 0.3 7.45058e-08
1 -4.8 0.29 7.15256e-08
1 -4.6 0.28 6.85453e-08
1 -4.4 0.27 6.55651e-08
1 -4.2 0.26 6.25849e-08
1 -4 0.25 5.96047e-08
1 -3.8 0.24 5.66244e-08
1 -3.6 0.23 5.36442e-08
1 -3.4 0.22 5.0664e-08
1 -3.2 0.21 4.76837e-08
1 -3 0.2 4.47035e-08
1 -2.8 0.19 4.17233e-08
1 -2.6 0.18 3.8743e-08
1 -2.4 0.17 3.57628e-08
1 -2.2 0.16 3.27826e-08
1 -2 0.15 2.98023e-08
1 -1.8 0.14 2.68221e-08
1 -1.6 0.13 2.38419e-08
1 -1.4 0.12 2.08616e-08
1 -1.2 0.11 1.78814e-08
1 -1 0.1 1.49012e-08
1 -0.8 0.09 1.19209e-08
1 -0.6 0.08 8.9407e-09
1 -0.4 0.07 5.96047e-09
1 -0.2 0.06 2.98024e-09
1 -2.68221e-07 0.05 3.9968e-15
1 0.2 0.04 -2.98023e-09
1 0.4 0.03 -5.96046e-09
1 0.6 0.02 -8.94069e-09
1 0.8 0.01 -1.19209e-08
1 1 1.49012e-08 -1.49012e-08
1 1.2 -0.00999998 -1.78814e-08
1 1.4 -0.02 -2.08616e-08
1 1.6 -0.03 -2.38419e-08
1 1.8 -0.04 -2.68221e-08
1 2 -0.05 -2.98023e-08
1 2.2 -0.06 -3.27826e-08
1 2.4 -0.07 -3.57628e-08
1 2.6 -0.08 -3.8743e-08
1 2.8 -0.09 -4.17233e-08
1 3 -0.1 -4.47035e-08
1 3.2 -0.11 -4.76837e-08
1 3.4 -0.12 -5.06639e-08
1 3.6 -0.13 -5.36442e-08
1 3.8 -0.14 -5.66244e-08
1 4 -0.15 -5.96046e-08
1 4.2 -0.16 -6.25849e-08
1 4.4 -0.17 -6.55651e-08
1 4.6 -0.18 -6.85453e-08
1 4.8 -0.19 -7.15256e-08
1 5 -0.2 -7.45058e-08
1.2 -5 0.36 -0.0499999
1.2 -4.8 0.348 -0.0479999
1.2 -4.6 0.336 -0.0459999
1.2 -4.4 0.324 -0.0439999
1.2 -4.2 0.312 -0.0419999
1.2 -4 0.3 -0.0399999
1.2 -3.8 0.288 -0.038
1.2 -3.6 0.276 -0.036
1.2 -3.4 0.264 -0.034
1.2 -3.2 0.252 -0.032
1.2 -3 0.24 -0.03
1.2 -2.8 0.228 -0.028
1.2 -2.6 0.216 -0.026
1.2 -2.4 0.204 -0.024
1.2 -2.2 0.192 -0.022
1.2 -2 0.18 -0.02
1.2 -1.8 0.168 -0.018
1.2 -1.6 0.156 -0.016
1.2 -1.4 0.144 -0.014
1.2 -1.2 0.132 -0.012
1.2 -1 0.12 -0.00999999
1.2 -0.8 0.108 -0.00799999
1.2 -0.6 0.096 -0.00599999
1.2 -0.4 0.084 -0.004
1.2 -0.2 0.072 -0.002
1.2 -2.68221e-07 0.06 -2.6822e-09
1.2 0.2 0.048 0.00199999
1.2 0.4 0.036 0.00399999
1.2 0.6 0.024 0.00599999
1.2 0.8 0.012 0.00799999
1.2 1 1.78814e-08 0.00999998
1.2 1.2 -0.012 0.012
1.2 1.4 -0.024 0.014
1.2 1.6 -0.036 0.016
1.2 1.8 -0.048 0.018
1.2 2 -0.06 0.02
1.2 2.2 -0.072 0.022
1.2 2.4 -0.084 0.024
1.2 2.6 -0.096 0.026
1.2 2.8 -0.108 0.028
1.2 3 -0.12 0.03
1.2 3.2 -0.132 0.032
1.2 3.4 -0.144 0.0339999
1.2 3.6 -0.156 0.0359999
1.2 3.8 -0.168 0.0379999
1.2 4 -0.18 0.0399999
1.2 4.2 -0.192 0.0419999
1.2 4.4 -0.204 0.0439999
1.2 4.6 -0.216 0.0459999
1.2 4.8 -0.228 0.0479999
1.2 5 -0.24 0.0499999
1.4 -5 0.42 -0.0999999
1.4 -4.8 0.406 -0.0959999
1.4 -4.6 0.392 -0.0919999
1.4 -4.4 0.378 -0.088
1.4 -4.2 0.364 -0.084
1.4 -4 0.35 -0.08
1.4 -3.8 0.336 -0.076
1.4 -3.6 0.322 -0.072
1.4 -3.4 0.308 -0.068
1.4 -3.2 0.294 -0.064
1.4 -3 0.28 -0.06
1.4 -2.8 0.266 -0.056
1.4 -2.6 0.252 -0.052
1.4 -2.4 0.238 -0.048
1.4 -2.2 0.224 -0.044
1.4 -2 0.21 -0.04
1.4 -1.8 0.196 -0.036
1.4 -1.6 0.182 -0.032
1.4 -1.4 0.168 -0.028
1.4 -1.2 0.154 -0.024
1.4 -1 0.14 -0.02
1.4 -0.8 0.126 -0.016
1.4 -0.6 0.112 -0.012
1.4 -0.4 0.098 -0.008
1.4 -0.2 0.084 -0.004
1.4 -2.68221e-07 0.07 -5.36441e-09
1.4 0.2 0.056 0.00399999
1.4 0.4 0.042 0.00799999
1.4 0.6 0.028 0.012
1.4 0.8 0.014 0.016
1.4 1 2.08616e-08 0.02
1.4 1.2 -0.014 0.024
1.4 1.4 -0.028 0.028
1.4 1.6 -0.042 0.032
1.4 1.8 -0.056 0.036
1.4 2 -0.07 0.04
1.4 2.2 -0.084 0.044
1.4 2.4 -0.098 0.048
1.4 2.6 -0.112 0.052
1.4 2.8 -0.126 0.056
1.4 3 -0.14 0.06
1.4 3.2 -0.154 0.064
1.4 3.4 -0.168 0.068
1.4 3.6 -0.182 0.072
1.4 3.8 -0.196 0.076
1.4 4 -0.21 0.0799999
1.4 4.2 -0.224 0.0839999
1.4 4.4 -0.238 0.0879999
1.4 4.6 -0.252 0.0919999
1.4 4.8 -0.266 0.0959999
1.4 5 -0.28 0.0999999
1.6 -5 0.48 -0.15
1.6 -4.8 0.464 -0.144
1.6 -4.6 0.448 -0.138
1.6 -4.4 0.432 -0.132
1.6 -4.2 0.416 -0.126
1.6 -4 0.4 -0.12
1.6 -3.8 0.384 -0.114
1.6 -3.6 0.368 -0.108
1.6 -3.4 0.352 -0.102
1.6 -3.2 0.336 -0.096
1.6 -3 0.32 -0.09
1.6 -2.8 0.304 -0.084
1.6 -2.6 0.288 -0.078
1.6 -2.4 0.272 -0.072
1.6 -2.2 0.256 -0.066
1.6 -2 0.24 -0.06
1.6 -1.8 0.224 -0.054
1.6 -1.6 0.208 -0.048
1.6 -1.4 0.192 -0.042
1.6 -1.2 0.176 -0.036
1.6 -1 0.16 -0.03
1.6 -0.8 0.144 -0.024
1.6 -0.6 0.128 -0.018
1.6 -0.4 0.112 -0.012
1.6 -0.2 0.096 -0.00600001
1.6 -2.68221e-07 0.08 -8.04662e-09
1.6 0.2 0.064 0.00599999
1.6 0.4 0.048 0.012
1.6 0.6 0.032 0.018
1.6 0.8 0.016 0.024
1.6 1 2.38419e-08 0.03
1.6 1.2 -0.016 0.036
1.6 1.4 -0.032 0.042
1.6 1.6 -0.048 0.048
1.6 1.8 -0.064 0.054
1.6 2 -0.08 0.06
1.6 2.2 -0.096 0.066
1.6 2.4 -0.112 0.072
1.6 2.6 -0.128 0.078
1.6 2.8 -0.144 0.084
1.6 3 -0.16 0.09
1.6 3.2 -0.176 0.096
1.6 3.4 -0.192 0.102
1.6 3.6 -0.208 0.108
1.6 3.8 -0.224 0.114
1.6 4 -0.24 0.12
1.6 4.2 -0.256 0.126
1.6 4.4 -0.272 0.132
1.6 4.6 -0.288 0.138
1.6 4.8 -0.304 0.144
1.6 5 -0.32 0.15
1.8 -5 0.54 -0.2
1.8 -4.8 0.522 -0.192
1.8 -4.6 0.504 -0.184
1.8 -4.4 0.486 -0.176
1.8 -4.2 0.468 -0.168
1.8 -4 0.45 -0.16
1.8 -3.8 0.432 -0.152
1.8 -3.6 0.414 -0.144
1.8 -3.4 0.396 -0.136
1.8 -3.2 0.378 -0.128
1.8 -3 0.36 -0.12
1.8 -2.8 0.342 -0.112
1.8 -2.6 0.324 -0.104
1.8 -2.4 0.306 -0.096
1.8 -2.2 0.288 -0.088
1.8 -2 0.27 -0.08
1.8 -1.8 0.252 -0.072
1.8 -1.6 0.234 -0.064
1.8 -1.4 0.216 -0.056
1.8 -1.2 0.198 -0.048
1.8 -1 0.18 -0.04
1.8 -0.8 0.162 -0.032
1.8 -0.6 0.144 -0.024
1.8 -0.4 0.126 -0.016
1.8 -0.2 0.108 -0.00800001
1.8 -2.68221e-07 0.09 -1.07288e-08
1.8 0.2 0.072 0.00799999
1.8 0.4 0.054 0.016
1.8 0.6 0.036 0.024
1.8 0.8 0.018 0.032
1.8 1 2.68221e-08 0.04
1.8 1.2 -0.018 0.048
1.8 1.4 -0.036 0.056
1.8 1.6 -0.054 0.064
1.8 1.8 -0.072 0.072
1.8 2 -0.09 0.08
1.8 2.2 -0.108 0.088
1.8 2.4 -0.126 0.096
1.8 2.6 -0.144 0.104
1.8 2.8 -0.162 0.112
1.8 3 -0.18 0.12
1.8 3.2 -0.198 0.128
1.8 3.4 -0.216 0.136
1.8 3.6 -0.234 0.144
1.8 3.8 -0.252 0.152
1.8 4 -0.27 0.16
1.8 4.2 -0.288 0.168
1.8 4.4 -0.306 0.176
1.8 4.6 -0.324 0.184
1.8 4.8 -0.342 0.192
1.8 5 -0.36 0.2
2 -5 0.6 -0.25
2 -4.8 0.58 -0.24
2 -4.6 0.56 -0.23
2 -4.4 0.54 -0.22
2 -4.2 0.52 -0.21
2 -4 0.5 -0.2
2 -3.8 0.48 -0.19
2 -3.6 0.46 -0.18
2 -3.4 0.44 -0.17
2 -3.2 0.42 -0.16
2 -3 0.4 -0.15
2 -2.8 0.38 -0.14
2 -2.6 0.36 -0.13
2 -2.4 0.34 -0.12
2 -2.2 0.32 -0.11
2 -2 0.3 -0.1
2 -1.8 0.28 -0.09
2 -1.6 0.26 -0.08
2 -1.4 0.24 -0.07
2 -1.2 0.22 -0.06
2 -1 0.2 -0.05
2 -0.8 0.18 -0.04
2 -0.6 0.16 -0.03
2 -0.4 0.14 -0.02
2 -0.2 0.12 -0.01
2 -2.68221e-07 0.1 -1.3411e-08
2 0.2 0.08 0.00999999
2 0.4 0.06 0.02
2 0.6 0.04 0.03
2 0.8 0.02 0.04
2 1 2.98023e-08 0.05
2 1.2 -0.02 0.06
2 1.4 -0.04 0.07
2 1.6 -0.06 0.08
2 1.8 -0.08 0.09
2 2 -0.1 0.1
2 2.2 -0.12 0.11
2 2.4 -0.14 0.12
2 2.6 -0.16 0.13
2 2.8 -0.18 0.14
2 3 -0.2 0.15
2 3.2 -0.22 0.16
2 3.4 -0.24 0.17
2 3.6 -0.26 0.18
2 3.8 -0.28 0.19
2 4 -0.3 0.2
2 4.2 -0.32 0.21
2 4.4 -0.34 0.22
2 4.6 -0.36 0.23
2 4.8 -0.38 0.24
2 5 -0.4 0.25
2.2 -5 0.66 -0.3
2.2 -4.8 0.638 -0.288
2.2 -4.6 0.616 -0.276
2.2 -4.4 0.594 -0.264
2.2 -4.2 0.572 -0.252
2.2 -4 0.55 -0.24
2.2 -3.8 0.528 -0.228
2.2 -3.6 0.506 -0.216
2.2 -3.4 0.484 -0.204
2.2 -3.2 0.462 -0.192
2.2 -3 0.44 -0.18
2.2 -2.8 0.418 -0.168
2.2 -2.6 0.396 -0.156
2.2 -2.4 0.374 -0.144
2.2 -2.2 0.352 -0.132
2.2 -2 0.33 -0.12
2.2 -1.8 0.308 -0.108
2.2 -1.6 0.286 -0.096
2.2 -1.4 0.264 -0.084
2.2 -1.2 0.242 -0.072
2.2 -1 0.22 -0.06
2.2 -0.8 0.198 -0.048
2.2 -0.6 0.176 -0.036
2.2 -0.4 0.154 -0.024
2.2 -0.2 0.132 -0.012
2.2 -2.68221e-07 0.11 -1.60933e-08
2.2 0.2 0.088 0.012
2.2 0.4 0.066 0.024
2.2 0.6 0.044 0.036
2.2 0.8 0.022 0.048
2.2 1 3.27826e-08 0.06
2.2 1.2 -0.022 0.072
2.2 1.4 -0.044 0.084
2.2 1.6 -0.066 0.096
2.2 1.8 -0.088 0.108
2.2 2 -0.11 0.12
2.2 2.2 -0.132 0.132
2.2 2.4 -0.154 0.144
2.2 2.6 -0.176 0.156
2.2 2.8 -0.198 0.168
2.2 3 -0.22 0.18
2.2 3.2 -0.242 0.192
2.2 3.4 -0.264 0.204
2.2 3.6 -0.286 0.216
2.2 3.8 -0.308 0.228
2.2 4 -0.33 0.24
2.2 4.2 -0.352 0.252
2.2 4.4 -0.374 0.264
2.2 4.6 -0.396 0.276
2.2 4.8 -0.418 0.288
2.2 5 -0.44 0.3
2.4 -5 0.72 -0.35
2.4 -4.8 0.696 -0.336
2.4 -4.6 0.672 -0.322
2.4 -4.4 0.648 -0.308
2.4 -4.2 0.624 -0.294
2.4 -4 0.6 -0.28
2.4 -3.8 0.576 -0.266
2.4 -3.6 0.552 -0.252
2.4 -3.4 0.528 -0.238
2.4 -3.2 0.504 -0.224
2.4 -3 0.48 -0.21
2.4 -2.8 0.456 -0.196
2.4 -2.6 0.432 -0.182
2.4 -2.4 0.408 -0.168
2.4 -2.2 0.384 -0.154
2.4 -2 0.36 -0.14
2.4 -1.8 0.336 -0.126
2.4 -1.6 0.312 -0.112
2.4 -1.4 0.288 -0.098
2.4 -1.2 0.264 -0.084
2.4 -1 0.24 -0.07
2.4 -0.8 0.216 -0.056
2.4 -0.6 0.192 -0.042
2.4 -0.4 0.168 -0.028
2.4 -0.2 0.144 -0.014
2.4 -2.68221e-07 0.12 -1.87755e-08
2.4 0.2 0.096 0.014
2.4 0.4 0.072 0.028
2.4 0.6 0.048 0.042
2.4 0.8 0.024 0.056
2.4 1 3.57628e-08 0.07
2.4 1.2 -0.024 0.084
2.4 1.4 -0.048 0.098
2.4 1.6 -0.072 0.112
2.4 1.8 -0.096 0.126
2.4 2 -0.12 0.14
2.4 2.2 -0.144 0.154
2.4 2.4 -0.168 0.168
2.4 2.6 -0.192 0.182
2.4 2.8 -0.216 0.196
2.4 3 -0.24 0.21
2.4 3.2 -0.264 0.224
2.4 3.4 -0.288 0.238
2.4 3.6 -0.312 0.252
2.4 3.8 -0.336 0.266
2.4 4 -0.36 0.28
2.4 4.2 -0.384 0.294
2.4 4.4 -0.408 0.308
2.4 4.6 -0.432 0.322
2.4 4.8 -0.456 0.336
2.4 5 -0.48 0.35
2.6 -5 0.78 -0.4
2.6 -4.8 0.754 -0.384
2.6 -4.6 0.728 -0.368
2.6 -4.4 0.702 -0.352
2.6 -4.2 0.676 -0.336
2.6 -4 0.65 -0.32
2.6 -3.8 0.624 -0.304
2.6 -3.6 0.598 -0.288
2.6 -3.4 0.572 -0.272
2.6 -3.2 0.546 -0.256
2.6 -3 0.52 -0.24
2.6 -2.8 0.494 -0.224
2.6 -2.6 0.468 -0.208
2.6 -2.4 0.442 -0.192
2.6 -2.2 0.416 -0.176
2.6 -2 0.39 -0.16
2.6 -1.8 0.364 -0.144
2.6 -1.6 0.338 -0.128
2.6 -1.4 0.312 -0.112
2.6 -1.2 0.286 -0.096
2.6 -1 0.26 -0.08
2.6 -0.8 0.234 -0.064
2.6 -0.6 0.208 -0.048
2.6 -0.4 0.182 -0.032
2.6 -0.2 0.156 -0.016
2.6 -2.68221e-07 0.13 -2.14577e-08
2.6 0.2 0.104 0.016
2.6 0.4 0.078 0.032
2.6 0.6 0.052 0.048
2.6 0.8 0.026 0.064
2.6 1 3.8743e-08 0.08
2.6 1.2 -0.026 0.096
2.6 1.4 -0.052 0.112
2.6 1.6 -0.078 0.128
2.6 1.8 -0.104 0.144
2.6 2 -0.13 0.16
2.6 2.2 -0.156 0.176
2.6 2.4 -0.182 0.192
2.6 2.6 -0.208 0.208
2.6 2.8 -0.234 0.224
2.6 3 -0.26 0.24
2.6 3.2 -0.286 0.256
2.6 3.4 -0.312 0.272
2.6 3.6 -0.338 0.288
2.6 3.8 -0.364 0.304
2.6 4 -0.39 0.32
2.6 4.2 -0.416 0.336
2.6 4.4 -0.442 0.352
2.6 4.6 -0.468 0.368
2.6 4.8 -0.494 0.384
2.6 5 -0.52 0.4
2.8 -5 0.84 -0.45
2.8 -4.8 0.812 -0.432
2.8 -4.6 0.784 -0.414
2.8 -4.4 0.756 -0.396
2.8 -4.2 0.728 -0.378
2.8 -4 0.7 -0.36
2.8 -3.8 0.672 -0.342
2.8 -3.6 0.644 -0.324
2.8 -3.4 0.616 -0.306
2.8 -3.2 0.588 -0.288
2.8 -3 0.56 -0.27
2.8 -2.8 0.532 -0.252
2.8 -2.6 0.504 -0.234
2.8 -2.4 0.476 -0.216
2.8 -2.2 0.448 -0.198
2.8 -2 0.42 -0.18
2.8 -1.8 0.392 -0.162
2.8 -1.6 0.364 -0.144
2.8 -1.4 0.336 -0.126
2.8 -1.2 0.308 -0.108
2.8 -1 0.28 -0.09
2.8 -0.8 0.252 -0.072
2.8 -0.6 0.224 -0.054
2.8 -0.4 0.196 -0.036
2.8 -0.2 0.168 -0.018
2.8 -2.68221e-07 0.14 -2.41399e-08
2.8 0.2 0.112 0.018
2.8 0.4 0.084 0.036
2.8 0.6 0.056 0.054
2.8 0.8 0.028 0.072
2.8 1 4.17233e-08 0.09
2.8 1.2 -0.028 0.108
2.8 1.4 -0.056 0.126
2.8 1.6 -0.084 0.144
2.8 1.8 -0.112 0.162
2.8 2 -0.14 0.18
2.8 2.2 -0.168 0.198
2.8 2.4 -0.196 0.216
2.8 2.6 -0.224 0.234
2.8 2.8 -0.252 0.252
2.8 3 -0.28 0.27
2.8 3.2 -0.308 0.288
2.8 3.4 -0.336 0.306
2.8 3.6 -0.364 0.324
2.8 3.8 -0.392 0.342
2.8 4 -0.42 0.36
2.8 4.2 -0.448 0.378
2.8 4.4 -0.476 0.396
2.8 4.6 -0.504 0.414
2.8 4.8 -0.532 0.432
2.8 5 -0.56 0.45
3 -5 0.9 -0.5
3 -4.8 0.87 -0.48
3 -4.6 0.84 -0.46
3 -4.4 0.81 -0.44
3 -4.2 0.78 -0.42
3 -4 0.75 -0.4
3 -3.8 0.72 -0.38
3 -3.6 0.69 -0.36
3 -3.4 0.66 -0.34
3 -3.2 0.63 -0.32
3 -3 0.6 -0.3
3 -2.8 0.57 -0.28
3 -2.6 0.54 -0.26
3 -2.4 0.51 -0.24
3 -2.2 0.48 -0.22
3 -2 0.45 -0.2
3 -1.8 0.42 -0.18
3 -1.6 0.39 -0.16
3 -1.4 0.36 -0.14
3 -1.2 0.33 -0.12
3 -1 0.3 -0.1
3 -0.8 0.27 -0.08
3 -0.6 0.24 -0.06
3 -0.4 0.21 -0.04
3 -0.2 0.18 -0.02
3 -2.68221e-07 0.15 -2.68221e-08
3 0.2 0.12 0.02
3 0.4 0.09 0.04
3 0.6 0.06 0.06
3 0.8 0.03 0.08
3 1 4.47035e-08 0.1
3 1.2 -0.03 0.12
3 1.4 -0.06 0.14
3 1.6 -0.09 0.16
3 1.8 -0.12 0.18
3 2 -0.15 0.2
3 2.2 -0.18 0.22
3 2.4 -0.21 0.24
3 2.6 -0.24 0.26
3 2.8 -0.27 0.28
3 3 -0.3 0.3
3 3.2 -0.33 0.32
3 3.4 -0.36 0.34
3 3.6 -0.39 0.36
3 3.8 -0.42 0.38
3 4 -0.45 0.4
3 4.2 -0.48 0.42
3 4.4 -0.51 0.44
3 4.6 -0.54 0.46
3 4.8 -0.57 0.48
3 5 -0.6 0.5
3.2 -5 0.96 -0.55
3.2 -4.8 0.928 -0.528
3.2 -4.6 0.896 -0.506
3.2 -4.4 0.864 -0.484
3.2 -4.2 0.832 -0.462
3.2 -4 0.8 -0.44
3.2 -3.8 0.768 -0.418
3.2 -3.6 0.736 -0.396
3.2 -3.4 0.704 -0.374
3.2 -3.2 0.672 -0.352
3.2 -3 0.64 -0.33
3.2 -2.8 0.608 -0.308
3.2 -2.6 0.576 -0.286
3.2 -2.4 0.544 -0.264
3.2 -2.2 0.512 -0.242
3.2 -2 0.48 -0.22
3.2 -1.8 0.448 -0.198
3.2 -1.6 0.416 -0.176
3.2 -1.4 0.384 -0.154
3.2 -1.2 0.352 -0.132
3.2 -1 0.32 -0.11
3.2 -0.8 0.288 -0.088
3.2 -0.6 0.256 -0.066
3.2 -0.4 0.224 -0.044
3.2 -0.2 0.192 -0.022
3.2 -2.68221e-07 0.16 -2.95043e-08
3.2 0.2 0.128 0.022
3.2 0.4 0.096 0.044
3.2 0.6 0.064 0.066
3.2 0.8 0.032 0.088
3.2 1 4.76837e-08 0.11
3.2 1.2 -0.032 0.132
3.2 1.4 -0.064 0.154
3.2 1.6 -0.096 0.176
3.2 1.8 -0.128 0.198
3.2 2 -0.16 0.22
3.2 2.2 -0.192 0.242
3.2 2.4 -0.224 0.264
3.2 2.6 -0.256 0.286
3.2 2.8 -0.288 0.308
3.2 3 -0.32 0.33
3.2 3.2 -0.352 0.352
3.2 3.4 -0.384 0.374
3.2 3.6 -0.416 0.396
3.2 3.8 -0.448 0.418
3.2 4 -0.48 0.44
3.2 4.2 -0.512 0.462
3.2 4.4 -0.544 0.484
3.2 4.6 -0.576 0.506
3.2 4.8 -0.608 0.528
3.2 5 -0.64 0.55
3.4 -5 1.02 -0.6
3.4 -4.8 0.986 -0.576
3.4 -4.6 0.952 -0.552
3.4 -4.4 0.918 -0.528
3.4 -4.2 0.884 -0.504
3.4 -4 0.85 -0.48
3.4 -3.8 0.816 -0.456
3.4 -3.6 0.782 -0.432
3.4 -3.4 0.748 -0.408
3.4 -3.2 0.714 -0.384
3.4 -3 0.68 -0.36
3.4 -2.8 0.646 -0.336
3.4 -2.6 0.612 -0.312
3.4 -2.4 0.578 -0.288
3.4 -2.2 0.544 -0.264
3.4 -2 0.51 -0.24
3.4 -1.8 0.476 -0.216
3.4 -1.6 0.442 -0.192
3.4 -1.4 0.408 -0.168
3.4 -1.2 0.374 -0.144
3.4 -1 0.34 -0.12
3.4 -0.8 0.306 -0.096
3.4 -0.6 0.272 -0.072
3.4 -0.4 0.238 -0.048
3.4 -0.2 0.204 -0.024
3.4 -2.68221e-07 0.17 -3.21865e-08
3.4 0.2 0.136 0.024
3.4 0.4 0.102 0.048
3.4 0.6 0.068 0.072
3.4 0.8 0.0340001 0.096
3.4 1 5.06639e-08 0.12
3.4 1.2 -0.0339999 0.144
3.4 1.4 -0.068 0.168
3.4 1.6 -0.102 0.192
3.4 1.8 -0.136 0.216
3.4 2 -0.17 0.24
3.4 2.2 -0.204 0.264
3.4 2.4 -0.238 0.288
3.4 2.6 -0.272 0.312
3.4 2.8 -0.306 0.336
3.4 3 -0.34 0.36
3.4 3.2 -0.374 0.384
3.4 3.4 -0.408 0.408
3.4 3.6 -0.442 0.432
3.4 3.8 -0.476 0.456
3.4 4 -0.51 0.48
3.4 4.2 -0.544 0.504
3.4 4.4 -0.578 0.528
3.4 4.6 -0.612 0.552
3.4 4.8 -0.646 0.576
3.4 5 -0.68 0.6
3.6 -5 1.08 -0.65
3.6 -4.8 1.044 -0.624
3.6 -4.6 1.008 -0.598
3.6 -4.4 0.972 -0.572
3.6 -4.2 0.936 -0.546
3.6 -4 0.9 -0.52
3.6 -3.8 0.864 -0.494
3.6 -3.6 0.828 -0.468
3.6 -3.4 0.792 -0.442
3.6 -3.2 0.756 -0.416
3.6 -3 0.72 -0.39
3.6 -2.8 0.684 -0.364
3.6 -2.6 0.648 -0.338
3.6 -2.4 0.612 -0.312
3.6 -2.2 0.576 -0.286
3.6 -2 0.54 -0.26
3.6 -1.8 0.504 -0.234
3.6 -1.6 0.468 -0.208
3.6 -1.4 0.432 -0.182
3.6 -1.2 0.396 -0.156
3.6 -1 0.36 -0.13
3.6 -0.8 0.324 -0.104
3.6 -0.6 0.288 -0.078
3.6 -0.4 0.252 -0.052
3.6 -0.2 0.216 -0.026
3.6 -2.68221e-07 0.18 -3.48687e-08
3.6 0.2 0.144 0.026
3.6 0.4 0.108 0.052
3.6 0.6 0.072 0.078
3.6 0.8 0.0360001 0.104
3.6 1 5.36442e-08 0.13
3.6 1.2 -0.0359999 0.156
3.6 1.4 -0.072 0.182
3.6 1.6 -0.108 0.208
3.6 1.8 -0.144 0.234
3.6 2 -0.18 0.26
3.6 2.2 -0.216 0.286
3.6 2.4 -0.252 0.312
3.6 2.6 -0.288 0.338
3.6 2.8 -0.324 0.364
3.6 3 -0.36 0.39
3.6 3.2 -0.396 0.416
3.6 3.4 -0.432 0.442
3.6 3.6 -0.468 0.468
3.6 3.8 -0.504 0.494
3.6 4 -0.54 0.52
3.6 4.2 -0.576 0.546
3.6 4.4 -0.612 0.572
3.6 4.6 -0.648 0.598
3.6 4.8 -0.684 0.624
3.6 5 -0.72 0.65
3.8 -5 1.14 -0.7
3.8 -4.8 1.102 -0.672
3.8 -4.6 1.064 -0.644
3.8 -4.4 1.026 -0.616
3.8 -4.2 0.988 -0.588
3.8 -4 0.95 -0.56
3.8 -3.8 0.912 -0.532
3.8 -3.6 0.874 -0.504
3.8 -3.4 0.836 -0.476
3.8 -3.2 0.798 -0.448
3.8 -3 0.76 -0.42
3.8 -2.8 0.722 -0.392
3.8 -2.6 0.684 -0.364
3.8 -2.4 0.646 -0.336
3.8 -2.2 0.608 -0.308
3.8 -2 0.57 -0.28
3.8 -1.8 0.532 -0.252
3.8 -1.6 0.494 -0.224
3.8 -1.4 0.456 -0.196
3.8 -1.2 0.418 -0.168
3.8 -1 0.38 -0.14
3.8 -0.8 0.342 -0.112
3.8 -0.6 0.304 -0.084
3.8 -0.4 0.266 -0.056
3.8 -0.2 0.228 -0.028
3.8 -2.68221e-07 0.19 -3.75509e-08
3.8 0.2 0.152 0.028
3.8 0.4 0.114 0.056
3.8 0.6 0.0760001 0.084
3.8 0.8 0.0380001 0.112
3.8 1 5.66244e-08 0.14
3.8 1.2 -0.0379999 0.168
3.8 1.4 -0.076 0.196
3.8 1.6 -0.114 0.224
3.8 1.8 -0.152 0.252
3.8 2 -0.19 0.28
3.8 2.2 -0.228 0.308
3.8 2.4 -0.266 0.336
3.8 2.6 -0.304 0.364
3.8 2.8 -0.342 0.392
3.8 3 -0.38 0.42
3.8 3.2 -0.418 0.448
3.8 3.4 -0.456 0.476
3.8 3.6 -0.494 0.504
3.8 3.8 -0.532 0.532
3.8 4 -0.57 0.56
3.8 4.2 -0.608 0.588
3.8 4.4 -0.646 0.616
3.8 4.6 -0.684 0.644
3.8 4.8 -0.722 0.672
3.8 5 -0.76 0.7
4 -5 1.2 -0.75
4 -4.8 1.16 -0.72
4 -4.6 1.12 -0.69
4 -4.4 1.08 -0.66
4 -4.2 1.04 -0.63
4 -4 1 -0.6
4 -3.8 0.96 -0.57
4 -3.6 0.92 -0.54
4 -3.4 0.88 -0.51
4 -3.2 0.84 -0.48
4 -3 0.8 -0.45
4 -2.8 0.76 -0.42
4 -2.6 0.72 -0.39
4 -2.4 0.68 -0.36
4 -2.2 0.64 -0.33
4 -2 0.6 -0.3
4 -1.8 0.56 -0.27
4 -1.6 0.52 -0.24
4 -1.4 0.48 -0.21
4 -1.2 0.44 -0.18
4 -1 0.4 -0.15
4 -0.8 0.36 -0.12
4 -0.6 0.32 -0.09
4 -0.4 0.28 -0.06
4 -0.2 0.24 -0.03
4 -2.68221e-07 0.2 -4.02331e-08
4 0.2 0.16 0.03
4 0.4 0.12 0.06
4 0.6 0.0800001 0.09
4 0.8 0.0400001 0.12
4 1 5.96046e-08 0.15
4 1.2 -0.0399999 0.18
4 1.4 -0.0799999 0.21
4 1.6 -0.12 0.24
4 1.8 -0.16 0.27
4 2 -0.2 0.3
4 2.2 -0.24 0.33
4 2.4 -0.28 0.36
4 2.6 -0.32 0.39
4 2.8 -0.36 0.42
4 3 -0.4 0.45
4 3.2 -0.44 0.48
4 3.4 -0.48 0.51
4 3.6 -0.52 0.54
4 3.8 -0.56 0.57
4 4 -0.6 0.6
4 4.2 -0.64 0.63
4 4.4 -0.68 0.66
4 4.6 -0.72 0.69
4 4.8 -0.76 0.72
4 5 -0.8 0.75
4.2 -5 1.26 -0.8
4.2 -4.8 1.218 -0.768
4.2 -4.6 1.176 -0.736
4.2 -4.4 1.134 -0.704
4.2 -4.2 1.092 -0.672
4.2 -4 1.05 -0.64
4.2 -3.8 1.008 -0.608
4.2 -3.6 0.966 -0.576
4.2 -3.4 0.924 -0.544
4.2 -3.2 0.882 -0.512
4.2 -3 0.84 -0.48
4.2 -2.8 0.798 -0.448
4.2 -2.6 0.756 -0.416
4.2 -2.4 0.714 -0.384
4.2 -2.2 0.672 -0.352
4.2 -2 0.63 -0.32
4.2 -1.8 0.588 -0.288
4.2 -1.6 0.546 -0.256
4.2 -1.4 0.504 -0.224
4.2 -1.2 0.462 -0.192
4.2 -1 0.42 -0.16
4.2 -0.8 0.378 -0.128
4.2 -0.6 0.336 -0.096
4.2 -0.4 0.294 -0.064
4.2 -0.2 0.252 -0.032
4.2 -2.68221e-07 0.21 -4.29153e-08
4.2 0.2 0.168 0.032
4.2 0.4 0.126 0.064
4.2 0.6 0.0840001 0.0959999
4.2 0.8 0.0420001 0.128
4.2 1 6.25849e-08 0.16
4.2 1.2 -0.0419999 0.192
4.2 1.4 -0.0839999 0.224
4.2 1.6 -0.126 0.256
4.2 1.8 -0.168 0.288
4.2 2 -0.21 0.32
4.2 2.2 -0.252 0.352
4.2 2.4 -0.294 0.384
4.2 2.6 -0.336 0.416
4.2 2.8 -0.378 0.448
4.2 3 -0.42 0.48
4.2 3.2 -0.462 0.512
4.2 3.4 -0.504 0.544
4.2 3.6 -0.546 0.576
4.2 3.8 -0.588 0.608
4.2 4 -0.63 0.64
4.2 4.2 -0.672 0.672
4.2 4.4 -0.714 0.704
4.2 4.6 -0.756 0.736
4.2 4.8 -0.798 0.768
4.2 5 -0.84 0.8
4.4 -5 1.32 -0.85
4.4 -4.8 1.276 -0.816
4.4 -4.6 1.232 -0.782
4.4 -4.4 1.188 -0.748
4.4 -4.2 1.144 -0.714
4.4 -4 1.1 -0.68
4.4 -3.8 1.056 -0.646
4.4 -3.6 1.012 -0.612
4.4 -3.4 0.968 -0.578
4.4 -3.2 0.924 -0.544
4.4 -3 0.88 -0.51
4.4 -2.8 0.836 -0.476
4.4 -2.6 0.792 -0.442
4.4 -2.4 0.748 -0.408
4.4 -2.2 0.704 -0.374
4.4 -2 0.66 -0.34
4.4 -1.8 0.616 -0.306
4.4 -1.6 0.572 -0.272
4.4 -1.4 0.528 -0.238
4.4 -1.2 0.484 -0.204
4.4 -1 0.44 -0.17
4.4 -0.8 0.396 -0.136
4.4 -0.6 0.352 -0.102
4.4 -0.4 0.308 -0.068
4.4 -0.2 0.264 -0.034
4.4 -2.68221e-07 0.22 -4.55975e-08
4.4 0.2 0.176 0.0339999
4.4 0.4 0.132 0.068
4.4 0.6 0.0880001 0.102
4.4 0.8 0.0440001 0.136
4.4 1 6.55651e-08 0.17
4.4 1.2 -0.0439999 0.204
4.4 1.4 -0.0879999 0.238
4.4 1.6 -0.132 0.272
4.4 1.8 -0.176 0.306
4.4 2 -0.22 0.34
4.4 2.2 -0.264 0.374
4.4 2.4 -0.308 0.408
4.4 2.6 -0.352 0.442
4.4 2.8 -0.396 0.476
4.4 3 -0.44 0.51
4.4 3.2 -0.484 0.544
4.4 3.4 -0.528 0.578
4.4 3.6 -0.572 0.612
4.4 3.8 -0.616 0.646
4.4 4 -0.66 0.68
4.4 4.2 -0.704 0.714
4.4 4.4 -0.748 0.748
4.4 4.6 -0.792 0.782
4.4 4.8 -0.836 0.816
4.4 5 -0.88 0.85
4.6 -5 1.38 -0.9
4.6 -4.8 1.334 -0.864
4.6 -4.6 1.288 -0.828
4.6 -4.4 1.242 -0.792
4.6 -4.2 1.196 -0.756
4.6 -4 1.15 -0.72
4.6 -3.8 1.104 -0.684
4.6 -3.6 1.058 -0.648
4.6 -3.4 1.012 -0.612
4.6 -3.2 0.966 -0.576
4.6 -3 0.92 -0.54
4.6 -2.8 0.874 -0.504
4.6 -2.6 0.828 -0.468
4.6 -2.4 0.782 -0.432
4.6 -2.2 0.736 -0.396
4.6 -2 0.69 -0.36
4.6 -1.8 0.644 -0.324
4.6 -1.6 0.598 -0.288
4.6 -1.4 0.552 -0.252
4.6 -1.2 0.506 -0.216
4.6 -1 0.46 -0.18
4.6 -0.8 0.414 -0.144
4.6 -0.6 0.368 -0.108
4.6 -0.4 0.322 -0.072
4.6 -0.2 0.276 -0.036
4.6 -2.68221e-07 0.23 -4.82798e-08
4.6 0.2 0.184 0.036
4.6 0.4 0.138 0.0719999
4.6 0.6 0.0920001 0.108
4.6 0.8 0.0460001 0.144
4.6 1 6.85453e-08 0.18
4.6 1.2 -0.0459999 0.216
4.6 1.4 -0.0919999 0.252
4.6 1.6 -0.138 0.288
4.6 1.8 -0.184 0.324
4.6 2 -0.23 0.36
4.6 2.2 -0.276 0.396
4.6 2.4 -0.322 0.432
4.6 2.6 -0.368 0.468
4.6 2.8 -0.414 0.504
4.6 3 -0.46 0.54
4.6 3.2 -0.506 0.576
4.6 3.4 -0.552 0.612
4.6 3.6 -0.598 0.648
4.6 3.8 -0.644 0.684
4.6 4 -0.69 0.72
4.6 4.2 -0.736 0.756
4.6 4.4 -0.782 0.792
4.6 4.6 -0.828 0.828
4.6 4.8 -0.874 0.864
4.6 5 -0.92 0.9
4.8 -5 1.44 -0.95
4.8 -4.8 1.392 -0.912
4.8 -4.6 1.344 -0.874
4.8 -4.4 1.296 -0.836
4.8 -4.2 1.248 -0.798
4.8 -4 1.2 -0.76
4.8 -3.8 1.152 -0.722
4.8 -3.6 1.104 -0.684
4.8 -3.4 1.056 -0.646
4.8 -3.2 1.008 -0.608
4.8 -3 0.96 -0.57
4.8 -2.8 0.912 -0.532
4.8 -2.6 0.864 -0.494
4.8 -2.4 0.816 -0.456
4.8 -2.2 0.768 -0.418
4.8 -2 0.72 -0.38
4.8 -1.8 0.672 -0.342
4.8 -1.6 0.624 -0.304
4.8 -1.4 0.576 -0.266
4.8 -1.2 0.528 -0.228
4.8 -1 0.48 -0.19
4.8 -0.8 0.432 -0.152
4.8 -0.6 0.384 -0.114
4.8 -0.4 0.336 -0.076
4.8 -0.2 0.288 -0.038
4.8 -2.68221e-07 0.24 -5.0962e-08
4.8 0.2 0.192 0.0379999
4.8 0.4 0.144 0.0759999
4.8 0.6 0.0960001 0.114
4.8 0.8 0.0480001 0.152
4.8 1 7.15256e-08 0.19
4.8 1.2 -0.0479999 0.228
4.8 1.4 -0.0959999 0.266
4.8 1.6 -0.144 0.304
4.8 1.8 -0.192 0.342
4.8 2 -0.24 0.38
4.8 2.2 -0.288 0.418
4.8 2.4 -0.336 0.456
4.8 2.6 -0.384 0.494
4.8 2.8 -0.432 0.532
4.8 3 -0.48 0.57
4.8 3.2 -0.528 0.608
4.8 3.4 -0.576 0.646
4.8 3.6 -0.624 0.684
4.8 3.8 -0.672 0.722
4.8 4 -0.72 0.76
4.8 4.2 -0.768 0.798
4.8 4.4 -0.816 0.836
4.8 4.6 -0.864 0.874
4.8 4.8 -0.912 0.912
4.8 5 -0.96 0.95
5 -5 1.5 -1
5 -4.8 1.45 -0.96
5 -4.6 1.4 -0.92
5 -4.4 1.35 -0.88
5 -4.2 1.3 -0.84
5 -4 1.25 -0.8
5 -3.8 1.2 -0.76
5 -3.6 1.15 -0.72
5 -3.4 1.1 -0.68
5 -3.2 1.05 -0.64
5 -3 1 -0.6
5 -2.8 0.95 -0.56
5 -2.6 0.9 -0.52
5 -2.4 0.85 -0.48
5 -2.2 0.8 -0.44
5 -2 0.75 -0.4
5 -1.8 0.7 -0.36
5 -1.6 0.65 -0.32
5 -1.4 0.6 -0.28
5 -1.2 0.55 -0.24
5 -1 0.5 -0.2
5 -0.8 0.45 -0.16
5 -0.6 0.4 -0.12
5 -0.4 0.35 -0.08
5 -0.2 0.3 -0.04
5 -2.68221e-07 0.25 -5.36442e-08
5 0.2 0.2 0.0399999
5 0.4 0.15 0.0799999
5 0.6 0.1 0.12
5 0.8 0.0500001 0.16
5 1 7.45058e-08 0.2
5 1.2 -0.0499999 0.24
5 1.4 -0.0999999 0.28
5 1.6 -0.15 0.32
5 1.8 -0.2 0.36
5 2 -0.25 0.4
5 2.2 -0.3 0.44
5 2.4 -0.35 0.48
5 2.6 -0.4 0.52
5 2.8 -0.45 0.56
5 3 -0.5 0.6
5 3.2 -0.55 0.64
5 3.4 -0.6 0.68
5 3.6 -0.65 0.72
5 3.8 -0.7 0.76
5 4 -0.75 0.8
5 4.2 -0.8 0.84
5 4.4 -0.85 0.88
5 4.6 -0.9 0.92
5 4.8 -0.95 0.96
5 5 -1 1
