-5 -5 0.0141831 -0.235708
-5 -4.8 0.0141831 -0.226119
-5 -4.6 0.0141831 -0.216529
-5 -4.4 0.0141831 -0.20694
-5 -4.2 0.0141831 -0.197351
-5 -4 0.0141831 -0.187762
-5 -3.8 0.0141831 -0.178172
-5 -3.6 0.0141831 -0.168583
-5 -3.4 0.0141831 -0.158994
-5 -3.2 0.0141831 -0.149405
-5 -3 0.0141831 -0.139815
-5 -2.8 0.0141831 -0.130226
-5 -2.6 0.0141831 -0.120637
-5 -2.4 0.0141831 -0.111048
-5 -2.2 0.0141831 -0.101458
-5 -2 0.0141831 -0.0918692
-5 -1.8 0.0141831 -0.08228
-5 -1.6 0.0141831 -0.0726907
-5 -1.4 0.0141831 -0.0631015
-5 -1.2 0.0141831 -0.0535123
-5 -1 0.0141831 -0.043923
-5 -0.8 0.0141831 -0.0343338
-5 -0.6 0.0141831 -0.0247445
-5 -0.4 0.0141831 -0.0151553
-5 -0.2 0.0141831 -0.00556604
-5 -2.68221e-07 0.0141831 0.0040232
-5 0.2 0.0141831 0.0136124
-5 0.4 0.0141831 0.0232017
-5 0.6 0.0141831 0.0327909
-5 0.8 0.0141831 0.0423802
-5 1 0.0141831 0.0519694
-5 1.2 0.0141831 0.0615587
-5 1.4 0.0141831 0.0711479
-5 1.6 0.0141831 0.0807371
-5 1.8 0.0141831 0.0903264
-5 2 0.0141831 0.0999156
-5 2.2 0.0141831 0.109505
-5 2.4 0.0141831 0.119094
-5 2.6 0.0141831 0.128683
-5 2.8 0.0141831 0.138273
-5 3 0.0141831 0.147862
-5 3.2 0.0141831 0.157451
-5 3.4 0.0141831 0.16704
-5 3.6 0.0141831 0.17663
-5 3.8 0.0141831 0.186219
-5 4 0.0141831 0.195808
-5 4.2 0.0141831 0.205397
-5 4.4 0.0141831 0.214987
-5 4.6 0.0141831 0.224576
-5 4.8 0.0141831 0.234165
-5 5 0.0141831 0.243754
-4.8 -5 0.00437496 -0.248658
-4.8 -4.8 0.00437496 -0.238697
-4.8 -4.6 0.00437496 -0.228735
-4.8 -4.4 0.00437496 -0.218773
-4.8 -4.2 0.00437496 -0.208812
-4.8 -4 0.00437496 -0.19885
-4.8 -3.8 0.00437496 -0.188889
-4.8 -3.6 0.00437496 -0.178927
-4.8 -3.4 0.00437496 -0.168965
-4.8 -3.2 0.00437496 -0.159004
-4.8 -3 0.00437496 -0.149042
-4.8 -2.8 0.00437496 -0.13908
-4.8 -2.6 0.00437496 -0.129119
-4.8 -2.4 0.00437496 -0.119157
-4.8 -2.2 0.00437496 -0.109195
-4.8 -2 0.00437496 -0.0992337
-4.8 -1.8 0.00437496 -0.089272
-4.8 -1.6 0.00437496 -0.0793104
-4.8 -1.4 0.00437496 -0.0693487
-4.8 -1.2 0.00437496 -0.0593871
-4.8 -1 0.00437496 -0.0494254
-4.8 -0.8 0.00437496 -0.0394638
-4.8 -0.6 0.00437496 -0.0295021
-4.8 -0.4 0.00437496 -0.0195405
-4.8 -0.2 0.00437496 -0.00957885
-4.8 -2.68221e-07 0.00437496 0.000382792
-4.8 0.2 0.00437496 0.0103444
-4.8 0.4 0.00437496 0.0203061
-4.8 0.6 0.00437496 0.0302677
-4.8 0.8 0.00437496 0.0402294
-4.8 1 0.00437496 0.050191
-4.8 1.2 0.00437496 0.0601527
-4.8 1.4 0.00437496 0.0701143
-4.8 1.6 0.00437496 0.080076
-4.8 1.8 0.00437496 0.0900376
-4.8 2 0.00437496 0.0999993
-4.8 2.2 0.00437496 0.109961
-4.8 2.4 0.00437496 0.119923
-4.8 2.6 0.00437496 0.129884
-4.8 2.8 0.00437496 0.139846
-4.8 3 0.00437496 0.149807
-4.8 3.2 0.00437496 0.159769
-4.8 3.4 0.00437496 0.169731
-4.8 3.6 0.00437496 0.179692
-4.8 3.8 0.00437496 0.189654
-4.8 4 0.00437496 0.199616
-4.8 4.2 0.00437496 0.209577
-4.8 4.4 0.00437496 0.219539
-4.8 4.6 0.00437496 0.229501
-4.8 4.8 0.00437496 0.239462
-4.8 5 0.00437496 0.249424
-4.6 -5 -0.00560761 -0.247794
-4.6 -4.8 -0.00560761 -0.237857
-4.6 -4.6 -0.00560761 -0.22792
-4.6 -4.4 -0.00560761 -0.217983
-4.6 -4.2 -0.00560761 -0.208046
-4.6 -4 -0.00560761 -0.198109
-4.6 -3.8 -0.00560761 -0.188172
-4.6 -3.6 -0.00560761 -0.178236
-4.6 -3.4 -0.00560761 -0.168299
-4.6 -3.2 -0.00560761 -0.158362
-4.6 -3 -0.00560761 -0.148425
-4.6 -2.8 -0.00560761 -0.138488
-4.6 -2.6 -0.00560761 -0.128551
-4.6 -2.4 -0.00560761 -0.118614
-4.6 -2.2 -0.00560761 -0.108677
-4.6 -2 -0.00560761 -0.0987402
-4.6 -1.8 -0.00560761 -0.0888033
-4.6 -1.6 -0.00560761 -0.0788664
-4.6 -1.4 -0.00560761 -0.0689295
-4.6 -1.2 -0.00560761 -0.0589926
-4.6 -1 -0.00560761 -0.0490557
-4.6 -0.8 -0.00560761 -0.0391187
-4.6 -0.6 -0.00560761 -0.0291818
-4.6 -0.4 -0.00560761 -0.0192449
-4.6 -0.2 -0.00560761 -0.00930802
-4.6 -2.68221e-07 -0.00560761 0.000628892
-4.6 0.2 -0.00560761 0.0105658
-4.6 0.4 -0.00560761 0.0205027
-4.6 0.6 -0.00560761 0.0304396
-4.6 0.8 -0.00560761 0.0403765
-4.6 1 -0.00560761 0.0503134
-4.6 1.2 -0.00560761 0.0602504
-4.6 1.4 -0.00560761 0.0701873
-4.6 1.6 -0.00560761 0.0801242
-4.6 1.8 -0.00560761 0.0900611
-4.6 2 -0.00560761 0.099998
-4.6 2.2 -0.00560761 0.109935
-4.6 2.4 -0.00560761 0.119872
-4.6 2.6 -0.00560761 0.129809
-4.6 2.8 -0.00560761 0.139746
-4.6 3 -0.00560761 0.149683
-4.6 3.2 -0.00560761 0.159619
-4.6 3.4 -0.00560761 0.169556
-4.6 3.6 -0.00560761 0.179493
-4.6 3.8 -0.00560761 0.18943
-4.6 4 -0.00560761 0.199367
-4.6 4.2 -0.00560761 0.209304
-4.6 4.4 -0.00560761 0.219241
-4.6 4.6 -0.00560761 0.229178
-4.6 4.8 -0.00560761 0.239115
-4.6 5 -0.00560761 0.249052
-4.4 -5 -0.0153666 -0.233178
-4.4 -4.8 -0.0153666 -0.223662
-4.4 -4.6 -0.0153666 -0.214146
-4.4 -4.4 -0.0153666 -0.20463
-4.4 -4.2 -0.0153666 -0.195114
-4.4 -4 -0.0153666 -0.185598
-4.4 -3.8 -0.0153666 -0.176082
-4.4 -3.6 -0.0153666 -0.166566
-4.4 -3.4 -0.0153666 -0.15705
-4.4 -3.2 -0.0153666 -0.147534
-4.4 -3 -0.0153666 -0.138018
-4.4 -2.8 -0.0153666 -0.128502
-4.4 -2.6 -0.0153666 -0.118986
-4.4 -2.4 -0.0153666 -0.10947
-4.4 -2.2 -0.0153666 -0.0999536
-4.4 -2 -0.0153666 -0.0904376
-4.4 -1.8 -0.0153666 -0.0809216
-4.4 -1.6 -0.0153666 -0.0714055
-4.4 -1.4 -0.0153666 -0.0618895
-4.4 -1.2 -0.0153666 -0.0523735
-4.4 -1 -0.0153666 -0.0428575
-4.4 -0.8 -0.0153666 -0.0333414
-4.4 -0.6 -0.0153666 -0.0238254
-4.4 -0.4 -0.0153666 -0.0143094
-4.4 -0.2 -0.0153666 -0.00479338
-4.4 -2.68221e-07 -0.0153666 0.00472265
-4.4 0.2 -0.0153666 0.0142387
-4.4 0.4 -0.0153666 0.0237547
-4.4 0.6 -0.0153666 0.0332707
-4.4 0.8 -0.0153666 0.0427867
-4.4 1 -0.0153666 0.0523028
-4.4 1.2 -0.0153666 0.0618188
-4.4 1.4 -0.0153666 0.0713348
-4.4 1.6 -0.0153666 0.0808508
-4.4 1.8 -0.0153666 0.0903669
-4.4 2 -0.0153666 0.0998829
-4.4 2.2 -0.0153666 0.109399
-4.4 2.4 -0.0153666 0.118915
-4.4 2.6 -0.0153666 0.128431
-4.4 2.8 -0.0153666 0.137947
-4.4 3 -0.0153666 0.147463
-4.4 3.2 -0.0153666 0.156979
-4.4 3.4 -0.0153666 0.166495
-4.4 3.6 -0.0153666 0.176011
-4.4 3.8 -0.0153666 0.185527
-4.4 4 -0.0153666 0.195043
-4.4 4.2 -0.0153666 0.204559
-4.4 4.4 -0.0153666 0.214075
-4.4 4.6 -0.0153666 0.223591
-4.4 4.8 -0.0153666 0.233107
-4.4 5 -0.0153666 0.242623
-4.2 -5 -0.024513 -0.205876
-4.2 -4.8 -0.024513 -0.197161
-4.2 -4.6 -0.024513 -0.188445
-4.2 -4.4 -0.024513 -0.179729
-4.2 -4.2 -0.024513 -0.171013
-4.2 -4 -0.024513 -0.162298
-4.2 -3.8 -0.024513 -0.153582
-4.2 -3.6 -0.024513 -0.144866
-4.2 -3.4 -0.024513 -0.13615
-4.2 -3.2 -0.024513 -0.127434
-4.2 -3 -0.024513 -0.118719
-4.2 -2.8 -0.024513 -0.110003
-4.2 -2.6 -0.024513 -0.101287
-4.2 -2.4 -0.024513 -0.0925714
-4.2 -2.2 -0.024513 -0.0838557
-4.2 -2 -0.024513 -0.0751399
-4.2 -1.8 -0.024513 -0.0664241
-4.2 -1.6 -0.024513 -0.0577084
-4.2 -1.4 -0.024513 -0.0489926
-4.2 -1.2 -0.024513 -0.0402768
-4.2 -1 -0.024513 -0.0315611
-4.2 -0.8 -0.024513 -0.0228453
-4.2 -0.6 -0.024513 -0.0141295
-4.2 -0.4 -0.024513 -0.00541378
-4.2 -0.2 -0.024513 0.00330198
-4.2 -2.68221e-07 -0.024513 0.0120177
-4.2 0.2 -0.024513 0.0207335
-4.2 0.4 -0.024513 0.0294493
-4.2 0.6 -0.024513 0.038165
-4.2 0.8 -0.024513 0.0468808
-4.2 1 -0.024513 0.0555965
-4.2 1.2 -0.024513 0.0643123
-4.2 1.4 -0.024513 0.0730281
-4.2 1.6 -0.024513 0.0817438
-4.2 1.8 -0.024513 0.0904596
-4.2 2 -0.024513 0.0991754
-4.2 2.2 -0.024513 0.107891
-4.2 2.4 -0.024513 0.116607
-4.2 2.6 -0.024513 0.125323
-4.2 2.8 -0.024513 0.134038
-4.2 3 -0.024513 0.142754
-4.2 3.2 -0.024513 0.15147
-4.2 3.4 -0.024513 0.160186
-4.2 3.6 -0.024513 0.168901
-4.2 3.8 -0.024513 0.177617
-4.2 4 -0.024513 0.186333
-4.2 4.2 -0.024513 0.195049
-4.2 4.4 -0.024513 0.203764
-4.2 4.6 -0.024513 0.21248
-4.2 4.8 -0.024513 0.221196
-4.2 5 -0.024513 0.229912
-4 -5 -0.0326821 -0.167838
-4 -4.8 -0.0326821 -0.16027
-4 -4.6 -0.0326821 -0.152702
-4 -4.4 -0.0326821 -0.145134
-4 -4.2 -0.0326821 -0.137566
-4 -4 -0.0326821 -0.129998
-4 -3.8 -0.0326821 -0.12243
-4 -3.6 -0.0326821 -0.114862
-4 -3.4 -0.0326821 -0.107294
-4 -3.2 -0.0326821 -0.0997261
-4 -3 -0.0326821 -0.092158
-4 -2.8 -0.0326821 -0.08459
-4 -2.6 -0.0326821 -0.077022
-4 -2.4 -0.0326821 -0.0694539
-4 -2.2 -0.0326821 -0.0618859
-4 -2 -0.0326821 -0.0543179
-4 -1.8 -0.0326821 -0.0467498
-4 -1.6 -0.0326821 -0.0391818
-4 -1.4 -0.0326821 -0.0316138
-4 -1.2 -0.0326821 -0.0240457
-4 -1 -0.0326821 -0.0164777
-4 -0.8 -0.0326821 -0.00890968
-4 -0.6 -0.0326821 -0.00134165
-4 -0.4 -0.0326821 0.00622638
-4 -0.2 -0.0326821 0.0137944
-4 -2.68221e-07 -0.0326821 0.0213624
-4 0.2 -0.0326821 0.0289305
-4 0.4 -0.0326821 0.0364985
-4 0.6 -0.0326821 0.0440665
-4 0.8 -0.0326821 0.0516346
-4 1 -0.0326821 0.0592026
-4 1.2 -0.0326821 0.0667706
-4 1.4 -0.0326821 0.0743387
-4 1.6 -0.0326821 0.0819067
-4 1.8 -0.0326821 0.0894747
-4 2 -0.0326821 0.0970428
-4 2.2 -0.0326821 0.104611
-4 2.4 -0.0326821 0.112179
-4 2.6 -0.0326821 0.119747
-4 2.8 -0.0326821 0.127315
-4 3 -0.0326821 0.134883
-4 3.2 -0.0326821 0.142451
-4 3.4 -0.0326821 0.150019
-4 3.6 -0.0326821 0.157587
-4 3.8 -0.0326821 0.165155
-4 4 -0.0326821 0.172723
-4 4.2 -0.0326821 0.180291
-4 4.4 -0.0326821 0.187859
-4 4.6 -0.0326821 0.195427
-4 4.8 -0.0326821 0.202995
-4 5 -0.0326821 0.210563
-3.8 -5 -0.0395484 -0.121683
-3.8 -4.8 -0.0395484 -0.115565
-3.8 -4.6 -0.0395484 -0.109446
-3.8 -4.4 -0.0395484 -0.103327
-3.8 -4.2 -0.0395484 -0.0972089
-3.8 -4 -0.0395484 -0.0910903
-3.8 -3.8 -0.0395484 -0.0849717
-3.8 -3.6 -0.0395484 -0.0788531
-3.8 -3.4 -0.0395484 -0.0727345
-3.8 -3.2 -0.0395484 -0.066616
-3.8 -3 -0.0395484 -0.0604974
-3.8 -2.8 -0.0395484 -0.0543788
-3.8 -2.6 -0.0395484 -0.0482602
-3.8 -2.4 -0.0395484 -0.0421416
-3.8 -2.2 -0.0395484 -0.036023
-3.8 -2 -0.0395484 -0.0299044
-3.8 -1.8 -0.0395484 -0.0237858
-3.8 -1.6 -0.0395484 -0.0176672
-3.8 -1.4 -0.0395484 -0.0115487
-3.8 -1.2 -0.0395484 -0.00543007
-3.8 -1 -0.0395484 0.000688515
-3.8 -0.8 -0.0395484 0.0068071
-3.8 -0.6 -0.0395484 0.0129257
-3.8 -0.4 -0.0395484 0.0190443
-3.8 -0.2 -0.0395484 0.0251629
-3.8 -2.68221e-07 -0.0395484 0.0312814
-3.8 0.2 -0.0395484 0.0374
-3.8 0.4 -0.0395484 0.0435186
-3.8 0.6 -0.0395484 0.0496372
-3.8 0.8 -0.0395484 0.0557558
-3.8 1 -0.0395484 0.0618744
-3.8 1.2 -0.0395484 0.067993
-3.8 1.4 -0.0395484 0.0741115
-3.8 1.6 -0.0395484 0.0802301
-3.8 1.8 -0.0395484 0.0863487
-3.8 2 -0.0395484 0.0924673
-3.8 2.2 -0.0395484 0.0985859
-3.8 2.4 -0.0395484 0.104704
-3.8 2.6 -0.0395484 0.110823
-3.8 2.8 -0.0395484 0.116942
-3.8 3 -0.0395484 0.12306
-3.8 3.2 -0.0395484 0.129179
-3.8 3.4 -0.0395484 0.135297
-3.8 3.6 -0.0395484 0.141416
-3.8 3.8 -0.0395484 0.147535
-3.8 4 -0.0395484 0.153653
-3.8 4.2 -0.0395484 0.159772
-3.8 4.4 -0.0395484 0.16589
-3.8 4.6 -0.0395484 0.172009
-3.8 4.8 -0.0395484 0.178127
-3.8 5 -0.0395484 0.184246
-3.6 -5 -0.0448379 -0.0704216
-3.6 -4.8 -0.0448379 -0.0659963
-3.6 -4.6 -0.0448379 -0.0615711
-3.6 -4.4 -0.0448379 -0.0571459
-3.6 -4.2 -0.0448379 -0.0527207
-3.6 -4 -0.0448379 -0.0482955
-3.6 -3.8 -0.0448379 -0.0438703
-3.6 -3.6 -0.0448379 -0.0394451
-3.6 -3.4 -0.0448379 -0.0350199
-3.6 -3.2 -0.0448379 -0.0305947
-3.6 -3 -0.0448379 -0.0261694
-3.6 -2.8 -0.0448379 -0.0217442
-3.6 -2.6 -0.0448379 -0.017319
-3.6 -2.4 -0.0448379 -0.0128938
-3.6 -2.2 -0.0448379 -0.0084686
-3.6 -2 -0.0448379 -0.00404338
-3.6 -1.8 -0.0448379 0.00038183
-3.6 -1.6 -0.0448379 0.00480704
-3.6 -1.4 -0.0448379 0.00923226
-3.6 -1.2 -0.0448379 0.0136575
-3.6 -1 -0.0448379 0.0180827
-3.6 -0.8 -0.0448379 0.0225079
-3.6 -0.6 -0.0448379 0.0269331
-3.6 -0.4 -0.0448379 0.0313583
-3.6 -0.2 -0.0448379 0.0357835
-3.6 -2.68221e-07 -0.0448379 0.0402087
-3.6 0.2 -0.0448379 0.044634
-3.6 0.4 -0.0448379 0.0490592
-3.6 0.6 -0.0448379 0.0534844
-3.6 0.8 -0.0448379 0.0579096
-3.6 1 -0.0448379 0.0623348
-3.6 1.2 -0.0448379 0.06676
-3.6 1.4 -0.0448379 0.0711852
-3.6 1.6 -0.0448379 0.0756104
-3.6 1.8 -0.0448379 0.0800357
-3.6 2 -0.0448379 0.0844609
-3.6 2.2 -0.0448379 0.0888861
-3.6 2.4 -0.0448379 0.0933113
-3.6 2.6 -0.0448379 0.0977365
-3.6 2.8 -0.0448379 0.102162
-3.6 3 -0.0448379 0.106587
-3.6 3.2 -0.0448379 0.111012
-3.6 3.4 -0.0448379 0.115437
-3.6 3.6 -0.0448379 0.119863
-3.6 3.8 -0.0448379 0.124288
-3.6 4 -0.0448379 0.128713
-3.6 4.2 -0.0448379 0.133138
-3.6 4.4 -0.0448379 0.137563
-3.6 4.6 -0.0448379 0.141989
-3.6 4.8 -0.0448379 0.146414
-3.6 5 -0.0448379 0.150839
-3.4 -5 -0.0483399 -0.0171506
-3.4 -4.8 -0.0483399 -0.0145951
-3.4 -4.6 -0.0483399 -0.0120397
-3.4 -4.4 -0.0483399 -0.00948431
-3.4 -4.2 -0.0483399 -0.00692889
-3.4 -4 -0.0483399 -0.00437347
-3.4 -3.8 -0.0483399 -0.00181805
-3.4 -3.6 -0.0483399 0.000737367
-3.4 -3.4 -0.0483399 0.00329279
-3.4 -3.2 -0.0483399 0.00584821
-3.4 -3 -0.0483399 0.00840363
-3.4 -2.8 -0.0483399 0.010959
-3.4 -2.6 -0.0483399 0.0135145
-3.4 -2.4 -0.0483399 0.0160699
-3.4 -2.2 -0.0483399 0.0186253
-3.4 -2 -0.0483399 0.0211807
-3.4 -1.8 -0.0483399 0.0237361
-3.4 -1.6 -0.0483399 0.0262916
-3.4 -1.4 -0.0483399 0.028847
-3.4 -1.2 -0.0483399 0.0314024
-3.4 -1 -0.0483399 0.0339578
-3.4 -0.8 -0.0483399 0.0365132
-3.4 -0.6 -0.0483399 0.0390687
-3.4 -0.4 -0.0483399 0.0416241
-3.4 -0.2 -0.0483399 0.0441795
-3.4 -2.68221e-07 -0.0483399 0.0467349
-3.4 0.2 -0.0483399 0.0492903
-3.4 0.4 -0.0483399 0.0518458
-3.4 0.6 -0.0483399 0.0544012
-3.4 0.8 -0.0483399 0.0569566
-3.4 1 -0.0483399 0.059512
-3.4 1.2 -0.0483399 0.0620674
-3.4 1.4 -0.0483399 0.0646228
-3.4 1.6 -0.0483399 0.0671783
-3.4 1.8 -0.0483399 0.0697337
-3.4 2 -0.0483399 0.0722891
-3.4 2.2 -0.0483399 0.0748445
-3.4 2.4 -0.0483399 0.0773999
-3.4 2.6 -0.0483399 0.0799554
-3.4 2.8 -0.0483399 0.0825108
-3.4 3 -0.0483399 0.0850662
-3.4 3.2 -0.0483399 0.0876216
-3.4 3.4 -0.0483399 0.090177
-3.4 3.6 -0.0483399 0.0927325
-3.4 3.8 -0.0483399 0.0952879
-3.4 4 -0.0483399 0.0978433
-3.4 4.2 -0.0483399 0.100399
-3.4 4.4 -0.0483399 0.102954
-3.4 4.6 -0.0483399 0.10551
-3.4 4.8 -0.0483399 0.108065
-3.4 5 -0.0483399 0.11062
-3.2 -5 -0.0499147 0.0352359
-3.2 -4.8 -0.0499147 0.0358196
-3.2 -4.6 -0.0499147 0.0364034
-3.2 -4.4 -0.0499147 0.0369871
-3.2 -4.2 -0.0499147 0.0375709
-3.2 -4 -0.0499147 0.0381546
-3.2 -3.8 -0.0499147 0.0387384
-3.2 -3.6 -0.0499147 0.0393221
-3.2 -3.4 -0.0499147 0.0399059
-3.2 -3.2 -0.0499147 0.0404896
-3.2 -3 -0.0499147 0.0410734
-3.2 -2.8 -0.0499147 0.0416571
-3.2 -2.6 -0.0499147 0.0422409
-3.2 -2.4 -0.0499147 0.0428246
-3.2 -2.2 -0.0499147 0.0434084
-3.2 -2 -0.0499147 0.0439921
-3.2 -1.8 -0.0499147 0.0445759
-3.2 -1.6 -0.0499147 0.0451596
-3.2 -1.4 -0.0499147 0.0457434
-3.2 -1.2 -0.0499147 0.0463271
-3.2 -1 -0.0499147 0.0469109
-3.2 -0.8 -0.0499147 0.0474946
-3.2 -0.6 -0.0499147 0.0480784
-3.2 -0.4 -0.0499147 0.0486621
-3.2 -0.2 -0.0499147 0.0492459
-3.2 -2.68221e-07 -0.0499147 0.0498296
-3.2 0.2 -0.0499147 0.0504134
-3.2 0.4 -0.0499147 0.0509971
-3.2 0.6 -0.0499147 0.0515809
-3.2 0.8 -0.0499147 0.0521646
-3.2 1 -0.0499147 0.0527484
-3.2 1.2 -0.0499147 0.0533321
-3.2 1.4 -0.0499147 0.0539159
-3.2 1.6 -0.0499147 0.0544996
-3.2 1.8 -0.0499147 0.0550834
-3.2 2 -0.0499147 0.0556671
-3.2 2.2 -0.0499147 0.0562509
-3.2 2.4 -0.0499147 0.0568346
-3.2 2.6 -0.0499147 0.0574184
-3.2 2.8 -0.0499147 0.0580021
-3.2 3 -0.0499147 0.0585859
-3.2 3.2 -0.0499147 0.0591696
-3.2 3.4 -0.0499147 0.0597534
-3.2 3.6 -0.0499147 0.0603371
-3.2 3.8 -0.0499147 0.0609209
-3.2 4 -0.0499147 0.0615046
-3.2 4.2 -0.0499147 0.0620883
-3.2 4.4 -0.0499147 0.0626721
-3.2 4.6 -0.0499147 0.0632558
-3.2 4.8 -0.0499147 0.0638396
-3.2 5 -0.0499147 0.0644233
-3 -5 -0.0494996 0.0842841
-3 -4.8 -0.0494996 0.0828729
-3 -4.6 -0.0494996 0.0814617
-3 -4.4 -0.0494996 0.0800505
-3 -4.2 -0.0494996 0.0786393
-3 -4 -0.0494996 0.0772281
-3 -3.8 -0.0494996 0.0758169
-3 -3.6 -0.0494996 0.0744058
-3 -3.4 -0.0494996 0.0729946
-3 -3.2 -0.0494996 0.0715834
-3 -3 -0.0494996 0.0701722
-3 -2.8 -0.0494996 0.068761
-3 -2.6 -0.0494996 0.0673498
-3 -2.4 -0.0494996 0.0659386
-3 -2.2 -0.0494996 0.0645274
-3 -2 -0.0494996 0.0631162
-3 -1.8 -0.0494996 0.061705
-3 -1.6 -0.0494996 0.0602938
-3 -1.4 -0.0494996 0.0588826
-3 -1.2 -0.0494996 0.0574714
-3 -1 -0.0494996 0.0560602
-3 -0.8 -0.0494996 0.054649
-3 -0.6 -0.0494996 0.0532379
-3 -0.4 -0.0494996 0.0518267
-3 -0.2 -0.0494996 0.0504155
-3 -2.68221e-07 -0.0494996 0.0490043
-3 0.2 -0.0494996 0.0475931
-3 0.4 -0.0494996 0.0461819
-3 0.6 -0.0494996 0.0447707
-3 0.8 -0.0494996 0.0433595
-3 1 -0.0494996 0.0419483
-3 1.2 -0.0494996 0.0405371
-3 1.4 -0.0494996 0.0391259
-3 1.6 -0.0494996 0.0377147
-3 1.8 -0.0494996 0.0363035
-3 2 -0.0494996 0.0348923
-3 2.2 -0.0494996 0.0334811
-3 2.4 -0.0494996 0.03207
-3 2.6 -0.0494996 0.0306588
-3 2.8 -0.0494996 0.0292476
-3 3 -0.0494996 0.0278364
-3 3.2 -0.0494996 0.0264252
-3 3.4 -0.0494996 0.025014
-3 3.6 -0.0494996 0.0236028
-3 3.8 -0.0494996 0.0221916
-3 4 -0.0494996 0.0207804
-3 4.2 -0.0494996 0.0193692
-3 4.4 -0.0494996 0.017958
-3 4.6 -0.0494996 0.0165468
-3 4.8 -0.0494996 0.0151356
-3 5 -0.0494996 0.0137244
-2.8 -5 -0.0471111 0.128136
-2.8 -4.8 -0.0471111 0.124786
-2.8 -4.6 -0.0471111 0.121436
-2.8 -4.4 -0.0471111 0.118086
-2.8 -4.2 -0.0471111 0.114737
-2.8 -4 -0.0471111 0.111387
-2.8 -3.8 -0.0471111 0.108037
-2.8 -3.6 -0.0471111 0.104687
-2.8 -3.4 -0.0471111 0.101337
-2.8 -3.2 -0.0471111 0.0979872
-2.8 -3 -0.0471111 0.0946373
-2.8 -2.8 -0.0471111 0.0912874
-2.8 -2.6 -0.0471111 0.0879376
-2.8 -2.4 -0.0471111 0.0845877
-2.8 -2.2 -0.0471111 0.0812378
-2.8 -2 -0.0471111 0.0778879
-2.8 -1.8 -0.0471111 0.0745381
-2.8 -1.6 -0.0471111 0.0711882
-2.8 -1.4 -0.0471111 0.0678383
-2.8 -1.2 -0.0471111 0.0644884
-2.8 -1 -0.0471111 0.0611385
-2.8 -0.8 -0.0471111 0.0577887
-2.8 -0.6 -0.0471111 0.0544388
-2.8 -0.4 -0.0471111 0.0510889
-2.8 -0.2 -0.0471111 0.047739
-2.8 -2.68221e-07 -0.0471111 0.0443892
-2.8 0.2 -0.0471111 0.0410393
-2.8 0.4 -0.0471111 0.0376894
-2.8 0.6 -0.0471111 0.0343395
-2.8 0.8 -0.0471111 0.0309897
-2.8 1 -0.0471111 0.0276398
-2.8 1.2 -0.0471111 0.0242899
-2.8 1.4 -0.0471111 0.02094
-2.8 1.6 -0.0471111 0.0175902
-2.8 1.8 -0.0471111 0.0142403
-2.8 2 -0.0471111 0.0108904
-2.8 2.2 -0.0471111 0.00754054
-2.8 2.4 -0.0471111 0.00419067
-2.8 2.6 -0.0471111 0.000840792
-2.8 2.8 -0.0471111 -0.00250908
-2.8 3 -0.0471111 -0.00585896
-2.8 3.2 -0.0471111 -0.00920884
-2.8 3.4 -0.0471111 -0.0125587
-2.8 3.6 -0.0471111 -0.0159086
-2.8 3.8 -0.0471111 -0.0192585
-2.8 4 -0.0471111 -0.0226083
-2.8 4.2 -0.0471111 -0.0259582
-2.8 4.4 -0.0471111 -0.0293081
-2.8 4.6 -0.0471111 -0.032658
-2.8 4.8 -0.0471111 -0.0360078
-2.8 5 -0.0471111 -0.0393577
-2.6 -5 -0.0428445 0.165588
-2.6 -4.8 -0.0428445 0.160433
-2.6 -4.6 -0.0428445 0.155278
-2.6 -4.4 -0.0428445 0.150123
-2.6 -4.2 -0.0428445 0.144968
-2.6 -4 -0.0428445 0.139813
-2.6 -3.8 -0.0428445 0.134658
-2.6 -3.6 -0.0428445 0.129503
-2.6 -3.4 -0.0428445 0.124348
-2.6 -3.2 -0.0428445 0.119193
-2.6 -3 -0.0428445 0.114038
-2.6 -2.8 -0.0428445 0.108883
-2.6 -2.6 -0.0428445 0.103728
-2.6 -2.4 -0.0428445 0.0985731
-2.6 -2.2 -0.0428445 0.0934181
-2.6 -2 -0.0428445 0.088263
-2.6 -1.8 -0.0428445 0.083108
-2.6 -1.6 -0.0428445 0.077953
-2.6 -1.4 -0.0428445 0.072798
-2.6 -1.2 -0.0428445 0.067643
-2.6 -1 -0.0428445 0.062488
-2.6 -0.8 -0.0428445 0.057333
-2.6 -0.6 -0.0428445 0.052178
-2.6 -0.4 -0.0428445 0.047023
-2.6 -0.2 -0.0428445 0.041868
-2.6 -2.68221e-07 -0.0428445 0.036713
-2.6 0.2 -0.0428445 0.0315579
-2.6 0.4 -0.0428445 0.0264029
-2.6 0.6 -0.0428445 0.0212479
-2.6 0.8 -0.0428445 0.0160929
-2.6 1 -0.0428445 0.0109379
-2.6 1.2 -0.0428445 0.0057829
-2.6 1.4 -0.0428445 0.000627892
-2.6 1.6 -0.0428445 -0.00452712
-2.6 1.8 -0.0428445 -0.00968213
-2.6 2 -0.0428445 -0.0148371
-2.6 2.2 -0.0428445 -0.0199921
-2.6 2.4 -0.0428445 -0.0251472
-2.6 2.6 -0.0428445 -0.0303022
-2.6 2.8 -0.0428445 -0.0354572
-2.6 3 -0.0428445 -0.0406122
-2.6 3.2 -0.0428445 -0.0457672
-2.6 3.4 -0.0428445 -0.0509222
-2.6 3.6 -0.0428445 -0.0560772
-2.6 3.8 -0.0428445 -0.0612322
-2.6 4 -0.0428445 -0.0663872
-2.6 4.2 -0.0428445 -0.0715422
-2.6 4.4 -0.0428445 -0.0766972
-2.6 4.6 -0.0428445 -0.0818522
-2.6 4.8 -0.0428445 -0.0870072
-2.6 5 -0.0428445 -0.0921622
-2.4 -5 -0.0368697 0.196053
-2.4 -4.8 -0.0368697 0.189299
-2.4 -4.6 -0.0368697 0.182544
-2.4 -4.4 -0.0368697 0.175789
-2.4 -4.2 -0.0368697 0.169035
-2.4 -4 -0.0368697 0.16228
-2.4 -3.8 -0.0368697 0.155525
-2.4 -3.6 -0.0368697 0.148771
-2.4 -3.4 -0.0368697 0.142016
-2.4 -3.2 -0.0368697 0.135262
-2.4 -3 -0.0368697 0.128507
-2.4 -2.8 -0.0368697 0.121752
-2.4 -2.6 -0.0368697 0.114998
-2.4 -2.4 -0.0368697 0.108243
-2.4 -2.2 -0.0368697 0.101488
-2.4 -2 -0.0368697 0.0947338
-2.4 -1.8 -0.0368697 0.0879792
-2.4 -1.6 -0.0368697 0.0812245
-2.4 -1.4 -0.0368697 0.0744699
-2.4 -1.2 -0.0368697 0.0677153
-2.4 -1 -0.0368697 0.0609607
-2.4 -0.8 -0.0368697 0.054206
-2.4 -0.6 -0.0368697 0.0474514
-2.4 -0.4 -0.0368697 0.0406968
-2.4 -0.2 -0.0368697 0.0339421
-2.4 -2.68221e-07 -0.0368697 0.0271875
-2.4 0.2 -0.0368697 0.0204329
-2.4 0.4 -0.0368697 0.0136783
-2.4 0.6 -0.0368697 0.00692363
-2.4 0.8 -0.0368697 0.000169002
-2.4 1 -0.0368697 -0.00658563
-2.4 1.2 -0.0368697 -0.0133403
-2.4 1.4 -0.0368697 -0.0200949
-2.4 1.6 -0.0368697 -0.0268495
-2.4 1.8 -0.0368697 -0.0336041
-2.4 2 -0.0368697 -0.0403588
-2.4 2.2 -0.0368697 -0.0471134
-2.4 2.4 -0.0368697 -0.053868
-2.4 2.6 -0.0368697 -0.0606227
-2.4 2.8 -0.0368697 -0.0673773
-2.4 3 -0.0368697 -0.0741319
-2.4 3.2 -0.0368697 -0.0808865
-2.4 3.4 -0.0368697 -0.0876412
-2.4 3.6 -0.0368697 -0.0943958
-2.4 3.8 -0.0368697 -0.10115
-2.4 4 -0.0368697 -0.107905
-2.4 4.2 -0.0368697 -0.11466
-2.4 4.4 -0.0368697 -0.121414
-2.4 4.6 -0.0368697 -0.128169
-2.4 4.8 -0.0368697 -0.134924
-2.4 5 -0.0368697 -0.141678
-2.2 -5 -0.0294251 0.219441
-2.2 -4.8 -0.0294251 0.211356
-2.2 -4.6 -0.0294251 0.203271
-2.2 -4.4 -0.0294251 0.195186
-2.2 -4.2 -0.0294251 0.187101
-2.2 -4 -0.0294251 0.179016
-2.2 -3.8 -0.0294251 0.170931
-2.2 -3.6 -0.0294251 0.162846
-2.2 -3.4 -0.0294251 0.154761
-2.2 -3.2 -0.0294251 0.146676
-2.2 -3 -0.0294251 0.138591
-2.2 -2.8 -0.0294251 0.130506
-2.2 -2.6 -0.0294251 0.122421
-2.2 -2.4 -0.0294251 0.114336
-2.2 -2.2 -0.0294251 0.106251
-2.2 -2 -0.0294251 0.0981663
-2.2 -1.8 -0.0294251 0.0900814
-2.2 -1.6 -0.0294251 0.0819964
-2.2 -1.4 -0.0294251 0.0739115
-2.2 -1.2 -0.0294251 0.0658265
-2.2 -1 -0.0294251 0.0577415
-2.2 -0.8 -0.0294251 0.0496566
-2.2 -0.6 -0.0294251 0.0415716
-2.2 -0.4 -0.0294251 0.0334866
-2.2 -0.2 -0.0294251 0.0254017
-2.2 -2.68221e-07 -0.0294251 0.0173167
-2.2 0.2 -0.0294251 0.00923175
-2.2 0.4 -0.0294251 0.00114679
-2.2 0.6 -0.0294251 -0.00693817
-2.2 0.8 -0.0294251 -0.0150231
-2.2 1 -0.0294251 -0.0231081
-2.2 1.2 -0.0294251 -0.0311931
-2.2 1.4 -0.0294251 -0.039278
-2.2 1.6 -0.0294251 -0.047363
-2.2 1.8 -0.0294251 -0.0554479
-2.2 2 -0.0294251 -0.0635329
-2.2 2.2 -0.0294251 -0.0716179
-2.2 2.4 -0.0294251 -0.0797028
-2.2 2.6 -0.0294251 -0.0877878
-2.2 2.8 -0.0294251 -0.0958728
-2.2 3 -0.0294251 -0.103958
-2.2 3.2 -0.0294251 -0.112043
-2.2 3.4 -0.0294251 -0.120128
-2.2 3.6 -0.0294251 -0.128213
-2.2 3.8 -0.0294251 -0.136298
-2.2 4 -0.0294251 -0.144383
-2.2 4.2 -0.0294251 -0.152467
-2.2 4.4 -0.0294251 -0.160552
-2.2 4.6 -0.0294251 -0.168637
-2.2 4.8 -0.0294251 -0.176722
-2.2 5 -0.0294251 -0.184807
-2 -5 -0.0208074 0.235983
-2 -4.8 -0.0208074 0.22689
-2 -4.6 -0.0208074 0.217797
-2 -4.4 -0.0208074 0.208704
-2 -4.2 -0.0208074 0.199611
-2 -4 -0.0208074 0.190518
-2 -3.8 -0.0208074 0.181425
-2 -3.6 -0.0208074 0.172332
-2 -3.4 -0.0208074 0.163239
-2 -3.2 -0.0208074 0.154147
-2 -3 -0.0208074 0.145054
-2 -2.8 -0.0208074 0.135961
-2 -2.6 -0.0208074 0.126868
-2 -2.4 -0.0208074 0.117775
-2 -2.2 -0.0208074 0.108682
-2 -2 -0.0208074 0.0995887
-2 -1.8 -0.0208074 0.0904957
-2 -1.6 -0.0208074 0.0814027
-2 -1.4 -0.0208074 0.0723098
-2 -1.2 -0.0208074 0.0632168
-2 -1 -0.0208074 0.0541238
-2 -0.8 -0.0208074 0.0450308
-2 -0.6 -0.0208074 0.0359379
-2 -0.4 -0.0208074 0.0268449
-2 -0.2 -0.0208074 0.0177519
-2 -2.68221e-07 -0.0208074 0.00865894
-2 0.2 -0.0208074 -0.000434033
-2 0.4 -0.0208074 -0.00952701
-2 0.6 -0.0208074 -0.01862
-2 0.8 -0.0208074 -0.0277129
-2 1 -0.0208074 -0.0368059
-2 1.2 -0.0208074 -0.0458989
-2 1.4 -0.0208074 -0.0549919
-2 1.6 -0.0208074 -0.0640848
-2 1.8 -0.0208074 -0.0731778
-2 2 -0.0208074 -0.0822708
-2 2.2 -0.0208074 -0.0913638
-2 2.4 -0.0208074 -0.100457
-2 2.6 -0.0208074 -0.10955
-2 2.8 -0.0208074 -0.118643
-2 3 -0.0208074 -0.127736
-2 3.2 -0.0208074 -0.136829
-2 3.4 -0.0208074 -0.145922
-2 3.6 -0.0208074 -0.155015
-2 3.8 -0.0208074 -0.164108
-2 4 -0.0208074 -0.173201
-2 4.2 -0.0208074 -0.182293
-2 4.4 -0.0208074 -0.191386
-2 4.6 -0.0208074 -0.200479
-2 4.8 -0.0208074 -0.209572
-2 5 -0.0208074 -0.218665
-1.8 -5 -0.0113601 0.246043
-1.8 -4.8 -0.0113601 0.236304
-1.8 -4.6 -0.0113601 0.226566
-1.8 -4.4 -0.0113601 0.216828
-1.8 -4.2 -0.0113601 0.207089
-1.8 -4 -0.0113601 0.197351
-1.8 -3.8 -0.0113601 0.187612
-1.8 -3.6 -0.0113601 0.177874
-1.8 -3.4 -0.0113601 0.168135
-1.8 -3.2 -0.0113601 0.158397
-1.8 -3 -0.0113601 0.148658
-1.8 -2.8 -0.0113601 0.13892
-1.8 -2.6 -0.0113601 0.129181
-1.8 -2.4 -0.0113601 0.119443
-1.8 -2.2 -0.0113601 0.109704
-1.8 -2 -0.0113601 0.0999658
-1.8 -1.8 -0.0113601 0.0902274
-1.8 -1.6 -0.0113601 0.0804889
-1.8 -1.4 -0.0113601 0.0707504
-1.8 -1.2 -0.0113601 0.0610119
-1.8 -1 -0.0113601 0.0512734
-1.8 -0.8 -0.0113601 0.041535
-1.8 -0.6 -0.0113601 0.0317965
-1.8 -0.4 -0.0113601 0.022058
-1.8 -0.2 -0.0113601 0.0123195
-1.8 -2.68221e-07 -0.0113601 0.00258106
-1.8 0.2 -0.0113601 -0.00715741
-1.8 0.4 -0.0113601 -0.0168959
-1.8 0.6 -0.0113601 -0.0266344
-1.8 0.8 -0.0113601 -0.0363728
-1.8 1 -0.0113601 -0.0461113
-1.8 1.2 -0.0113601 -0.0558498
-1.8 1.4 -0.0113601 -0.0655883
-1.8 1.6 -0.0113601 -0.0753267
-1.8 1.8 -0.0113601 -0.0850652
-1.8 2 -0.0113601 -0.0948037
-1.8 2.2 -0.0113601 -0.104542
-1.8 2.4 -0.0113601 -0.114281
-1.8 2.6 -0.0113601 -0.124019
-1.8 2.8 -0.0113601 -0.133758
-1.8 3 -0.0113601 -0.143496
-1.8 3.2 -0.0113601 -0.153235
-1.8 3.4 -0.0113601 -0.162973
-1.8 3.6 -0.0113601 -0.172712
-1.8 3.8 -0.0113601 -0.18245
-1.8 4 -0.0113601 -0.192188
-1.8 4.2 -0.0113601 -0.201927
-1.8 4.4 -0.0113601 -0.211665
-1.8 4.6 -0.0113601 -0.221404
-1.8 4.8 -0.0113601 -0.231142
-1.8 5 -0.0113601 -0.240881
-1.6 -5 -0.00146 0.249936
-1.6 -4.8 -0.00146 0.23994
-1.6 -4.6 -0.00146 0.229945
-1.6 -4.4 -0.00146 0.219949
-1.6 -4.2 -0.00146 0.209953
-1.6 -4 -0.00146 0.199957
-1.6 -3.8 -0.00146 0.189962
-1.6 -3.6 -0.00146 0.179966
-1.6 -3.4 -0.00146 0.16997
-1.6 -3.2 -0.00146 0.159974
-1.6 -3 -0.00146 0.149979
-1.6 -2.8 -0.00146 0.139983
-1.6 -2.6 -0.00146 0.129987
-1.6 -2.4 -0.00146 0.119991
-1.6 -2.2 -0.00146 0.109996
-1.6 -2 -0.00146 0.1
-1.6 -1.8 -0.00146 0.0900043
-1.6 -1.6 -0.00146 0.0800085
-1.6 -1.4 -0.00146 0.0700128
-1.6 -1.2 -0.00146 0.0600171
-1.6 -1 -0.00146 0.0500213
-1.6 -0.8 -0.00146 0.0400256
-1.6 -0.6 -0.00146 0.0300299
-1.6 -0.4 -0.00146 0.0200341
-1.6 -0.2 -0.00146 0.0100384
-1.6 -2.68221e-07 -0.00146 4.26451e-05
-1.6 0.2 -0.00146 -0.00995309
-1.6 0.4 -0.00146 -0.0199488
-1.6 0.6 -0.00146 -0.0299446
-1.6 0.8 -0.00146 -0.0399403
-1.6 1 -0.00146 -0.049936
-1.6 1.2 -0.00146 -0.0599318
-1.6 1.4 -0.00146 -0.0699275
-1.6 1.6 -0.00146 -0.0799232
-1.6 1.8 -0.00146 -0.089919
-1.6 2 -0.00146 -0.0999147
-1.6 2.2 -0.00146 -0.10991
-1.6 2.4 -0.00146 -0.119906
-1.6 2.6 -0.00146 -0.129902
-1.6 2.8 -0.00146 -0.139898
-1.6 3 -0.00146 -0.149893
-1.6 3.2 -0.00146 -0.159889
-1.6 3.4 -0.00146 -0.169885
-1.6 3.6 -0.00146 -0.179881
-1.6 3.8 -0.00146 -0.189876
-1.6 4 -0.00146 -0.199872
-1.6 4.2 -0.00146 -0.209868
-1.6 4.4 -0.00146 -0.219864
-1.6 4.6 -0.00146 -0.229859
-1.6 4.8 -0.00146 -0.239855
-1.6 5 -0.00146 -0.249851
-1.4 -5 0.00849834 0.247807
-1.4 -4.8 0.00849834 0.237952
-1.4 -4.6 0.00849834 0.228098
-1.4 -4.4 0.00849834 0.218243
-1.4 -4.2 0.00849834 0.208389
-1.4 -4 0.00849834 0.198534
-1.4 -3.8 0.00849834 0.18868
-1.4 -3.6 0.00849834 0.178825
-1.4 -3.4 0.00849834 0.168971
-1.4 -3.2 0.00849834 0.159116
-1.4 -3 0.00849834 0.149262
-1.4 -2.8 0.00849834 0.139407
-1.4 -2.6 0.00849834 0.129553
-1.4 -2.4 0.00849834 0.119698
-1.4 -2.2 0.00849834 0.109844
-1.4 -2 0.00849834 0.0999894
-1.4 -1.8 0.00849834 0.0901349
-1.4 -1.6 0.00849834 0.0802804
-1.4 -1.4 0.00849834 0.0704259
-1.4 -1.2 0.00849834 0.0605714
-1.4 -1 0.00849834 0.0507169
-1.4 -0.8 0.00849834 0.0408624
-1.4 -0.6 0.00849834 0.0310079
-1.4 -0.4 0.00849834 0.0211534
-1.4 -0.2 0.00849834 0.0112989
-1.4 -2.68221e-07 0.00849834 0.00144445
-1.4 0.2 0.00849834 -0.00841005
-1.4 0.4 0.00849834 -0.0182645
-1.4 0.6 0.00849834 -0.028119
-1.4 0.8 0.00849834 -0.0379735
-1.4 1 0.00849834 -0.047828
-1.4 1.2 0.00849834 -0.0576825
-1.4 1.4 0.00849834 -0.067537
-1.4 1.6 0.00849834 -0.0773915
-1.4 1.8 0.00849834 -0.087246
-1.4 2 0.00849834 -0.0971005
-1.4 2.2 0.00849834 -0.106955
-1.4 2.4 0.00849834 -0.11681
-1.4 2.6 0.00849834 -0.126664
-1.4 2.8 0.00849834 -0.136519
-1.4 3 0.00849834 -0.146373
-1.4 3.2 0.00849834 -0.156228
-1.4 3.4 0.00849834 -0.166082
-1.4 3.6 0.00849834 -0.175937
-1.4 3.8 0.00849834 -0.185791
-1.4 4 0.00849834 -0.195646
-1.4 4.2 0.00849834 -0.2055
-1.4 4.4 0.00849834 -0.215354
-1.4 4.6 0.00849834 -0.225209
-1.4 4.8 0.00849834 -0.235063
-1.4 5 0.00849834 -0.244918
-1.2 -5 0.0181179 0.239575
-1.2 -4.8 0.0181179 0.230255
-1.2 -4.6 0.0181179 0.220934
-1.2 -4.4 0.0181179 0.211614
-1.2 -4.2 0.0181179 0.202293
-1.2 -4 0.0181179 0.192973
-1.2 -3.8 0.0181179 0.183653
-1.2 -3.6 0.0181179 0.174332
-1.2 -3.4 0.0181179 0.165012
-1.2 -3.2 0.0181179 0.155691
-1.2 -3 0.0181179 0.146371
-1.2 -2.8 0.0181179 0.137051
-1.2 -2.6 0.0181179 0.12773
-1.2 -2.4 0.0181179 0.11841
-1.2 -2.2 0.0181179 0.109089
-1.2 -2 0.0181179 0.0997691
-1.2 -1.8 0.0181179 0.0904487
-1.2 -1.6 0.0181179 0.0811283
-1.2 -1.4 0.0181179 0.0718079
-1.2 -1.2 0.0181179 0.0624875
-1.2 -1 0.0181179 0.0531671
-1.2 -0.8 0.0181179 0.0438467
-1.2 -0.6 0.0181179 0.0345263
-1.2 -0.4 0.0181179 0.0252059
-1.2 -0.2 0.0181179 0.0158856
-1.2 -2.68221e-07 0.0181179 0.00656516
-1.2 0.2 0.0181179 -0.00275523
-1.2 0.4 0.0181179 -0.0120756
-1.2 0.6 0.0181179 -0.021396
-1.2 0.8 0.0181179 -0.0307164
-1.2 1 0.0181179 -0.0400368
-1.2 1.2 0.0181179 -0.0493572
-1.2 1.4 0.0181179 -0.0586776
-1.2 1.6 0.0181179 -0.067998
-1.2 1.8 0.0181179 -0.0773184
-1.2 2 0.0181179 -0.0866388
-1.2 2.2 0.0181179 -0.0959592
-1.2 2.4 0.0181179 -0.10528
-1.2 2.6 0.0181179 -0.1146
-1.2 2.8 0.0181179 -0.12392
-1.2 3 0.0181179 -0.133241
-1.2 3.2 0.0181179 -0.142561
-1.2 3.4 0.0181179 -0.151882
-1.2 3.6 0.0181179 -0.161202
-1.2 3.8 0.0181179 -0.170522
-1.2 4 0.0181179 -0.179843
-1.2 4.2 0.0181179 -0.189163
-1.2 4.4 0.0181179 -0.198483
-1.2 4.6 0.0181179 -0.207804
-1.2 4.8 0.0181179 -0.217124
-1.2 5 0.0181179 -0.226445
-1 -5 0.0270151 0.224964
-1 -4.8 0.0270151 0.216549
-1 -4.6 0.0270151 0.208135
-1 -4.4 0.0270151 0.19972
-1 -4.2 0.0270151 0.191305
-1 -4 0.0270151 0.182891
-1 -3.8 0.0270151 0.174476
-1 -3.6 0.0270151 0.166061
-1 -3.4 0.0270151 0.157646
-1 -3.2 0.0270151 0.149232
-1 -3 0.0270151 0.140817
-1 -2.8 0.0270151 0.132402
-1 -2.6 0.0270151 0.123988
-1 -2.4 0.0270151 0.115573
-1 -2.2 0.0270151 0.107158
-1 -2 0.0270151 0.0987435
-1 -1.8 0.0270151 0.0903287
-1 -1.6 0.0270151 0.081914
-1 -1.4 0.0270151 0.0734993
-1 -1.2 0.0270151 0.0650846
-1 -1 0.0270151 0.0566699
-1 -0.8 0.0270151 0.0482552
-1 -0.6 0.0270151 0.0398405
-1 -0.4 0.0270151 0.0314258
-1 -0.2 0.0270151 0.023011
-1 -2.68221e-07 0.0270151 0.0145963
-1 0.2 0.0270151 0.00618162
-1 0.4 0.0270151 -0.00223309
-1 0.6 0.0270151 -0.0106478
-1 0.8 0.0270151 -0.0190625
-1 1 0.0270151 -0.0274772
-1 1.2 0.0270151 -0.0358919
-1 1.4 0.0270151 -0.0443066
-1 1.6 0.0270151 -0.0527214
-1 1.8 0.0270151 -0.0611361
-1 2 0.0270151 -0.0695508
-1 2.2 0.0270151 -0.0779655
-1 2.4 0.0270151 -0.0863802
-1 2.6 0.0270151 -0.0947949
-1 2.8 0.0270151 -0.10321
-1 3 0.0270151 -0.111624
-1 3.2 0.0270151 -0.120039
-1 3.4 0.0270151 -0.128454
-1 3.6 0.0270151 -0.136868
-1 3.8 0.0270151 -0.145283
-1 4 0.0270151 -0.153698
-1 4.2 0.0270151 -0.162113
-1 4.4 0.0270151 -0.170527
-1 4.6 0.0270151 -0.178942
-1 4.8 0.0270151 -0.187357
-1 5 0.0270151 -0.195771
-0.8 -5 0.0348353 0.203609
-0.8 -4.8 0.0348353 0.196436
-0.8 -4.6 0.0348353 0.189262
-0.8 -4.4 0.0348353 0.182088
-0.8 -4.2 0.0348353 0.174915
-0.8 -4 0.0348353 0.167741
-0.8 -3.8 0.0348353 0.160568
-0.8 -3.6 0.0348353 0.153394
-0.8 -3.4 0.0348353 0.146221
-0.8 -3.2 0.0348353 0.139047
-0.8 -3 0.0348353 0.131873
-0.8 -2.8 0.0348353 0.1247
-0.8 -2.6 0.0348353 0.117526
-0.8 -2.4 0.0348353 0.110353
-0.8 -2.2 0.0348353 0.103179
-0.8 -2 0.0348353 0.0960056
-0.8 -1.8 0.0348353 0.0888321
-0.8 -1.6 0.0348353 0.0816585
-0.8 -1.4 0.0348353 0.074485
-0.8 -1.2 0.0348353 0.0673114
-0.8 -1 0.0348353 0.0601378
-0.8 -0.8 0.0348353 0.0529643
-0.8 -0.6 0.0348353 0.0457907
-0.8 -0.4 0.0348353 0.0386171
-0.8 -0.2 0.0348353 0.0314436
-0.8 -2.68221e-07 0.0348353 0.02427
-0.8 0.2 0.0348353 0.0170964
-0.8 0.4 0.0348353 0.00992288
-0.8 0.6 0.0348353 0.00274932
-0.8 0.8 0.0348353 -0.00442424
-0.8 1 0.0348353 -0.0115978
-0.8 1.2 0.0348353 -0.0187714
-0.8 1.4 0.0348353 -0.0259449
-0.8 1.6 0.0348353 -0.0331185
-0.8 1.8 0.0348353 -0.0402921
-0.8 2 0.0348353 -0.0474656
-0.8 2.2 0.0348353 -0.0546392
-0.8 2.4 0.0348353 -0.0618127
-0.8 2.6 0.0348353 -0.0689863
-0.8 2.8 0.0348353 -0.0761599
-0.8 3 0.0348353 -0.0833334
-0.8 3.2 0.0348353 -0.090507
-0.8 3.4 0.0348353 -0.0976806
-0.8 3.6 0.0348353 -0.104854
-0.8 3.8 0.0348353 -0.112028
-0.8 4 0.0348353 -0.119201
-0.8 4.2 0.0348353 -0.126375
-0.8 4.4 0.0348353 -0.133548
-0.8 4.6 0.0348353 -0.140722
-0.8 4.8 0.0348353 -0.147895
-0.8 5 0.0348353 -0.155069
-0.6 -5 0.0412668 0.17522
-0.6 -4.8 0.0412668 0.169573
-0.6 -4.6 0.0412668 0.163927
-0.6 -4.4 0.0412668 0.15828
-0.6 -4.2 0.0412668 0.152634
-0.6 -4 0.0412668 0.146987
-0.6 -3.8 0.0412668 0.141341
-0.6 -3.6 0.0412668 0.135695
-0.6 -3.4 0.0412668 0.130048
-0.6 -3.2 0.0412668 0.124402
-0.6 -3 0.0412668 0.118755
-0.6 -2.8 0.0412668 0.113109
-0.6 -2.6 0.0412668 0.107463
-0.6 -2.4 0.0412668 0.101816
-0.6 -2.2 0.0412668 0.0961696
-0.6 -2 0.0412668 0.0905232
-0.6 -1.8 0.0412668 0.0848768
-0.6 -1.6 0.0412668 0.0792304
-0.6 -1.4 0.0412668 0.0735839
-0.6 -1.2 0.0412668 0.0679375
-0.6 -1 0.0412668 0.0622911
-0.6 -0.8 0.0412668 0.0566446
-0.6 -0.6 0.0412668 0.0509982
-0.6 -0.4 0.0412668 0.0453518
-0.6 -0.2 0.0412668 0.0397054
-0.6 -2.68221e-07 0.0412668 0.0340589
-0.6 0.2 0.0412668 0.0284125
-0.6 0.4 0.0412668 0.0227661
-0.6 0.6 0.0412668 0.0171197
-0.6 0.8 0.0412668 0.0114732
-0.6 1 0.0412668 0.00582681
-0.6 1.2 0.0412668 0.000180379
-0.6 1.4 0.0412668 -0.00546605
-0.6 1.6 0.0412668 -0.0111125
-0.6 1.8 0.0412668 -0.0167589
-0.6 2 0.0412668 -0.0224053
-0.6 2.2 0.0412668 -0.0280518
-0.6 2.4 0.0412668 -0.0336982
-0.6 2.6 0.0412668 -0.0393446
-0.6 2.8 0.0412668 -0.044991
-0.6 3 0.0412668 -0.0506375
-0.6 3.2 0.0412668 -0.0562839
-0.6 3.4 0.0412668 -0.0619303
-0.6 3.6 0.0412668 -0.0675768
-0.6 3.8 0.0412668 -0.0732232
-0.6 4 0.0412668 -0.0788696
-0.6 4.2 0.0412668 -0.084516
-0.6 4.4 0.0412668 -0.0901624
-0.6 4.6 0.0412668 -0.0958089
-0.6 4.8 0.0412668 -0.101455
-0.6 5 0.0412668 -0.107102
-0.4 -5 0.046053 0.139772
-0.4 -4.8 0.046053 0.135878
-0.4 -4.6 0.046053 0.131984
-0.4 -4.4 0.046053 0.12809
-0.4 -4.2 0.046053 0.124196
-0.4 -4 0.046053 0.120301
-0.4 -3.8 0.046053 0.116407
-0.4 -3.6 0.046053 0.112513
-0.4 -3.4 0.046053 0.108619
-0.4 -3.2 0.046053 0.104725
-0.4 -3 0.046053 0.10083
-0.4 -2.8 0.046053 0.0969363
-0.4 -2.6 0.046053 0.0930421
-0.4 -2.4 0.046053 0.0891479
-0.4 -2.2 0.046053 0.0852537
-0.4 -2 0.046053 0.0813595
-0.4 -1.8 0.046053 0.0774653
-0.4 -1.6 0.046053 0.0735712
-0.4 -1.4 0.046053 0.069677
-0.4 -1.2 0.046053 0.0657828
-0.4 -1 0.046053 0.0618886
-0.4 -0.8 0.046053 0.0579944
-0.4 -0.6 0.046053 0.0541002
-0.4 -0.4 0.046053 0.050206
-0.4 -0.2 0.046053 0.0463119
-0.4 -2.68221e-07 0.046053 0.0424177
-0.4 0.2 0.046053 0.0385235
-0.4 0.4 0.046053 0.0346293
-0.4 0.6 0.046053 0.0307351
-0.4 0.8 0.046053 0.0268409
-0.4 1 0.046053 0.0229467
-0.4 1.2 0.046053 0.0190525
-0.4 1.4 0.046053 0.0151584
-0.4 1.6 0.046053 0.0112642
-0.4 1.8 0.046053 0.00736999
-0.4 2 0.046053 0.0034758
-0.4 2.2 0.046053 -0.000418384
-0.4 2.4 0.046053 -0.00431257
-0.4 2.6 0.046053 -0.00820676
-0.4 2.8 0.046053 -0.0121009
-0.4 3 0.046053 -0.0159951
-0.4 3.2 0.046053 -0.0198893
-0.4 3.4 0.046053 -0.0237835
-0.4 3.6 0.046053 -0.0276777
-0.4 3.8 0.046053 -0.0315719
-0.4 4 0.046053 -0.0354661
-0.4 4.2 0.046053 -0.0393602
-0.4 4.4 0.046053 -0.0432544
-0.4 4.6 0.046053 -0.0471486
-0.4 4.8 0.046053 -0.0510428
-0.4 5 0.046053 -0.054937
-0.2 -5 0.0490033 0.0976939
-0.2 -4.8 0.0490033 0.0957072
-0.2 -4.6 0.0490033 0.0937205
-0.2 -4.4 0.0490033 0.0917338
-0.2 -4.2 0.0490033 0.0897471
-0.2 -4 0.0490033 0.0877604
-0.2 -3.8 0.0490033 0.0857738
-0.2 -3.6 0.0490033 0.0837871
-0.2 -3.4 0.0490033 0.0818004
-0.2 -3.2 0.0490033 0.0798137
-0.2 -3 0.0490033 0.077827
-0.2 -2.8 0.0490033 0.0758403
-0.2 -2.6 0.0490033 0.0738536
-0.2 -2.4 0.0490033 0.0718669
-0.2 -2.2 0.0490033 0.0698802
-0.2 -2 0.0490033 0.0678935
-0.2 -1.8 0.0490033 0.0659068
-0.2 -1.6 0.0490033 0.0639201
-0.2 -1.4 0.0490033 0.0619334
-0.2 -1.2 0.0490033 0.0599467
-0.2 -1 0.0490033 0.05796
-0.2 -0.8 0.0490033 0.0559733
-0.2 -0.6 0.0490033 0.0539866
-0.2 -0.4 0.0490033 0.0519999
-0.2 -0.2 0.0490033 0.0500132
-0.2 -2.68221e-07 0.0490033 0.0480265
-0.2 0.2 0.0490033 0.0460398
-0.2 0.4 0.0490033 0.0440531
-0.2 0.6 0.0490033 0.0420664
-0.2 0.8 0.0490033 0.0400797
-0.2 1 0.0490033 0.038093
-0.2 1.2 0.0490033 0.0361063
-0.2 1.4 0.0490033 0.0341197
-0.2 1.6 0.0490033 0.032133
-0.2 1.8 0.0490033 0.0301463
-0.2 2 0.0490033 0.0281596
-0.2 2.2 0.0490033 0.0261729
-0.2 2.4 0.0490033 0.0241862
-0.2 2.6 0.0490033 0.0221995
-0.2 2.8 0.0490033 0.0202128
-0.2 3 0.0490033 0.0182261
-0.2 3.2 0.0490033 0.0162394
-0.2 3.4 0.0490033 0.0142527
-0.2 3.6 0.0490033 0.012266
-0.2 3.8 0.0490033 0.0102793
-0.2 4 0.0490033 0.0082926
-0.2 4.2 0.0490033 0.00630591
-0.2 4.4 0.0490033 0.00431921
-0.2 4.6 0.0490033 0.00233252
-0.2 4.8 0.0490033 0.000345824
-0.2 5 0.0490033 -0.00164087
-2.68221e-07 -5 0.05 0.0500001
-2.68221e-07 -4.8 0.05 0.0500001
-2.68221e-07 -4.6 0.05 0.0500001
-2.68221e-07 -4.4 0.05 0.0500001
-2.68221e-07 -4.2 0.05 0.0500001
-2.68221e-07 -4 0.05 0.0500001
-2.68221e-07 -3.8 0.05 0.0500001
-2.68221e-07 -3.6 0.05 0.05
-2.68221e-07 -3.4 0.05 0.05
-2.68221e-07 -3.2 0.05 0.05
-2.68221e-07 -3 0.05 0.05
-2.68221e-07 -2.8 0.05 0.05
-2.68221e-07 -2.6 0.05 0.05
-2.68221e-07 -2.4 0.05 0.05
-2.68221e-07 -2.2 0.05 0.05
-2.68221e-07 -2 0.05 0.05
-2.68221e-07 -1.8 0.05 0.05
-2.68221e-07 -1.6 0.05 0.05
-2.68221e-07 -1.4 0.05 0.05
-2.68221e-07 -1.2 0.05 0.05
-2.68221e-07 -1 0.05 0.05
-2.68221e-07 -0.8 0.05 0.05
-2.68221e-07 -0.6 0.05 0.05
-2.68221e-07 -0.4 0.05 0.05
-2.68221e-07 -0.2 0.05 0.05
-2.68221e-07 -2.68221e-07 0.05 0.05
-2.68221e-07 0.2 0.05 0.05
-2.68221e-07 0.4 0.05 0.05
-2.68221e-07 0.6 0.05 0.05
-2.68221e-07 0.8 0.05 0.05
-2.68221e-07 1 0.05 0.05
-2.68221e-07 1.2 0.05 0.05
-2.68221e-07 1.4 0.05 0.05
-2.68221e-07 1.6 0.05 0.05
-2.68221e-07 1.8 0.05 0.05
-2.68221e-07 2 0.05 0.05
-2.68221e-07 2.2 0.05 0.05
-2.68221e-07 2.4 0.05 0.05
-2.68221e-07 2.6 0.05 0.05
-2.68221e-07 2.8 0.05 0.05
-2.68221e-07 3 0.05 0.05
-2.68221e-07 3.2 0.05 0.05
-2.68221e-07 3.4 0.05 0.05
-2.68221e-07 3.6 0.05 0.05
-2.68221e-07 3.8 0.05 0.0499999
-2.68221e-07 4 0.05 0.0499999
-2.68221e-07 4.2 0.05 0.0499999
-2.68221e-07 4.4 0.05 0.0499999
-2.68221e-07 4.6 0.05 0.0499999
-2.68221e-07 4.8 0.05 0.0499999
-2.68221e-07 5 0.05 0.0499999
0.2 -5 0.0490033 -0.00164074
0.2 -4.8 0.0490033 0.000345951
0.2 -4.6 0.0490033 0.00233264
0.2 -4.4 0.0490033 0.00431933
0.2 -4.2 0.0490033 0.00630602
0.2 -4 0.0490033 0.00829271
0.2 -3.8 0.0490033 0.0102794
0.2 -3.6 0.0490033 0.0122661
0.2 -3.4 0.0490033 0.0142528
0.2 -3.2 0.0490033 0.0162395
0.2 -3 0.0490033 0.0182262
0.2 -2.8 0.0490033 0.0202129
0.2 -2.6 0.0490033 0.0221995
0.2 -2.4 0.0490033 0.0241862
0.2 -2.2 0.0490033 0.0261729
0.2 -2 0.0490033 0.0281596
0.2 -1.8 0.0490033 0.0301463
0.2 -1.6 0.0490033 0.032133
0.2 -1.4 0.0490033 0.0341197
0.2 -1.2 0.0490033 0.0361064
0.2 -1 0.0490033 0.0380931
0.2 -0.8 0.0490033 0.0400798
0.2 -0.6 0.0490033 0.0420665
0.2 -0.4 0.0490033 0.0440531
0.2 -0.2 0.0490033 0.0460398
0.2 -2.68221e-07 0.0490033 0.0480265
0.2 0.2 0.0490033 0.0500132
0.2 0.4 0.0490033 0.0519999
0.2 0.6 0.0490033 0.0539866
0.2 0.8 0.0490033 0.0559733
0.2 1 0.0490033 0.05796
0.2 1.2 0.0490033 0.0599467
0.2 1.4 0.0490033 0.0619334
0.2 1.6 0.0490033 0.0639201
0.2 1.8 0.0490033 0.0659067
0.2 2 0.0490033 0.0678934
0.2 2.2 0.0490033 0.0698801
0.2 2.4 0.0490033 0.0718668
0.2 2.6 0.0490033 0.0738535
0.2 2.8 0.0490033 0.0758402
0.2 3 0.0490033 0.0778269
0.2 3.2 0.0490033 0.0798136
0.2 3.4 0.0490033 0.0818003
0.2 3.6 0.0490033 0.083787
0.2 3.8 0.0490033 0.0857737
0.2 4 0.0490033 0.0877604
0.2 4.2 0.0490033 0.089747
0.2 4.4 0.0490033 0.0917337
0.2 4.6 0.0490033 0.0937204
0.2 4.8 0.0490033 0.0957071
0.2 5 0.0490033 0.0976938
0.4 -5 0.0460531 -0.0549369
0.4 -4.8 0.0460531 -0.0510427
0.4 -4.6 0.0460531 -0.0471485
0.4 -4.4 0.0460531 -0.0432543
0.4 -4.2 0.0460531 -0.0393601
0.4 -4 0.0460531 -0.035466
0.4 -3.8 0.0460531 -0.0315718
0.4 -3.6 0.0460531 -0.0276776
0.4 -3.4 0.0460531 -0.0237834
0.4 -3.2 0.0460531 -0.0198892
0.4 -3 0.0460531 -0.0159951
0.4 -2.8 0.0460531 -0.0121009
0.4 -2.6 0.0460531 -0.00820669
0.4 -2.4 0.0460531 -0.00431251
0.4 -2.2 0.0460531 -0.000418324
0.4 -2 0.0460531 0.00347586
0.4 -1.8 0.0460531 0.00737004
0.4 -1.6 0.0460531 0.0112642
0.4 -1.4 0.0460531 0.0151584
0.4 -1.2 0.0460531 0.0190526
0.4 -1 0.0460531 0.0229468
0.4 -0.8 0.0460531 0.0268409
0.4 -0.6 0.0460531 0.0307351
0.4 -0.4 0.0460531 0.0346293
0.4 -0.2 0.0460531 0.0385235
0.4 -2.68221e-07 0.0460531 0.0424177
0.4 0.2 0.0460531 0.0463119
0.4 0.4 0.0460531 0.050206
0.4 0.6 0.0460531 0.0541002
0.4 0.8 0.0460531 0.0579944
0.4 1 0.0460531 0.0618886
0.4 1.2 0.0460531 0.0657828
0.4 1.4 0.0460531 0.0696769
0.4 1.6 0.0460531 0.0735711
0.4 1.8 0.0460531 0.0774653
0.4 2 0.0460531 0.0813595
0.4 2.2 0.0460531 0.0852537
0.4 2.4 0.0460531 0.0891479
0.4 2.6 0.0460531 0.093042
0.4 2.8 0.0460531 0.0969362
0.4 3 0.0460531 0.10083
0.4 3.2 0.0460531 0.104725
0.4 3.4 0.0460531 0.108619
0.4 3.6 0.0460531 0.112513
0.4 3.8 0.0460531 0.116407
0.4 4 0.0460531 0.120301
0.4 4.2 0.0460531 0.124195
0.4 4.4 0.0460531 0.12809
0.4 4.6 0.0460531 0.131984
0.4 4.8 0.0460531 0.135878
0.4 5 0.0460531 0.139772
0.6 -5 0.0412668 -0.107102
0.6 -4.8 0.0412668 -0.101455
0.6 -4.6 0.0412668 -0.0958088
0.6 -4.4 0.0412668 -0.0901624
0.6 -4.2 0.0412668 -0.0845159
0.6 -4 0.0412668 -0.0788695
0.6 -3.8 0.0412668 -0.0732231
0.6 -3.6 0.0412668 -0.0675767
0.6 -3.4 0.0412668 -0.0619303
0.6 -3.2 0.0412668 -0.0562838
0.6 -3 0.0412668 -0.0506374
0.6 -2.8 0.0412668 -0.044991
0.6 -2.6 0.0412668 -0.0393446
0.6 -2.4 0.0412668 -0.0336981
0.6 -2.2 0.0412668 -0.0280517
0.6 -2 0.0412668 -0.0224053
0.6 -1.8 0.0412668 -0.0167589
0.6 -1.6 0.0412668 -0.0111124
0.6 -1.4 0.0412668 -0.00546601
0.6 -1.2 0.0412668 0.000180414
0.6 -1 0.0412668 0.00582684
0.6 -0.8 0.0412668 0.0114733
0.6 -0.6 0.0412668 0.0171197
0.6 -0.4 0.0412668 0.0227661
0.6 -0.2 0.0412668 0.0284125
0.6 -2.68221e-07 0.0412668 0.034059
0.6 0.2 0.0412668 0.0397054
0.6 0.4 0.0412668 0.0453518
0.6 0.6 0.0412668 0.0509982
0.6 0.8 0.0412668 0.0566446
0.6 1 0.0412668 0.0622911
0.6 1.2 0.0412668 0.0679375
0.6 1.4 0.0412668 0.0735839
0.6 1.6 0.0412668 0.0792303
0.6 1.8 0.0412668 0.0848768
0.6 2 0.0412668 0.0905232
0.6 2.2 0.0412668 0.0961696
0.6 2.4 0.0412668 0.101816
0.6 2.6 0.0412668 0.107462
0.6 2.8 0.0412668 0.113109
0.6 3 0.0412668 0.118755
0.6 3.2 0.0412668 0.124402
0.6 3.4 0.0412668 0.130048
0.6 3.6 0.0412668 0.135695
0.6 3.8 0.0412668 0.141341
0.6 4 0.0412668 0.146987
0.6 4.2 0.0412668 0.152634
0.6 4.4 0.0412668 0.15828
0.6 4.6 0.0412668 0.163927
0.6 4.8 0.0412668 0.169573
0.6 5 0.0412668 0.175219
0.8 -5 0.0348353 -0.155069
0.8 -4.8 0.0348353 -0.147895
0.8 -4.6 0.0348353 -0.140722
0.8 -4.4 0.0348353 -0.133548
0.8 -4.2 0.0348353 -0.126375
0.8 -4 0.0348353 -0.119201
0.8 -3.8 0.0348353 -0.112028
0.8 -3.6 0.0348353 -0.104854
0.8 -3.4 0.0348353 -0.0976805
0.8 -3.2 0.0348353 -0.0905069
0.8 -3 0.0348353 -0.0833334
0.8 -2.8 0.0348353 -0.0761598
0.8 -2.6 0.0348353 -0.0689863
0.8 -2.4 0.0348353 -0.0618127
0.8 -2.2 0.0348353 -0.0546391
0.8 -2 0.0348353 -0.0474656
0.8 -1.8 0.0348353 -0.040292
0.8 -1.6 0.0348353 -0.0331185
0.8 -1.4 0.0348353 -0.0259449
0.8 -1.2 0.0348353 -0.0187713
0.8 -1 0.0348353 -0.0115978
0.8 -0.8 0.0348353 -0.00442422
0.8 -0.6 0.0348353 0.00274934
0.8 -0.4 0.0348353 0.0099229
0.8 -0.2 0.0348353 0.0170965
0.8 -2.68221e-07 0.0348353 0.02427
0.8 0.2 0.0348353 0.0314436
0.8 0.4 0.0348353 0.0386171
0.8 0.6 0.0348353 0.0457907
0.8 0.8 0.0348353 0.0529643
0.8 1 0.0348353 0.0601378
0.8 1.2 0.0348353 0.0673114
0.8 1.4 0.0348353 0.0744849
0.8 1.6 0.0348353 0.0816585
0.8 1.8 0.0348353 0.0888321
0.8 2 0.0348353 0.0960056
0.8 2.2 0.0348353 0.103179
0.8 2.4 0.0348353 0.110353
0.8 2.6 0.0348353 0.117526
0.8 2.8 0.0348353 0.1247
0.8 3 0.0348353 0.131873
0.8 3.2 0.0348353 0.139047
0.8 3.4 0.0348353 0.146221
0.8 3.6 0.0348353 0.153394
0.8 3.8 0.0348353 0.160568
0.8 4 0.0348353 0.167741
0.8 4.2 0.0348353 0.174915
0.8 4.4 0.0348353 0.182088
0.8 4.6 0.0348353 0.189262
0.8 4.8 0.0348353 0.196435
0.8 5 0.0348353 0.203609
1 -5 0.0270151 -0.195771
1 -4.8 0.0270151 -0.187357
1 -4.6 0.0270151 -0.178942
1 -4.4 0.0270151 -0.170527
1 -4.2 0.0270151 -0.162113
1 -4 0.0270151 -0.153698
1 -3.8 0.0270151 -0.145283
1 -3.6 0.0270151 -0.136868
1 -3.4 0.0270151 -0.128454
1 -3.2 0.0270151 -0.120039
1 -3 0.0270151 -0.111624
1 -2.8 0.0270151 -0.10321
1 -2.6 0.0270151 -0.0947949
1 -2.4 0.0270151 -0.0863802
1 -2.2 0.0270151 -0.0779655
1 -2 0.0270151 -0.0695508
1 -1.8 0.0270151 -0.061136
1 -1.6 0.0270151 -0.0527213
1 -1.4 0.0270151 -0.0443066
1 -1.2 0.0270151 -0.0358919
1 -1 0.0270151 -0.0274772
1 -0.8 0.0270151 -0.0190625
1 -0.6 0.0270151 -0.0106478
1 -0.4 0.0270151 -0.00223309
1 -0.2 0.0270151 0.00618162
1 -2.68221e-07 0.0270151 0.0145963
1 0.2 0.0270151 0.023011
1 0.4 0.0270151 0.0314257
1 0.6 0.0270151 0.0398405
1 0.8 0.0270151 0.0482552
1 1 0.0270151 0.0566699
1 1.2 0.0270151 0.0650846
1 1.4 0.0270151 0.0734993
1 1.6 0.0270151 0.081914
1 1.8 0.0270151 0.0903287
1 2 0.0270151 0.0987434
1 2.2 0.0270151 0.107158
1 2.4 0.0270151 0.115573
1 2.6 0.0270151 0.123988
1 2.8 0.0270151 0.132402
1 3 0.0270151 0.140817
1 3.2 0.0270151 0.149232
1 3.4 0.0270151 0.157646
1 3.6 0.0270151 0.166061
1 3.8 0.0270151 0.174476
1 4 0.0270151 0.182891
1 4.2 0.0270151 0.191305
1 4.4 0.0270151 0.19972
1 4.6 0.0270151 0.208135
1 4.8 0.0270151 0.216549
1 5 0.0270151 0.224964
1.2 -5 0.0181179 -0.226445
1.2 -4.8 0.0181179 -0.217124
1.2 -4.6 0.0181179 -0.207804
1.2 -4.4 0.0181179 -0.198483
1.2 -4.2 0.0181179 -0.189163
1.2 -4 0.0181179 -0.179843
1.2 -3.8 0.0181179 -0.170522
1.2 -3.6 0.0181179 -0.161202
1.2 -3.4 0.0181179 -0.151882
1.2 -3.2 0.0181179 -0.142561
1.2 -3 0.0181179 -0.133241
1.2 -2.8 0.0181179 -0.12392
1.2 -2.6 0.0181179 -0.1146
1.2 -2.4 0.0181179 -0.10528
1.2 -2.2 0.0181179 -0.0959591
1.2 -2 0.0181179 -0.0866388
1.2 -1.8 0.0181179 -0.0773184
1.2 -1.6 0.0181179 -0.067998
1.2 -1.4 0.0181179 -0.0586776
1.2 -1.2 0.0181179 -0.0493572
1.2 -1 0.0181179 -0.0400368
1.2 -0.8 0.0181179 -0.0307164
1.2 -0.6 0.0181179 -0.021396
1.2 -0.4 0.0181179 -0.0120756
1.2 -0.2 0.0181179 -0.00275523
1.2 -2.68221e-07 0.0181179 0.00656515
1.2 0.2 0.0181179 0.0158855
1.2 0.4 0.0181179 0.0252059
1.2 0.6 0.0181179 0.0345263
1.2 0.8 0.0181179 0.0438467
1.2 1 0.0181179 0.0531671
1.2 1.2 0.0181179 0.0624875
1.2 1.4 0.0181179 0.0718079
1.2 1.6 0.0181179 0.0811283
1.2 1.8 0.0181179 0.0904487
1.2 2 0.0181179 0.0997691
1.2 2.2 0.0181179 0.109089
1.2 2.4 0.0181179 0.11841
1.2 2.6 0.0181179 0.12773
1.2 2.8 0.0181179 0.137051
1.2 3 0.0181179 0.146371
1.2 3.2 0.0181179 0.155691
1.2 3.4 0.0181179 0.165012
1.2 3.6 0.0181179 0.174332
1.2 3.8 0.0181179 0.183653
1.2 4 0.0181179 0.192973
1.2 4.2 0.0181179 0.202293
1.2 4.4 0.0181179 0.211614
1.2 4.6 0.0181179 0.220934
1.2 4.8 0.0181179 0.230254
1.2 5 0.0181179 0.239575
1.4 -5 0.00849837 -0.244918
1.4 -4.8 0.00849837 -0.235063
1.4 -4.6 0.00849837 -0.225209
1.4 -4.4 0.00849837 -0.215355
1.4 -4.2 0.00849837 -0.2055
1.4 -4 0.00849837 -0.195646
1.4 -3.8 0.00849837 -0.185791
1.4 -3.6 0.00849837 -0.175937
1.4 -3.4 0.00849837 -0.166082
1.4 -3.2 0.00849837 -0.156228
1.4 -3 0.00849837 -0.146373
1.4 -2.8 0.00849837 -0.136519
1.4 -2.6 0.00849837 -0.126664
1.4 -2.4 0.00849837 -0.11681
1.4 -2.2 0.00849837 -0.106955
1.4 -2 0.00849837 -0.0971005
1.4 -1.8 0.00849837 -0.0872461
1.4 -1.6 0.00849837 -0.0773915
1.4 -1.4 0.00849837 -0.0675371
1.4 -1.2 0.00849837 -0.0576826
1.4 -1 0.00849837 -0.0478281
1.4 -0.8 0.00849837 -0.0379736
1.4 -0.6 0.00849837 -0.0281191
1.4 -0.4 0.00849837 -0.0182646
1.4 -0.2 0.00849837 -0.00841006
1.4 -2.68221e-07 0.00849837 0.00144443
1.4 0.2 0.00849837 0.0112989
1.4 0.4 0.00849837 0.0211534
1.4 0.6 0.00849837 0.0310079
1.4 0.8 0.00849837 0.0408624
1.4 1 0.00849837 0.0507169
1.4 1.2 0.00849837 0.0605714
1.4 1.4 0.00849837 0.0704259
1.4 1.6 0.00849837 0.0802804
1.4 1.8 0.00849837 0.0901349
1.4 2 0.00849837 0.0999894
1.4 2.2 0.00849837 0.109844
1.4 2.4 0.00849837 0.119698
1.4 2.6 0.00849837 0.129553
1.4 2.8 0.00849837 0.139407
1.4 3 0.00849837 0.149262
1.4 3.2 0.00849837 0.159116
1.4 3.4 0.00849837 0.168971
1.4 3.6 0.00849837 0.178825
1.4 3.8 0.00849837 0.18868
1.4 4 0.00849837 0.198534
1.4 4.2 0.00849837 0.208389
1.4 4.4 0.00849837 0.218243
1.4 4.6 0.00849837 0.228098
1.4 4.8 0.00849837 0.237952
1.4 5 0.00849837 0.247807
1.6 -5 -0.00145997 -0.249851
1.6 -4.8 -0.00145997 -0.239855
1.6 -4.6 -0.00145997 -0.229859
1.6 -4.4 -0.00145997 -0.219864
1.6 -4.2 -0.00145997 -0.209868
1.6 -4 -0.00145997 -0.199872
1.6 -3.8 -0.00145997 -0.189876
1.6 -3.6 -0.00145997 -0.179881
1.6 -3.4 -0.00145997 -0.169885
1.6 -3.2 -0.00145997 -0.159889
1.6 -3 -0.00145997 -0.149893
1.6 -2.8 -0.00145997 -0.139898
1.6 -2.6 -0.00145997 -0.129902
1.6 -2.4 -0.00145997 -0.119906
1.6 -2.2 -0.00145997 -0.10991
1.6 -2 -0.00145997 -0.0999148
1.6 -1.8 -0.00145997 -0.089919
1.6 -1.6 -0.00145997 -0.0799233
1.6 -1.4 -0.00145997 -0.0699275
1.6 -1.2 -0.00145997 -0.0599318
1.6 -1 -0.00145997 -0.0499361
1.6 -0.8 -0.00145997 -0.0399403
1.6 -0.6 -0.00145997 -0.0299446
1.6 -0.4 -0.00145997 -0.0199489
1.6 -0.2 -0.00145997 -0.00995312
1.6 -2.68221e-07 -0.00145997 4.26166e-05
1.6 0.2 -0.00145997 0.0100384
1.6 0.4 -0.00145997 0.0200341
1.6 0.6 -0.00145997 0.0300298
1.6 0.8 -0.00145997 0.0400256
1.6 1 -0.00145997 0.0500213
1.6 1.2 -0.00145997 0.060017
1.6 1.4 -0.00145997 0.0700128
1.6 1.6 -0.00145997 0.0800085
1.6 1.8 -0.00145997 0.0900043
1.6 2 -0.00145997 0.1
1.6 2.2 -0.00145997 0.109996
1.6 2.4 -0.00145997 0.119991
1.6 2.6 -0.00145997 0.129987
1.6 2.8 -0.00145997 0.139983
1.6 3 -0.00145997 0.149979
1.6 3.2 -0.00145997 0.159974
1.6 3.4 -0.00145997 0.16997
1.6 3.6 -0.00145997 0.179966
1.6 3.8 -0.00145997 0.189962
1.6 4 -0.00145997 0.199957
1.6 4.2 -0.00145997 0.209953
1.6 4.4 -0.00145997 0.219949
1.6 4.6 -0.00145997 0.229945
1.6 4.8 -0.00145997 0.23994
1.6 5 -0.00145997 0.249936
1.8 -5 -0.0113601 -0.240881
1.8 -4.8 -0.0113601 -0.231142
1.8 -4.6 -0.0113601 -0.221404
1.8 -4.4 -0.0113601 -0.211665
1.8 -4.2 -0.0113601 -0.201927
1.8 -4 -0.0113601 -0.192189
1.8 -3.8 -0.0113601 -0.18245
1.8 -3.6 -0.0113601 -0.172712
1.8 -3.4 -0.0113601 -0.162973
1.8 -3.2 -0.0113601 -0.153235
1.8 -3 -0.0113601 -0.143496
1.8 -2.8 -0.0113601 -0.133758
1.8 -2.6 -0.0113601 -0.124019
1.8 -2.4 -0.0113601 -0.114281
1.8 -2.2 -0.0113601 -0.104542
1.8 -2 -0.0113601 -0.0948038
1.8 -1.8 -0.0113601 -0.0850653
1.8 -1.6 -0.0113601 -0.0753268
1.8 -1.4 -0.0113601 -0.0655883
1.8 -1.2 -0.0113601 -0.0558498
1.8 -1 -0.0113601 -0.0461114
1.8 -0.8 -0.0113601 -0.0363729
1.8 -0.6 -0.0113601 -0.0266344
1.8 -0.4 -0.0113601 -0.0168959
1.8 -0.2 -0.0113601 -0.00715745
1.8 -2.68221e-07 -0.0113601 0.00258102
1.8 0.2 -0.0113601 0.0123195
1.8 0.4 -0.0113601 0.022058
1.8 0.6 -0.0113601 0.0317965
1.8 0.8 -0.0113601 0.0415349
1.8 1 -0.0113601 0.0512734
1.8 1.2 -0.0113601 0.0610119
1.8 1.4 -0.0113601 0.0707504
1.8 1.6 -0.0113601 0.0804888
1.8 1.8 -0.0113601 0.0902273
1.8 2 -0.0113601 0.0999658
1.8 2.2 -0.0113601 0.109704
1.8 2.4 -0.0113601 0.119443
1.8 2.6 -0.0113601 0.129181
1.8 2.8 -0.0113601 0.13892
1.8 3 -0.0113601 0.148658
1.8 3.2 -0.0113601 0.158397
1.8 3.4 -0.0113601 0.168135
1.8 3.6 -0.0113601 0.177874
1.8 3.8 -0.0113601 0.187612
1.8 4 -0.0113601 0.197351
1.8 4.2 -0.0113601 0.207089
1.8 4.4 -0.0113601 0.216828
1.8 4.6 -0.0113601 0.226566
1.8 4.8 -0.0113601 0.236304
1.8 5 -0.0113601 0.246043
2 -5 -0.0208073 -0.218665
2 -4.8 -0.0208073 -0.209573
2 -4.6 -0.0208073 -0.20048
2 -4.4 -0.0208073 -0.191387
2 -4.2 -0.0208073 -0.182294
2 -4 -0.0208073 -0.173201
2 -3.8 -0.0208073 -0.164108
2 -3.6 -0.0208073 -0.155015
2 -3.4 -0.0208073 -0.145922
2 -3.2 -0.0208073 -0.136829
2 -3 -0.0208073 -0.127736
2 -2.8 -0.0208073 -0.118643
2 -2.6 -0.0208073 -0.10955
2 -2.4 -0.0208073 -0.100457
2 -2.2 -0.0208073 -0.0913638
2 -2 -0.0208073 -0.0822709
2 -1.8 -0.0208073 -0.0731779
2 -1.6 -0.0208073 -0.0640849
2 -1.4 -0.0208073 -0.0549919
2 -1.2 -0.0208073 -0.045899
2 -1 -0.0208073 -0.036806
2 -0.8 -0.0208073 -0.027713
2 -0.6 -0.0208073 -0.01862
2 -0.4 -0.0208073 -0.00952706
2 -0.2 -0.0208073 -0.000434082
2 -2.68221e-07 -0.0208073 0.00865889
2 0.2 -0.0208073 0.0177519
2 0.4 -0.0208073 0.0268448
2 0.6 -0.0208073 0.0359378
2 0.8 -0.0208073 0.0450308
2 1 -0.0208073 0.0541238
2 1.2 -0.0208073 0.0632167
2 1.4 -0.0208073 0.0723097
2 1.6 -0.0208073 0.0814027
2 1.8 -0.0208073 0.0904957
2 2 -0.0208073 0.0995886
2 2.2 -0.0208073 0.108682
2 2.4 -0.0208073 0.117775
2 2.6 -0.0208073 0.126868
2 2.8 -0.0208073 0.135961
2 3 -0.0208073 0.145054
2 3.2 -0.0208073 0.154147
2 3.4 -0.0208073 0.163239
2 3.6 -0.0208073 0.172332
2 3.8 -0.0208073 0.181425
2 4 -0.0208073 0.190518
2 4.2 -0.0208073 0.199611
2 4.4 -0.0208073 0.208704
2 4.6 -0.0208073 0.217797
2 4.8 -0.0208073 0.22689
2 5 -0.0208073 0.235983
2.2 -5 -0.029425 -0.184807
2.2 -4.8 -0.029425 -0.176723
2.2 -4.6 -0.029425 -0.168638
2.2 -4.4 -0.029425 -0.160553
2.2 -4.2 -0.029425 -0.152468
2.2 -4 -0.029425 -0.144383
2.2 -3.8 -0.029425 -0.136298
2.2 -3.6 -0.029425 -0.128213
2.2 -3.4 -0.029425 -0.120128
2.2 -3.2 -0.029425 -0.112043
2.2 -3 -0.029425 -0.103958
2.2 -2.8 -0.029425 -0.0958729
2.2 -2.6 -0.029425 -0.0877879
2.2 -2.4 -0.029425 -0.0797029
2.2 -2.2 -0.029425 -0.071618
2.2 -2 -0.029425 -0.063533
2.2 -1.8 -0.029425 -0.055448
2.2 -1.6 -0.029425 -0.0473631
2.2 -1.4 -0.029425 -0.0392781
2.2 -1.2 -0.029425 -0.0311931
2.2 -1 -0.029425 -0.0231082
2.2 -0.8 -0.029425 -0.0150232
2.2 -0.6 -0.029425 -0.00693824
2.2 -0.4 -0.029425 0.00114673
2.2 -0.2 -0.029425 0.00923169
2.2 -2.68221e-07 -0.029425 0.0173167
2.2 0.2 -0.029425 0.0254016
2.2 0.4 -0.029425 0.0334866
2.2 0.6 -0.029425 0.0415716
2.2 0.8 -0.029425 0.0496565
2.2 1 -0.029425 0.0577415
2.2 1.2 -0.029425 0.0658264
2.2 1.4 -0.029425 0.0739114
2.2 1.6 -0.029425 0.0819964
2.2 1.8 -0.029425 0.0900813
2.2 2 -0.029425 0.0981663
2.2 2.2 -0.029425 0.106251
2.2 2.4 -0.029425 0.114336
2.2 2.6 -0.029425 0.122421
2.2 2.8 -0.029425 0.130506
2.2 3 -0.029425 0.138591
2.2 3.2 -0.029425 0.146676
2.2 3.4 -0.029425 0.154761
2.2 3.6 -0.029425 0.162846
2.2 3.8 -0.029425 0.170931
2.2 4 -0.029425 0.179016
2.2 4.2 -0.029425 0.187101
2.2 4.4 -0.029425 0.195186
2.2 4.6 -0.029425 0.203271
2.2 4.8 -0.029425 0.211356
2.2 5 -0.029425 0.219441
2.4 -5 -0.0368697 -0.141678
2.4 -4.8 -0.0368697 -0.134924
2.4 -4.6 -0.0368697 -0.128169
2.4 -4.4 -0.0368697 -0.121414
2.4 -4.2 -0.0368697 -0.11466
2.4 -4 -0.0368697 -0.107905
2.4 -3.8 -0.0368697 -0.101151
2.4 -3.6 -0.0368697 -0.094396
2.4 -3.4 -0.0368697 -0.0876413
2.4 -3.2 -0.0368697 -0.0808867
2.4 -3 -0.0368697 -0.074132
2.4 -2.8 -0.0368697 -0.0673774
2.4 -2.6 -0.0368697 -0.0606228
2.4 -2.4 -0.0368697 -0.0538681
2.4 -2.2 -0.0368697 -0.0471135
2.4 -2 -0.0368697 -0.0403589
2.4 -1.8 -0.0368697 -0.0336042
2.4 -1.6 -0.0368697 -0.0268496
2.4 -1.4 -0.0368697 -0.020095
2.4 -1.2 -0.0368697 -0.0133403
2.4 -1 -0.0368697 -0.0065857
2.4 -0.8 -0.0368697 0.000168928
2.4 -0.6 -0.0368697 0.00692356
2.4 -0.4 -0.0368697 0.0136782
2.4 -0.2 -0.0368697 0.0204328
2.4 -2.68221e-07 -0.0368697 0.0271875
2.4 0.2 -0.0368697 0.0339421
2.4 0.4 -0.0368697 0.0406967
2.4 0.6 -0.0368697 0.0474514
2.4 0.8 -0.0368697 0.054206
2.4 1 -0.0368697 0.0609606
2.4 1.2 -0.0368697 0.0677152
2.4 1.4 -0.0368697 0.0744699
2.4 1.6 -0.0368697 0.0812245
2.4 1.8 -0.0368697 0.0879792
2.4 2 -0.0368697 0.0947338
2.4 2.2 -0.0368697 0.101488
2.4 2.4 -0.0368697 0.108243
2.4 2.6 -0.0368697 0.114998
2.4 2.8 -0.0368697 0.121752
2.4 3 -0.0368697 0.128507
2.4 3.2 -0.0368697 0.135262
2.4 3.4 -0.0368697 0.142016
2.4 3.6 -0.0368697 0.148771
2.4 3.8 -0.0368697 0.155525
2.4 4 -0.0368697 0.16228
2.4 4.2 -0.0368697 0.169035
2.4 4.4 -0.0368697 0.175789
2.4 4.6 -0.0368697 0.182544
2.4 4.8 -0.0368697 0.189299
2.4 5 -0.0368697 0.196053
2.6 -5 -0.0428444 -0.0921625
2.6 -4.8 -0.0428444 -0.0870074
2.6 -4.6 -0.0428444 -0.0818524
2.6 -4.4 -0.0428444 -0.0766974
2.6 -4.2 -0.0428444 -0.0715424
2.6 -4 -0.0428444 -0.0663874
2.6 -3.8 -0.0428444 -0.0612324
2.6 -3.6 -0.0428444 -0.0560774
2.6 -3.4 -0.0428444 -0.0509224
2.6 -3.2 -0.0428444 -0.0457673
2.6 -3 -0.0428444 -0.0406123
2.6 -2.8 -0.0428444 -0.0354573
2.6 -2.6 -0.0428444 -0.0303023
2.6 -2.4 -0.0428444 -0.0251473
2.6 -2.2 -0.0428444 -0.0199923
2.6 -2 -0.0428444 -0.0148372
2.6 -1.8 -0.0428444 -0.00968223
2.6 -1.6 -0.0428444 -0.00452721
2.6 -1.4 -0.0428444 0.000627802
2.6 -1.2 -0.0428444 0.00578282
2.6 -1 -0.0428444 0.0109378
2.6 -0.8 -0.0428444 0.0160928
2.6 -0.6 -0.0428444 0.0212479
2.6 -0.4 -0.0428444 0.0264029
2.6 -0.2 -0.0428444 0.0315579
2.6 -2.68221e-07 -0.0428444 0.0367129
2.6 0.2 -0.0428444 0.0418679
2.6 0.4 -0.0428444 0.0470229
2.6 0.6 -0.0428444 0.0521779
2.6 0.8 -0.0428444 0.057333
2.6 1 -0.0428444 0.062488
2.6 1.2 -0.0428444 0.067643
2.6 1.4 -0.0428444 0.072798
2.6 1.6 -0.0428444 0.077953
2.6 1.8 -0.0428444 0.083108
2.6 2 -0.0428444 0.0882631
2.6 2.2 -0.0428444 0.0934181
2.6 2.4 -0.0428444 0.0985731
2.6 2.6 -0.0428444 0.103728
2.6 2.8 -0.0428444 0.108883
2.6 3 -0.0428444 0.114038
2.6 3.2 -0.0428444 0.119193
2.6 3.4 -0.0428444 0.124348
2.6 3.6 -0.0428444 0.129503
2.6 3.8 -0.0428444 0.134658
2.6 4 -0.0428444 0.139813
2.6 4.2 -0.0428444 0.144968
2.6 4.4 -0.0428444 0.150123
2.6 4.6 -0.0428444 0.155278
2.6 4.8 -0.0428444 0.160433
2.6 5 -0.0428444 0.165588
2.8 -5 -0.0471111 -0.0393579
2.8 -4.8 -0.0471111 -0.036008
2.8 -4.6 -0.0471111 -0.0326581
2.8 -4.4 -0.0471111 -0.0293083
2.8 -4.2 -0.0471111 -0.0259584
2.8 -4 -0.0471111 -0.0226085
2.8 -3.8 -0.0471111 -0.0192586
2.8 -3.6 -0.0471111 -0.0159087
2.8 -3.4 -0.0471111 -0.0125589
2.8 -3.2 -0.0471111 -0.00920898
2.8 -3 -0.0471111 -0.0058591
2.8 -2.8 -0.0471111 -0.00250921
2.8 -2.6 -0.0471111 0.00084067
2.8 -2.4 -0.0471111 0.00419055
2.8 -2.2 -0.0471111 0.00754044
2.8 -2 -0.0471111 0.0108903
2.8 -1.8 -0.0471111 0.0142402
2.8 -1.6 -0.0471111 0.0175901
2.8 -1.4 -0.0471111 0.02094
2.8 -1.2 -0.0471111 0.0242899
2.8 -1 -0.0471111 0.0276397
2.8 -0.8 -0.0471111 0.0309896
2.8 -0.6 -0.0471111 0.0343395
2.8 -0.4 -0.0471111 0.0376894
2.8 -0.2 -0.0471111 0.0410393
2.8 -2.68221e-07 -0.0471111 0.0443891
2.8 0.2 -0.0471111 0.047739
2.8 0.4 -0.0471111 0.0510889
2.8 0.6 -0.0471111 0.0544388
2.8 0.8 -0.0471111 0.0577887
2.8 1 -0.0471111 0.0611386
2.8 1.2 -0.0471111 0.0644884
2.8 1.4 -0.0471111 0.0678383
2.8 1.6 -0.0471111 0.0711882
2.8 1.8 -0.0471111 0.0745381
2.8 2 -0.0471111 0.077888
2.8 2.2 -0.0471111 0.0812378
2.8 2.4 -0.0471111 0.0845877
2.8 2.6 -0.0471111 0.0879376
2.8 2.8 -0.0471111 0.0912875
2.8 3 -0.0471111 0.0946374
2.8 3.2 -0.0471111 0.0979873
2.8 3.4 -0.0471111 0.101337
2.8 3.6 -0.0471111 0.104687
2.8 3.8 -0.0471111 0.108037
2.8 4 -0.0471111 0.111387
2.8 4.2 -0.0471111 0.114737
2.8 4.4 -0.0471111 0.118087
2.8 4.6 -0.0471111 0.121436
2.8 4.8 -0.0471111 0.124786
2.8 5 -0.0471111 0.128136
3 -5 -0.0494996 0.0137243
3 -4.8 -0.0494996 0.0151355
3 -4.6 -0.0494996 0.0165467
3 -4.4 -0.0494996 0.0179579
3 -4.2 -0.0494996 0.019369
3 -4 -0.0494996 0.0207802
3 -3.8 -0.0494996 0.0221914
3 -3.6 -0.0494996 0.0236026
3 -3.4 -0.0494996 0.0250138
3 -3.2 -0.0494996 0.0264251
3 -3 -0.0494996 0.0278363
3 -2.8 -0.0494996 0.0292475
3 -2.6 -0.0494996 0.0306587
3 -2.4 -0.0494996 0.0320699
3 -2.2 -0.0494996 0.0334811
3 -2 -0.0494996 0.0348923
3 -1.8 -0.0494996 0.0363035
3 -1.6 -0.0494996 0.0377147
3 -1.4 -0.0494996 0.0391259
3 -1.2 -0.0494996 0.0405371
3 -1 -0.0494996 0.0419483
3 -0.8 -0.0494996 0.0433595
3 -0.6 -0.0494996 0.0447707
3 -0.4 -0.0494996 0.0461819
3 -0.2 -0.0494996 0.0475931
3 -2.68221e-07 -0.0494996 0.0490043
3 0.2 -0.0494996 0.0504155
3 0.4 -0.0494996 0.0518267
3 0.6 -0.0494996 0.0532379
3 0.8 -0.0494996 0.0546491
3 1 -0.0494996 0.0560603
3 1.2 -0.0494996 0.0574715
3 1.4 -0.0494996 0.0588827
3 1.6 -0.0494996 0.0602939
3 1.8 -0.0494996 0.0617051
3 2 -0.0494996 0.0631163
3 2.2 -0.0494996 0.0645275
3 2.4 -0.0494996 0.0659387
3 2.6 -0.0494996 0.0673499
3 2.8 -0.0494996 0.0687611
3 3 -0.0494996 0.0701723
3 3.2 -0.0494996 0.0715835
3 3.4 -0.0494996 0.0729947
3 3.6 -0.0494996 0.0744059
3 3.8 -0.0494996 0.0758171
3 4 -0.0494996 0.0772283
3 4.2 -0.0494996 0.0786395
3 4.4 -0.0494996 0.0800507
3 4.6 -0.0494996 0.0814619
3 4.8 -0.0494996 0.0828731
3 5 -0.0494996 0.0842843
3.2 -5 -0.0499147 0.0644232
3.2 -4.8 -0.0499147 0.0638394
3.2 -4.6 -0.0499147 0.0632557
3.2 -4.4 -0.0499147 0.062672
3.2 -4.2 -0.0499147 0.0620882
3.2 -4 -0.0499147 0.0615045
3.2 -3.8 -0.0499147 0.0609207
3.2 -3.6 -0.0499147 0.060337
3.2 -3.4 -0.0499147 0.0597532
3.2 -3.2 -0.0499147 0.0591695
3.2 -3 -0.0499147 0.0585858
3.2 -2.8 -0.0499147 0.058002
3.2 -2.6 -0.0499147 0.0574183
3.2 -2.4 -0.0499147 0.0568345
3.2 -2.2 -0.0499147 0.0562508
3.2 -2 -0.0499147 0.055667
3.2 -1.8 -0.0499147 0.0550833
3.2 -1.6 -0.0499147 0.0544996
3.2 -1.4 -0.0499147 0.0539158
3.2 -1.2 -0.0499147 0.0533321
3.2 -1 -0.0499147 0.0527483
3.2 -0.8 -0.0499147 0.0521646
3.2 -0.6 -0.0499147 0.0515808
3.2 -0.4 -0.0499147 0.0509971
3.2 -0.2 -0.0499147 0.0504134
3.2 -2.68221e-07 -0.0499147 0.0498296
3.2 0.2 -0.0499147 0.0492459
3.2 0.4 -0.0499147 0.0486621
3.2 0.6 -0.0499147 0.0480784
3.2 0.8 -0.0499147 0.0474947
3.2 1 -0.0499147 0.0469109
3.2 1.2 -0.0499147 0.0463272
3.2 1.4 -0.0499147 0.0457434
3.2 1.6 -0.0499147 0.0451597
3.2 1.8 -0.0499147 0.0445759
3.2 2 -0.0499147 0.0439922
3.2 2.2 -0.0499147 0.0434085
3.2 2.4 -0.0499147 0.0428247
3.2 2.6 -0.0499147 0.042241
3.2 2.8 -0.0499147 0.0416572
3.2 3 -0.0499147 0.0410735
3.2 3.2 -0.0499147 0.0404898
3.2 3.4 -0.0499147 0.039906
3.2 3.6 -0.0499147 0.0393223
3.2 3.8 -0.0499147 0.0387385
3.2 4 -0.0499147 0.0381548
3.2 4.2 -0.0499147 0.037571
3.2 4.4 -0.0499147 0.0369873
3.2 4.6 -0.0499147 0.0364036
3.2 4.8 -0.0499147 0.0358198
3.2 5 -0.0499147 0.0352361
3.4 -5 -0.0483399 0.11062
3.4 -4.8 -0.0483399 0.108065
3.4 -4.6 -0.0483399 0.105509
3.4 -4.4 -0.0483399 0.102954
3.4 -4.2 -0.0483399 0.100399
3.4 -4 -0.0483399 0.0978432
3.4 -3.8 -0.0483399 0.0952878
3.4 -3.6 -0.0483399 0.0927324
3.4 -3.4 -0.0483399 0.0901769
3.4 -3.2 -0.0483399 0.0876215
3.4 -3 -0.0483399 0.0850661
3.4 -2.8 -0.0483399 0.0825107
3.4 -2.6 -0.0483399 0.0799553
3.4 -2.4 -0.0483399 0.0773999
3.4 -2.2 -0.0483399 0.0748445
3.4 -2 -0.0483399 0.0722891
3.4 -1.8 -0.0483399 0.0697336
3.4 -1.6 -0.0483399 0.0671782
3.4 -1.4 -0.0483399 0.0646228
3.4 -1.2 -0.0483399 0.0620674
3.4 -1 -0.0483399 0.059512
3.4 -0.8 -0.0483399 0.0569566
3.4 -0.6 -0.0483399 0.0544012
3.4 -0.4 -0.0483399 0.0518458
3.4 -0.2 -0.0483399 0.0492904
3.4 -2.68221e-07 -0.0483399 0.0467349
3.4 0.2 -0.0483399 0.0441795
3.4 0.4 -0.0483399 0.0416241
3.4 0.6 -0.0483399 0.0390687
3.4 0.8 -0.0483399 0.0365133
3.4 1 -0.0483399 0.0339579
3.4 1.2 -0.0483399 0.0314025
3.4 1.4 -0.0483399 0.0288471
3.4 1.6 -0.0483399 0.0262916
3.4 1.8 -0.0483399 0.0237362
3.4 2 -0.0483399 0.0211808
3.4 2.2 -0.0483399 0.0186254
3.4 2.4 -0.0483399 0.01607
3.4 2.6 -0.0483399 0.0135146
3.4 2.8 -0.0483399 0.0109592
3.4 3 -0.0483399 0.00840376
3.4 3.2 -0.0483399 0.00584834
3.4 3.4 -0.0483399 0.00329293
3.4 3.6 -0.0483399 0.000737518
3.4 3.8 -0.0483399 -0.00181789
3.4 4 -0.0483399 -0.0043733
3.4 4.2 -0.0483399 -0.00692871
3.4 4.4 -0.0483399 -0.00948412
3.4 4.6 -0.0483399 -0.0120395
3.4 4.8 -0.0483399 -0.0145949
3.4 5 -0.0483399 -0.0171504
3.6 -5 -0.0448379 0.150839
3.6 -4.8 -0.0448379 0.146414
3.6 -4.6 -0.0448379 0.141989
3.6 -4.4 -0.0448379 0.137563
3.6 -4.2 -0.0448379 0.133138
3.6 -4 -0.0448379 0.128713
3.6 -3.8 -0.0448379 0.124288
3.6 -3.6 -0.0448379 0.119862
3.6 -3.4 -0.0448379 0.115437
3.6 -3.2 -0.0448379 0.111012
3.6 -3 -0.0448379 0.106587
3.6 -2.8 -0.0448379 0.102162
3.6 -2.6 -0.0448379 0.0977365
3.6 -2.4 -0.0448379 0.0933113
3.6 -2.2 -0.0448379 0.0888861
3.6 -2 -0.0448379 0.0844608
3.6 -1.8 -0.0448379 0.0800356
3.6 -1.6 -0.0448379 0.0756104
3.6 -1.4 -0.0448379 0.0711852
3.6 -1.2 -0.0448379 0.06676
3.6 -1 -0.0448379 0.0623348
3.6 -0.8 -0.0448379 0.0579096
3.6 -0.6 -0.0448379 0.0534844
3.6 -0.4 -0.0448379 0.0490592
3.6 -0.2 -0.0448379 0.044634
3.6 -2.68221e-07 -0.0448379 0.0402088
3.6 0.2 -0.0448379 0.0357836
3.6 0.4 -0.0448379 0.0313584
3.6 0.6 -0.0448379 0.0269332
3.6 0.8 -0.0448379 0.022508
3.6 1 -0.0448379 0.0180828
3.6 1.2 -0.0448379 0.0136575
3.6 1.4 -0.0448379 0.00923234
3.6 1.6 -0.0448379 0.00480714
3.6 1.8 -0.0448379 0.000381929
3.6 2 -0.0448379 -0.00404328
3.6 2.2 -0.0448379 -0.00846848
3.6 2.4 -0.0448379 -0.0128937
3.6 2.6 -0.0448379 -0.0173189
3.6 2.8 -0.0448379 -0.0217441
3.6 3 -0.0448379 -0.0261693
3.6 3.2 -0.0448379 -0.0305945
3.6 3.4 -0.0448379 -0.0350197
3.6 3.6 -0.0448379 -0.0394449
3.6 3.8 -0.0448379 -0.0438701
3.6 4 -0.0448379 -0.0482953
3.6 4.2 -0.0448379 -0.0527205
3.6 4.4 -0.0448379 -0.0571457
3.6 4.6 -0.0448379 -0.0615709
3.6 4.8 -0.0448379 -0.0659961
3.6 5 -0.0448379 -0.0704213
3.8 -5 -0.0395484 0.184246
3.8 -4.8 -0.0395484 0.178127
3.8 -4.6 -0.0395484 0.172009
3.8 -4.4 -0.0395484 0.16589
3.8 -4.2 -0.0395484 0.159772
3.8 -4 -0.0395484 0.153653
3.8 -3.8 -0.0395484 0.147535
3.8 -3.6 -0.0395484 0.141416
3.8 -3.4 -0.0395484 0.135297
3.8 -3.2 -0.0395484 0.129179
3.8 -3 -0.0395484 0.12306
3.8 -2.8 -0.0395484 0.116942
3.8 -2.6 -0.0395484 0.110823
3.8 -2.4 -0.0395484 0.104704
3.8 -2.2 -0.0395484 0.0985859
3.8 -2 -0.0395484 0.0924673
3.8 -1.8 -0.0395484 0.0863487
3.8 -1.6 -0.0395484 0.0802301
3.8 -1.4 -0.0395484 0.0741116
3.8 -1.2 -0.0395484 0.067993
3.8 -1 -0.0395484 0.0618744
3.8 -0.8 -0.0395484 0.0557558
3.8 -0.6 -0.0395484 0.0496372
3.8 -0.4 -0.0395484 0.0435187
3.8 -0.2 -0.0395484 0.0374001
3.8 -2.68221e-07 -0.0395484 0.0312815
3.8 0.2 -0.0395484 0.0251629
3.8 0.4 -0.0395484 0.0190443
3.8 0.6 -0.0395484 0.0129258
3.8 0.8 -0.0395484 0.00680717
3.8 1 -0.0395484 0.000688594
3.8 1.2 -0.0395484 -0.00542999
3.8 1.4 -0.0395484 -0.0115486
3.8 1.6 -0.0395484 -0.0176672
3.8 1.8 -0.0395484 -0.0237857
3.8 2 -0.0395484 -0.0299043
3.8 2.2 -0.0395484 -0.0360229
3.8 2.4 -0.0395484 -0.0421415
3.8 2.6 -0.0395484 -0.0482601
3.8 2.8 -0.0395484 -0.0543786
3.8 3 -0.0395484 -0.0604972
3.8 3.2 -0.0395484 -0.0666158
3.8 3.4 -0.0395484 -0.0727344
3.8 3.6 -0.0395484 -0.078853
3.8 3.8 -0.0395484 -0.0849715
3.8 4 -0.0395484 -0.0910901
3.8 4.2 -0.0395484 -0.0972087
3.8 4.4 -0.0395484 -0.103327
3.8 4.6 -0.0395484 -0.109446
3.8 4.8 -0.0395484 -0.115564
3.8 5 -0.0395484 -0.121683
4 -5 -0.0326822 0.210563
4 -4.8 -0.0326822 0.202995
4 -4.6 -0.0326822 0.195427
4 -4.4 -0.0326822 0.187859
4 -4.2 -0.0326822 0.180291
4 -4 -0.0326822 0.172723
4 -3.8 -0.0326822 0.165155
4 -3.6 -0.0326822 0.157587
4 -3.4 -0.0326822 0.150019
4 -3.2 -0.0326822 0.142451
4 -3 -0.0326822 0.134883
4 -2.8 -0.0326822 0.127315
4 -2.6 -0.0326822 0.119747
4 -2.4 -0.0326822 0.112179
4 -2.2 -0.0326822 0.104611
4 -2 -0.0326822 0.0970428
4 -1.8 -0.0326822 0.0894747
4 -1.6 -0.0326822 0.0819067
4 -1.4 -0.0326822 0.0743387
4 -1.2 -0.0326822 0.0667707
4 -1 -0.0326822 0.0592026
4 -0.8 -0.0326822 0.0516346
4 -0.6 -0.0326822 0.0440666
4 -0.4 -0.0326822 0.0364986
4 -0.2 -0.0326822 0.0289305
4 -2.68221e-07 -0.0326822 0.0213625
4 0.2 -0.0326822 0.0137945
4 0.4 -0.0326822 0.00622646
4 0.6 -0.0326822 -0.00134157
4 0.8 -0.0326822 -0.00890959
4 1 -0.0326822 -0.0164776
4 1.2 -0.0326822 -0.0240456
4 1.4 -0.0326822 -0.0316137
4 1.6 -0.0326822 -0.0391817
4 1.8 -0.0326822 -0.0467497
4 2 -0.0326822 -0.0543178
4 2.2 -0.0326822 -0.0618858
4 2.4 -0.0326822 -0.0694538
4 2.6 -0.0326822 -0.0770218
4 2.8 -0.0326822 -0.0845899
4 3 -0.0326822 -0.0921579
4 3.2 -0.0326822 -0.0997259
4 3.4 -0.0326822 -0.107294
4 3.6 -0.0326822 -0.114862
4 3.8 -0.0326822 -0.12243
4 4 -0.0326822 -0.129998
4 4.2 -0.0326822 -0.137566
4 4.4 -0.0326822 -0.145134
4 4.6 -0.0326822 -0.152702
4 4.8 -0.0326822 -0.16027
4 5 -0.0326822 -0.167838
4.2 -5 -0.024513 0.229912
4.2 -4.8 -0.024513 0.221196
4.2 -4.6 -0.024513 0.21248
4.2 -4.4 -0.024513 0.203764
4.2 -4.2 -0.024513 0.195049
4.2 -4 -0.024513 0.186333
4.2 -3.8 -0.024513 0.177617
4.2 -3.6 -0.024513 0.168901
4.2 -3.4 -0.024513 0.160186
4.2 -3.2 -0.024513 0.15147
4.2 -3 -0.024513 0.142754
4.2 -2.8 -0.024513 0.134038
4.2 -2.6 -0.024513 0.125323
4.2 -2.4 -0.024513 0.116607
4.2 -2.2 -0.024513 0.107891
4.2 -2 -0.024513 0.0991754
4.2 -1.8 -0.024513 0.0904596
4.2 -1.6 -0.024513 0.0817439
4.2 -1.4 -0.024513 0.0730281
4.2 -1.2 -0.024513 0.0643123
4.2 -1 -0.024513 0.0555966
4.2 -0.8 -0.024513 0.0468808
4.2 -0.6 -0.024513 0.0381651
4.2 -0.4 -0.024513 0.0294493
4.2 -0.2 -0.024513 0.0207336
4.2 -2.68221e-07 -0.024513 0.0120178
4.2 0.2 -0.024513 0.00330205
4.2 0.4 -0.024513 -0.00541371
4.2 0.6 -0.024513 -0.0141295
4.2 0.8 -0.024513 -0.0228452
4.2 1 -0.024513 -0.031561
4.2 1.2 -0.024513 -0.0402767
4.2 1.4 -0.024513 -0.0489925
4.2 1.6 -0.024513 -0.0577083
4.2 1.8 -0.024513 -0.066424
4.2 2 -0.024513 -0.0751398
4.2 2.2 -0.024513 -0.0838555
4.2 2.4 -0.024513 -0.0925713
4.2 2.6 -0.024513 -0.101287
4.2 2.8 -0.024513 -0.110003
4.2 3 -0.024513 -0.118719
4.2 3.2 -0.024513 -0.127434
4.2 3.4 -0.024513 -0.13615
4.2 3.6 -0.024513 -0.144866
4.2 3.8 -0.024513 -0.153582
4.2 4 -0.024513 -0.162297
4.2 4.2 -0.024513 -0.171013
4.2 4.4 -0.024513 -0.179729
4.2 4.6 -0.024513 -0.188445
4.2 4.8 -0.024513 -0.19716
4.2 5 -0.024513 -0.205876
4.4 -5 -0.0153667 0.242623
4.4 -4.8 -0.0153667 0.233107
4.4 -4.6 -0.0153667 0.223591
4.4 -4.4 -0.0153667 0.214075
4.4 -4.2 -0.0153667 0.204559
4.4 -4 -0.0153667 0.195043
4.4 -3.8 -0.0153667 0.185527
4.4 -3.6 -0.0153667 0.176011
4.4 -3.4 -0.0153667 0.166495
4.4 -3.2 -0.0153667 0.156979
4.4 -3 -0.0153667 0.147463
4.4 -2.8 -0.0153667 0.137947
4.4 -2.6 -0.0153667 0.128431
4.4 -2.4 -0.0153667 0.118915
4.4 -2.2 -0.0153667 0.109399
4.4 -2 -0.0153667 0.0998829
4.4 -1.8 -0.0153667 0.0903669
4.4 -1.6 -0.0153667 0.0808509
4.4 -1.4 -0.0153667 0.0713348
4.4 -1.2 -0.0153667 0.0618188
4.4 -1 -0.0153667 0.0523028
4.4 -0.8 -0.0153667 0.0427868
4.4 -0.6 -0.0153667 0.0332708
4.4 -0.4 -0.0153667 0.0237547
4.4 -0.2 -0.0153667 0.0142387
4.4 -2.68221e-07 -0.0153667 0.0047227
4.4 0.2 -0.0153667 -0.00479332
4.4 0.4 -0.0153667 -0.0143093
4.4 0.6 -0.0153667 -0.0238254
4.4 0.8 -0.0153667 -0.0333414
4.4 1 -0.0153667 -0.0428574
4.4 1.2 -0.0153667 -0.0523734
4.4 1.4 -0.0153667 -0.0618894
4.4 1.6 -0.0153667 -0.0714055
4.4 1.8 -0.0153667 -0.0809215
4.4 2 -0.0153667 -0.0904375
4.4 2.2 -0.0153667 -0.0999535
4.4 2.4 -0.0153667 -0.10947
4.4 2.6 -0.0153667 -0.118986
4.4 2.8 -0.0153667 -0.128502
4.4 3 -0.0153667 -0.138018
4.4 3.2 -0.0153667 -0.147534
4.4 3.4 -0.0153667 -0.15705
4.4 3.6 -0.0153667 -0.166566
4.4 3.8 -0.0153667 -0.176082
4.4 4 -0.0153667 -0.185598
4.4 4.2 -0.0153667 -0.195114
4.4 4.4 -0.0153667 -0.20463
4.4 4.6 -0.0153667 -0.214146
4.4 4.8 -0.0153667 -0.223662
4.4 5 -0.0153667 -0.233178
4.6 -5 -0.00560765 0.249052
4.6 -4.8 -0.00560765 0.239115
4.6 -4.6 -0.00560765 0.229178
4.6 -4.4 -0.00560765 0.219241
4.6 -4.2 -0.00560765 0.209304
4.6 -4 -0.00560765 0.199367
4.6 -3.8 -0.00560765 0.18943
4.6 -3.6 -0.00560765 0.179493
4.6 -3.4 -0.00560765 0.169556
4.6 -3.2 -0.00560765 0.159619
4.6 -3 -0.00560765 0.149683
4.6 -2.8 -0.00560765 0.139746
4.6 -2.6 -0.00560765 0.129809
4.6 -2.4 -0.00560765 0.119872
4.6 -2.2 -0.00560765 0.109935
4.6 -2 -0.00560765 0.099998
4.6 -1.8 -0.00560765 0.0900611
4.6 -1.6 -0.00560765 0.0801242
4.6 -1.4 -0.00560765 0.0701873
4.6 -1.2 -0.00560765 0.0602504
4.6 -1 -0.00560765 0.0503135
4.6 -0.8 -0.00560765 0.0403766
4.6 -0.6 -0.00560765 0.0304397
4.6 -0.4 -0.00560765 0.0205027
4.6 -0.2 -0.00560765 0.0105658
4.6 -2.68221e-07 -0.00560765 0.000628929
4.6 0.2 -0.00560765 -0.00930798
4.6 0.4 -0.00560765 -0.0192449
4.6 0.6 -0.00560765 -0.0291818
4.6 0.8 -0.00560765 -0.0391187
4.6 1 -0.00560765 -0.0490556
4.6 1.2 -0.00560765 -0.0589925
4.6 1.4 -0.00560765 -0.0689294
4.6 1.6 -0.00560765 -0.0788664
4.6 1.8 -0.00560765 -0.0888033
4.6 2 -0.00560765 -0.0987402
4.6 2.2 -0.00560765 -0.108677
4.6 2.4 -0.00560765 -0.118614
4.6 2.6 -0.00560765 -0.128551
4.6 2.8 -0.00560765 -0.138488
4.6 3 -0.00560765 -0.148425
4.6 3.2 -0.00560765 -0.158362
4.6 3.4 -0.00560765 -0.168299
4.6 3.6 -0.00560765 -0.178235
4.6 3.8 -0.00560765 -0.188172
4.6 4 -0.00560765 -0.198109
4.6 4.2 -0.00560765 -0.208046
4.6 4.4 -0.00560765 -0.217983
4.6 4.6 -0.00560765 -0.22792
4.6 4.8 -0.00560765 -0.237857
4.6 5 -0.00560765 -0.247794
4.8 -5 0.00437491 0.249424
4.8 -4.8 0.00437491 0.239462
4.8 -4.6 0.00437491 0.229501
4.8 -4.4 0.00437491 0.219539
4.8 -4.2 0.00437491 0.209577
4.8 -4 0.00437491 0.199616
4.8 -3.8 0.00437491 0.189654
4.8 -3.6 0.00437491 0.179692
4.8 -3.4 0.00437491 0.169731
4.8 -3.2 0.00437491 0.159769
4.8 -3 0.00437491 0.149808
4.8 -2.8 0.00437491 0.139846
4.8 -2.6 0.00437491 0.129884
4.8 -2.4 0.00437491 0.119923
4.8 -2.2 0.00437491 0.109961
4.8 -2 0.00437491 0.0999993
4.8 -1.8 0.00437491 0.0900376
4.8 -1.6 0.00437491 0.080076
4.8 -1.4 0.00437491 0.0701143
4.8 -1.2 0.00437491 0.0601527
4.8 -1 0.00437491 0.050191
4.8 -0.8 0.00437491 0.0402294
4.8 -0.6 0.00437491 0.0302678
4.8 -0.4 0.00437491 0.0203061
4.8 -0.2 0.00437491 0.0103445
4.8 -2.68221e-07 0.00437491 0.00038281
4.8 0.2 0.00437491 -0.00957884
4.8 0.4 0.00437491 -0.0195405
4.8 0.6 0.00437491 -0.0295021
4.8 0.8 0.00437491 -0.0394638
4.8 1 0.00437491 -0.0494254
4.8 1.2 0.00437491 -0.0593871
4.8 1.4 0.00437491 -0.0693487
4.8 1.6 0.00437491 -0.0793104
4.8 1.8 0.00437491 -0.089272
4.8 2 0.00437491 -0.0992337
4.8 2.2 0.00437491 -0.109195
4.8 2.4 0.00437491 -0.119157
4.8 2.6 0.00437491 -0.129119
4.8 2.8 0.00437491 -0.13908
4.8 3 0.00437491 -0.149042
4.8 3.2 0.00437491 -0.159004
4.8 3.4 0.00437491 -0.168965
4.8 3.6 0.00437491 -0.178927
4.8 3.8 0.00437491 -0.188889
4.8 4 0.00437491 -0.19885
4.8 4.2 0.00437491 -0.208812
4.8 4.4 0.00437491 -0.218773
4.8 4.6 0.00437491 -0.228735
4.8 4.8 0.00437491 -0.238697
4.8 5 0.00437491 -0.248658
5 -5 0.0141831 0.243754
5 -4.8 0.0141831 0.234165
5 -4.6 0.0141831 0.224576
5 -4.4 0.0141831 0.214987
5 -4.2 0.0141831 0.205397
5 -4 0.0141831 0.195808
5 -3.8 0.0141831 0.186219
5 -3.6 0.0141831 0.17663
5 -3.4 0.0141831 0.16704
5 -3.2 0.0141831 0.157451
5 -3 0.0141831 0.147862
5 -2.8 0.0141831 0.138273
5 -2.6 0.0141831 0.128683
5 -2.4 0.0141831 0.119094
5 -2.2 0.0141831 0.109505
5 -2 0.0141831 0.0999157
5 -1.8 0.0141831 0.0903264
5 -1.6 0.0141831 0.0807372
5 -1.4 0.0141831 0.0711479
5 -1.2 0.0141831 0.0615587
5 -1 0.0141831 0.0519694
5 -0.8 0.0141831 0.0423802
5 -0.6 0.0141831 0.0327909
5 -0.4 0.0141831 0.0232017
5 -0.2 0.0141831 0.0136124
5 -2.68221e-07 0.0141831 0.0040232
5 0.2 0.0141831 -0.00556605
5 0.4 0.0141831 -0.0151553
5 0.6 0.0141831 -0.0247445
5 0.8 0.0141831 -0.0343338
5 1 0.0141831 -0.043923
5 1.2 0.0141831 -0.0535123
5 1.4 0.0141831 -0.0631015
5 1.6 0.0141831 -0.0726908
5 1.8 0.0141831 -0.08228
5 2 0.0141831 -0.0918693
5 2.2 0.0141831 -0.101459
5 2.4 0.0141831 -0.111048
5 2.6 0.0141831 -0.120637
5 2.8 0.0141831 -0.130226
5 3 0.0141831 -0.139815
5 3.2 0.0141831 -0.149405
5 3.4 0.0141831 -0.158994
5 3.6 0.0141831 -0.168583
5 3.8 0.0141831 -0.178172
5 4 0.0141831 -0.187762
5 4.2 0.0141831 -0.197351
5 4.4 0.0141831 -0.20694
5 4.6 0.0141831 -0.216529
5 4.8 0.0141831 -0.226119
5 5 0.0141831 -0.235708
