-5 -5 -0 -1.25
-5 -4.8 0.05 -1.152
-5 -4.6 0.0999999 -1.058
-5 -4.4 0.15 -0.968
-5 -4.2 0.2 -0.882
-5 -4 0.25 -0.8
-5 -3.8 0.3 -0.722
-5 -3.6 0.35 -0.648
-5 -3.4 0.4 -0.578
-5 -3.2 0.45 -0.512
-5 -3 0.5 -0.45
-5 -2.8 0.55 -0.392
-5 -2.6 0.6 -0.338
-5 -2.4 0.65 -0.288
-5 -2.2 0.7 -0.242
-5 -2 0.75 -0.2
-5 -1.8 0.8 -0.162
-5 -1.6 0.85 -0.128
-5 -1.4 0.9 -0.098
-5 -1.2 0.95 -0.072
-5 -1 1 -0.05
-5 -0.8 1.05 -0.032
-5 -0.6 1.1 -0.018
-5 -0.4 1.15 -0.00800001
-5 -0.2 1.2 -0.00200001
-5 -2.68221e-07 1.25 -3.59712e-15
-5 0.2 1.3 -0.00199999
-5 0.4 1.35 -0.00799999
-5 0.6 1.4 -0.018
-5 0.8 1.45 -0.032
-5 1 1.5 -0.05
-5 1.2 1.55 -0.072
-5 1.4 1.6 -0.098
-5 1.6 1.65 -0.128
-5 1.8 1.7 -0.162
-5 2 1.75 -0.2
-5 2.2 1.8 -0.242
-5 2.4 1.85 -0.288
-5 2.6 1.9 -0.338
-5 2.8 1.95 -0.392
-5 3 2 -0.45
-5 3.2 2.05 -0.512
-5 3.4 2.1 -0.578
-5 3.6 2.15 -0.648
-5 3.8 2.2 -0.722
-5 4 2.25 -0.8
-5 4.2 2.3 -0.882
-5 4.4 2.35 -0.968
-5 4.6 2.4 -1.058
-5 4.8 2.45 -1.152
-5 5 2.5 -1.25
-4.8 -5 -0.048 -1.25
-4.8 -4.8 -0 -1.152
-4.8 -4.6 0.048 -1.058
-4.8 -4.4 0.0959999 -0.968
-4.8 -4.2 0.144 -0.882
-4.8 -4 0.192 -0.8
-4.8 -3.8 0.24 -0.722
-4.8 -3.6 0.288 -0.648
-4.8 -3.4 0.336 -0.578
-4.8 -3.2 0.384 -0.512
-4.8 -3 0.432 -0.45
-4.8 -2.8 0.48 -0.392
-4.8 -2.6 0.528 -0.338
-4.8 -2.4 0.576 -0.288
-4.8 -2.2 0.624 -0.242
-4.8 -2 0.672 -0.2
-4.8 -1.8 0.72 -0.162
-4.8 -1.6 0.768 -0.128
-4.8 -1.4 0.816 -0.098
-4.8 -1.2 0.864 -0.072
-4.8 -1 0.912 -0.05
-4.8 -0.8 0.96 -0.032
-4.8 -0.6 1.008 -0.018
-4.8 -0.4 1.056 -0.00800001
-4.8 -0.2 1.104 -0.00200001
-4.8 -2.68221e-07 1.152 -3.59712e-15
-4.8 0.2 1.2 -0.00199999
-4.8 0.4 1.248 -0.00799999
-4.8 0.6 1.296 -0.018
-4.8 0.8 1.344 -0.032
-4.8 1 1.392 -0.05
-4.8 1.2 1.44 -0.072
-4.8 1.4 1.488 -0.098
-4.8 1.6 1.536 -0.128
-4.8 1.8 1.584 -0.162
-4.8 2 1.632 -0.2
-4.8 2.2 1.68 -0.242
-4.8 2.4 1.728 -0.288
-4.8 2.6 1.776 -0.338
-4.8 2.8 1.824 -0.392
-4.8 3 1.872 -0.45
-4.8 3.2 1.92 -0.512
-4.8 3.4 1.968 -0.578
-4.8 3.6 2.016 -0.648
-4.8 3.8 2.064 -0.722
-4.8 4 2.112 -0.8
-4.8 4.2 2.16 -0.882
-4.8 4.4 2.208 -0.968
-4.8 4.6 2.256 -1.058
-4.8 4.8 2.304 -1.152
-4.8 5 2.352 -1.25
-4.6 -5 -0.0919999 -1.25
-4.6 -4.8 -0.046 -1.152
-4.6 -4.6 -0 -1.058
-4.6 -4.4 0.046 -0.968
-4.6 -4.2 0.0919999 -0.882
-4.6 -4 0.138 -0.8
-4.6 -3.8 0.184 -0.722
-4.6 -3.6 0.23 -0.648
-4.6 -3.4 0.276 -0.578
-4.6 -3.2 0.322 -0.512
-4.6 -3 0.368 -0.45
-4.6 -2.8 0.414 -0.392
-4.6 -2.6 0.46 -0.338
-4.6 -2.4 0.506 -0.288
-4.6 -2.2 0.552 -0.242
-4.6 -2 0.598 -0.2
-4.6 -1.8 0.644 -0.162
-4.6 -1.6 0.69 -0.128
-4.6 -1.4 0.736 -0.098
-4.6 -1.2 0.782 -0.072
-4.6 -1 0.828 -0.05
-4.6 -0.8 0.874 -0.032
-4.6 -0.6 0.92 -0.018
-4.6 -0.4 0.966 -0.00800001
-4.6 -0.2 1.012 -0.00200001
-4.6 -2.68221e-07 1.058 -3.59712e-15
-4.6 0.2 1.104 -0.00199999
-4.6 0.4 1.15 -0.00799999
-4.6 0.6 1.196 -0.018
-4.6 0.8 1.242 -0.032
-4.6 1 1.288 -0.05
-4.6 1.2 1.334 -0.072
-4.6 1.4 1.38 -0.098
-4.6 1.6 1.426 -0.128
-4.6 1.8 1.472 -0.162
-4.6 2 1.518 -0.2
-4.6 2.2 1.564 -0.242
-4.6 2.4 1.61 -0.288
-4.6 2.6 1.656 -0.338
-4.6 2.8 1.702 -0.392
-4.6 3 1.748 -0.45
-4.6 3.2 1.794 -0.512
-4.6 3.4 1.84 -0.578
-4.6 3.6 1.886 -0.648
-4.6 3.8 1.932 -0.722
-4.6 4 1.978 -0.8
-4.6 4.2 2.024 -0.882
-4.6 4.4 2.07 -0.968
-4.6 4.6 2.116 -1.058
-4.6 4.8 2.162 -1.152
-4.6 5 2.208 -1.25
-4.4 -5 -0.132 -1.25
-4.4 -4.8 -0.0879999 -1.152
-4.4 -4.6 -0.044 -1.058
-4.4 -4.4 -0 -0.968
-4.4 -4.2 0.044 -0.882
-4.4 -4 0.0879999 -0.8
-4.4 -3.8 0.132 -0.722
-4.4 -3.6 0.176 -0.648
-4.4 -3.4 0.22 -0.578
-4.4 -3.2 0.264 -0.512
-4.4 -3 0.308 -0.45
-4.4 -2.8 0.352 -0.392
-4.4 -2.6 0.396 -0.338
-4.4 -2.4 0.44 -0.288
-4.4 -2.2 0.484 -0.242
-4.4 -2 0.528 -0.2
-4.4 -1.8 0.572 -0.162
-4.4 -1.6 0.616 -0.128
-4.4 -1.4 0.66 -0.098
-4.4 -1.2 0.704 -0.072
-4.4 -1 0.748 -0.05
-4.4 -0.8 0.792 -0.032
-4.4 -0.6 0.836 -0.018
-4.4 -0.4 0.88 -0.00800001
-4.4 -0.2 0.924 -0.00200001
-4.4 -2.68221e-07 0.968 -3.59712e-15
-4.4 0.2 1.012 -0.00199999
-4.4 0.4 1.056 -0.00799999
-4.4 0.6 1.1 -0.018
-4.4 0.8 1.144 -0.032
-4.4 1 1.188 -0.05
-4.4 1.2 1.232 -0.072
-4.4 1.4 1.276 -0.098
-4.4 1.6 1.32 -0.128
-4.4 1.8 1.364 -0.162
-4.4 2 1.408 -0.2
-4.4 2.2 1.452 -0.242
-4.4 2.4 1.496 -0.288
-4.4 2.6 1.54 -0.338
-4.4 2.8 1.584 -0.392
-4.4 3 1.628 -0.45
-4.4 3.2 1.672 -0.512
-4.4 3.4 1.716 -0.578
-4.4 3.6 1.76 -0.648
-4.4 3.8 1.804 -0.722
-4.4 4 1.848 -0.8
-4.4 4.2 1.892 -0.882
-4.4 4.4 1.936 -0.968
-4.4 4.6 1.98 -1.058
-4.4 4.8 2.024 -1.152
-4.4 5 2.068 -1.25
-4.2 -5 -0.168 -1.25
-4.2 -4.8 -0.126 -1.152
-4.2 -4.6 -0.0839999 -1.058
-4.2 -4.4 -0.042 -0.968
-4.2 -4.2 -0 -0.882
-4.2 -4 0.042 -0.8
-4.2 -3.8 0.084 -0.722
-4.2 -3.6 0.126 -0.648
-4.2 -3.4 0.168 -0.578
-4.2 -3.2 0.21 -0.512
-4.2 -3 0.252 -0.45
-4.2 -2.8 0.294 -0.392
-4.2 -2.6 0.336 -0.338
-4.2 -2.4 0.378 -0.288
-4.2 -2.2 0.42 -0.242
-4.2 -2 0.462 -0.2
-4.2 -1.8 0.504 -0.162
-4.2 -1.6 0.546 -0.128
-4.2 -1.4 0.588 -0.098
-4.2 -1.2 0.63 -0.072
-4.2 -1 0.672 -0.05
-4.2 -0.8 0.714 -0.032
-4.2 -0.6 0.756 -0.018
-4.2 -0.4 0.798 -0.00800001
-4.2 -0.2 0.84 -0.00200001
-4.2 -2.68221e-07 0.882 -3.59712e-15
-4.2 0.2 0.924 -0.00199999
-4.2 0.4 0.966 -0.00799999
-4.2 0.6 1.008 -0.018
-4.2 0.8 1.05 -0.032
-4.2 1 1.092 -0.05
-4.2 1.2 1.134 -0.072
-4.2 1.4 1.176 -0.098
-4.2 1.6 1.218 -0.128
-4.2 1.8 1.26 -0.162
-4.2 2 1.302 -0.2
-4.2 2.2 1.344 -0.242
-4.2 2.4 1.386 -0.288
-4.2 2.6 1.428 -0.338
-4.2 2.8 1.47 -0.392
-4.2 3 1.512 -0.45
-4.2 3.2 1.554 -0.512
-4.2 3.4 1.596 -0.578
-4.2 3.6 1.638 -0.648
-4.2 3.8 1.68 -0.722
-4.2 4 1.722 -0.8
-4.2 4.2 1.764 -0.882
-4.2 4.4 1.806 -0.968
-4.2 4.6 1.848 -1.058
-4.2 4.8 1.89 -1.152
-4.2 5 1.932 -1.25
-4 -5 -0.2 -1.25
-4 -4.8 -0.16 -1.152
-4 -4.6 -0.12 -1.058
-4 -4.4 -0.0799999 -0.968
-4 -4.2 -0.04 -0.882
-4 -4 -0 -0.8
-4 -3.8 0.04 -0.722
-4 -3.6 0.08 -0.648
-4 -3.4 0.12 -0.578
-4 -3.2 0.16 -0.512
-4 -3 0.2 -0.45
-4 -2.8 0.24 -0.392
-4 -2.6 0.28 -0.338
-4 -2.4 0.32 -0.288
-4 -2.2 0.36 -0.242
-4 -2 0.4 -0.2
-4 -1.8 0.44 -0.162
-4 -1.6 0.48 -0.128
-4 -1.4 0.52 -0.098
-4 -1.2 0.56 -0.072
-4 -1 0.6 -0.05
-4 -0.8 0.64 -0.032
-4 -0.6 0.68 -0.018
-4 -0.4 0.72 -0.00800001
-4 -0.2 0.76 -0.00200001
-4 -2.68221e-07 0.8 -3.59712e-15
-4 0.2 0.84 -0.00199999
-4 0.4 0.88 -0.00799999
-4 0.6 0.92 -0.018
-4 0.8 0.96 -0.032
-4 1 1 -0.05
-4 1.2 1.04 -0.072
-4 1.4 1.08 -0.098
-4 1.6 1.12 -0.128
-4 1.8 1.16 -0.162
-4 2 1.2 -0.2
-4 2.2 1.24 -0.242
-4 2.4 1.28 -0.288
-4 2.6 1.32 -0.338
-4 2.8 1.36 -0.392
-4 3 1.4 -0.45
-4 3.2 1.44 -0.512
-4 3.4 1.48 -0.578
-4 3.6 1.52 -0.648
-4 3.8 1.56 -0.722
-4 4 1.6 -0.8
-4 4.2 1.64 -0.882
-4 4.4 1.68 -0.968
-4 4.6 1.72 -1.058
-4 4.8 1.76 -1.152
-4 5 1.8 -1.25
-3.8 -5 -0.228 -1.25
-3.8 -4.8 -0.19 -1.152
-3.8 -4.6 -0.152 -1.058
-3.8 -4.4 -0.114 -0.968
-3.8 -4.2 -0.076 -0.882
-3.8 -4 -0.038 -0.8
-3.8 -3.8 -0 -0.722
-3.8 -3.6 0.038 -0.648
-3.8 -3.4 0.076 -0.578
-3.8 -3.2 0.114 -0.512
-3.8 -3 0.152 -0.45
-3.8 -2.8 0.19 -0.392
-3.8 -2.6 0.228 -0.338
-3.8 -2.4 0.266 -0.288
-3.8 -2.2 0.304 -0.242
-3.8 -2 0.342 -0.2
-3.8 -1.8 0.38 -0.162
-3.8 -1.6 0.418 -0.128
-3.8 -1.4 0.456 -0.098
-3.8 -1.2 0.494 -0.072
-3.8 -1 0.532 -0.05
-3.8 -0.8 0.57 -0.032
-3.8 -0.6 0.608 -0.018
-3.8 -0.4 0.646 -0.00800001
-3.8 -0.2 0.684 -0.00200001
-3.8 -2.68221e-07 0.722 -3.59712e-15
-3.8 0.2 0.76 -0.00199999
-3.8 0.4 0.798 -0.00799999
-3.8 0.6 0.836 -0.018
-3.8 0.8 0.874 -0.032
-3.8 1 0.912 -0.05
-3.8 1.2 0.95 -0.072
-3.8 1.4 0.988 -0.098
-3.8 1.6 1.026 -0.128
-3.8 1.8 1.064 -0.162
-3.8 2 1.102 -0.2
-3.8 2.2 1.14 -0.242
-3.8 2.4 1.178 -0.288
-3.8 2.6 1.216 -0.338
-3.8 2.8 1.254 -0.392
-3.8 3 1.292 -0.45
-3.8 3.2 1.33 -0.512
-3.8 3.4 1.368 -0.578
-3.8 3.6 1.406 -0.648
-3.8 3.8 1.444 -0.722
-3.8 4 1.482 -0.8
-3.8 4.2 1.52 -0.882
-3.8 4.4 1.558 -0.968
-3.8 4.6 1.596 -1.058
-3.8 4.8 1.634 -1.152
-3.8 5 1.672 -1.25
-3.6 -5 -0.252 -1.25
-3.6 -4.8 -0.216 -1.152
-3.6 -4.6 -0.18 -1.058
-3.6 -4.4 -0.144 -0.968
-3.6 -4.2 -0.108 -0.882
-3.6 -4 -0.072 -0.8
-3.6 -3.8 -0.036 -0.722
-3.6 -3.6 -0 -0.648
-3.6 -3.4 0.036 -0.578
-3.6 -3.2 0.072 -0.512
-3.6 -3 0.108 -0.45
-3.6 -2.8 0.144 -0.392
-3.6 -2.6 0.18 -0.338
-3.6 -2.4 0.216 -0.288
-3.6 -2.2 0.252 -0.242
-3.6 -2 0.288 -0.2
-3.6 -1.8 0.324 -0.162
-3.6 -1.6 0.36 -0.128
-3.6 -1.4 0.396 -0.098
-3.6 -1.2 0.432 -0.072
-3.6 -1 0.468 -0.05
-3.6 -0.8 0.504 -0.032
-3.6 -0.6 0.54 -0.018
-3.6 -0.4 0.576 -0.00800001
-3.6 -0.2 0.612 -0.00200001
-3.6 -2.68221e-07 0.648 -3.59712e-15
-3.6 0.2 0.684 -0.00199999
-3.6 0.4 0.72 -0.00799999
-3.6 0.6 0.756 -0.018
-3.6 0.8 0.792 -0.032
-3.6 1 0.828 -0.05
-3.6 1.2 0.864 -0.072
-3.6 1.4 0.9 -0.098
-3.6 1.6 0.936 -0.128
-3.6 1.8 0.972 -0.162
-3.6 2 1.008 -0.2
-3.6 2.2 1.044 -0.242
-3.6 2.4 1.08 -0.288
-3.6 2.6 1.116 -0.338
-3.6 2.8 1.152 -0.392
-3.6 3 1.188 -0.45
-3.6 3.2 1.224 -0.512
-3.6 3.4 1.26 -0.578
-3.6 3.6 1.296 -0.648
-3.6 3.8 1.332 -0.722
-3.6 4 1.368 -0.8
-3.6 4.2 1.404 -0.882
-3.6 4.4 1.44 -0.968
-3.6 4.6 1.476 -1.058
-3.6 4.8 1.512 -1.152
-3.6 5 1.548 -1.25
-3.4 -5 -0.272 -1.25
-3.4 -4.8 -0.238 -1.152
-3.4 -4.6 -0.204 -1.058
-3.4 -4.4 -0.17 -0.968
-3.4 -4.2 -0.136 -0.882
-3.4 -4 -0.102 -0.8
-3.4 -3.8 -0.068 -0.722
-3.4 -3.6 -0.034 -0.648
-3.4 -3.4 -0 -0.578
-3.4 -3.2 0.034 -0.512
-3.4 -3 0.068 -0.45
-3.4 -2.8 0.102 -0.392
-3.4 -2.6 0.136 -0.338
-3.4 -2.4 0.17 -0.288
-3.4 -2.2 0.204 -0.242
-3.4 -2 0.238 -0.2
-3.4 -1.8 0.272 -0.162
-3.4 -1.6 0.306 -0.128
-3.4 -1.4 0.34 -0.098
-3.4 -1.2 0.374 -0.072
-3.4 -1 0.408 -0.05
-3.4 -0.8 0.442 -0.032
-3.4 -0.6 0.476 -0.018
-3.4 -0.4 0.51 -0.00800001
-3.4 -0.2 0.544 -0.00200001
-3.4 -2.68221e-07 0.578 -3.59712e-15
-3.4 0.2 0.612 -0.00199999
-3.4 0.4 0.646 -0.00799999
-3.4 0.6 0.68 -0.018
-3.4 0.8 0.714 -0.032
-3.4 1 0.748 -0.05
-3.4 1.2 0.782 -0.072
-3.4 1.4 0.816 -0.098
-3.4 1.6 0.85 -0.128
-3.4 1.8 0.884 -0.162
-3.4 2 0.918 -0.2
-3.4 2.2 0.952 -0.242
-3.4 2.4 0.986 -0.288
-3.4 2.6 1.02 -0.338
-3.4 2.8 1.054 -0.392
-3.4 3 1.088 -0.45
-3.4 3.2 1.122 -0.512
-3.4 3.4 1.156 -0.578
-3.4 3.6 1.19 -0.648
-3.4 3.8 1.224 -0.722
-3.4 4 1.258 -0.8
-3.4 4.2 1.292 -0.882
-3.4 4.4 1.326 -0.968
-3.4 4.6 1.36 -1.058
-3.4 4.8 1.394 -1.152
-3.4 5 1.428 -1.25
-3.2 -5 -0.288 -1.25
-3.2 -4.8 -0.256 -1.152
-3.2 -4.6 -0.224 -1.058
-3.2 -4.4 -0.192 -0.968
-3.2 -4.2 -0.16 -0.882
-3.2 -4 -0.128 -0.8
-3.2 -3.8 -0.096 -0.722
-3.2 -3.6 -0.064 -0.648
-3.2 -3.4 -0.032 -0.578
-3.2 -3.2 -0 -0.512
-3.2 -3 0.032 -0.45
-3.2 -2.8 0.064 -0.392
-3.2 -2.6 0.096 -0.338
-3.2 -2.4 0.128 -0.288
-3.2 -2.2 0.16 -0.242
-3.2 -2 0.192 -0.2
-3.2 -1.8 0.224 -0.162
-3.2 -1.6 0.256 -0.128
-3.2 -1.4 0.288 -0.098
-3.2 -1.2 0.32 -0.072
-3.2 -1 0.352 -0.05
-3.2 -0.8 0.384 -0.032
-3.2 -0.6 0.416 -0.018
-3.2 -0.4 0.448 -0.00800001
-3.2 -0.2 0.48 -0.00200001
-3.2 -2.68221e-07 0.512 -3.59712e-15
-3.2 0.2 0.544 -0.00199999
-3.2 0.4 0.576 -0.00799999
-3.2 0.6 0.608 -0.018
-3.2 0.8 0.64 -0.032
-3.2 1 0.672 -0.05
-3.2 1.2 0.704 -0.072
-3.2 1.4 0.736 -0.098
-3.2 1.6 0.768 -0.128
-3.2 1.8 0.8 -0.162
-3.2 2 0.832 -0.2
-3.2 2.2 0.864 -0.242
-3.2 2.4 0.896 -0.288
-3.2 2.6 0.928 -0.338
-3.2 2.8 0.96 -0.392
-3.2 3 0.992 -0.45
-3.2 3.2 1.024 -0.512
-3.2 3.4 1.056 -0.578
-3.2 3.6 1.088 -0.648
-3.2 3.8 1.12 -0.722
-3.2 4 1.152 -0.8
-3.2 4.2 1.184 -0.882
-3.2 4.4 1.216 -0.968
-3.2 4.6 1.248 -1.058
-3.2 4.8 1.28 -1.152
-3.2 5 1.312 -1.25
-3 -5 -0.3 -1.25
-3 -4.8 -0.27 -1.152
-3 -4.6 -0.24 -1.058
-3 -4.4 -0.21 -0.968
-3 -4.2 -0.18 -0.882
-3 -4 -0.15 -0.8
-3 -3.8 -0.12 -0.722
-3 -3.6 -0.09 -0.648
-3 -3.4 -0.06 -0.578
-3 -3.2 -0.03 -0.512
-3 -3 -0 -0.45
-3 -2.8 0.03 -0.392
-3 -2.6 0.06 -0.338
-3 -2.4 0.09 -0.288
-3 -2.2 0.12 -0.242
-3 -2 0.15 -0.2
-3 -1.8 0.18 -0.162
-3 -1.6 0.21 -0.128
-3 -1.4 0.24 -0.098
-3 -1.2 0.27 -0.072
-3 -1 0.3 -0.05
-3 -0.8 0.33 -0.032
-3 -0.6 0.36 -0.018
-3 -0.4 0.39 -0.00800001
-3 -0.2 0.42 -0.00200001
-3 -2.68221e-07 0.45 -3.59712e-15
-3 0.2 0.48 -0.00199999
-3 0.4 0.51 -0.00799999
-3 0.6 0.54 -0.018
-3 0.8 0.57 -0.032
-3 1 0.6 -0.05
-3 1.2 0.63 -0.072
-3 1.4 0.66 -0.098
-3 1.6 0.69 -0.128
-3 1.8 0.72 -0.162
-3 2 0.75 -0.2
-3 2.2 0.78 -0.242
-3 2.4 0.81 -0.288
-3 2.6 0.84 -0.338
-3 2.8 0.87 -0.392
-3 3 0.9 -0.45
-3 3.2 0.93 -0.512
-3 3.4 0.96 -0.578
-3 3.6 0.99 -0.648
-3 3.8 1.02 -0.722
-3 4 1.05 -0.8
-3 4.2 1.08 -0.882
-3 4.4 1.11 -0.968
-3 4.6 1.14 -1.058
-3 4.8 1.17 -1.152
-3 5 1.2 -1.25
-2.8 -5 -0.308 -1.25
-2.8 -4.8 -0.28 -1.152
-2.8 -4.6 -0.252 -1.058
-2.8 -4.4 -0.224 -0.968
-2.8 -4.2 -0.196 -0.882
-2.8 -4 -0.168 -0.8
-2.8 -3.8 -0.14 -0.722
-2.8 -3.6 -0.112 -0.648
-2.8 -3.4 -0.084 -0.578
-2.8 -3.2 -0.056 -0.512
-2.8 -3 -0.028 -0.45
-2.8 -2.8 -0 -0.392
-2.8 -2.6 0.028 -0.338
-2.8 -2.4 0.056 -0.288
-2.8 -2.2 0.084 -0.242
-2.8 -2 0.112 -0.2
-2.8 -1.8 0.14 -0.162
-2.8 -1.6 0.168 -0.128
-2.8 -1.4 0.196 -0.098
-2.8 -1.2 0.224 -0.072
-2.8 -1 0.252 -0.05
-2.8 -0.8 0.28 -0.032
-2.8 -0.6 0.308 -0.018
-2.8 -0.4 0.336 -0.00800001
-2.8 -0.2 0.364 -0.00200001
-2.8 -2.68221e-07 0.392 -3.59712e-15
-2.8 0.2 0.42 -0.00199999
-2.8 0.4 0.448 -0.00799999
-2.8 0.6 0.476 -0.018
-2.8 0.8 0.504 -0.032
-2.8 1 0.532 -0.05
-2.8 1.2 0.56 -0.072
-2.8 1.4 0.588 -0.098
-2.8 1.6 0.616 -0.128
-2.8 1.8 0.644 -0.162
-2.8 2 0.672 -0.2
-2.8 2.2 0.7 -0.242
-2.8 2.4 0.728 -0.288
-2.8 2.6 0.756 -0.338
-2.8 2.8 0.784 -0.392
-2.8 3 0.812 -0.45
-2.8 3.2 0.84 -0.512
-2.8 3.4 0.868 -0.578
-2.8 3.6 0.896 -0.648
-2.8 3.8 0.924 -0.722
-2.8 4 0.952 -0.8
-2.8 4.2 0.98 -0.882
-2.8 4.4 1.008 -0.968
-2.8 4.6 1.036 -1.058
-2.8 4.8 1.064 -1.152
-2.8 5 1.092 -1.25
-2.6 -5 -0.312 -1.25
-2.6 -4.8 -0.286 -1.152
-2.6 -4.6 -0.26 -1.058
-2.6 -4.4 -0.234 -0.968
-2.6 -4.2 -0.208 -0.882
-2.6 -4 -0.182 -0.8
-2.6 -3.8 -0.156 -0.722
-2.6 -3.6 -0.13 -0.648
-2.6 -3.4 -0.104 -0.578
-2.6 -3.2 -0.078 -0.512
-2.6 -3 -0.052 -0.45
-2.6 -2.8 -0.026 -0.392
-2.6 -2.6 -0 -0.338
-2.6 -2.4 0.026 -0.288
-2.6 -2.2 0.052 -0.242
-2.6 -2 0.078 -0.2
-2.6 -1.8 0.104 -0.162
-2.6 -1.6 0.13 -0.128
-2.6 -1.4 0.156 -0.098
-2.6 -1.2 0.182 -0.072
-2.6 -1 0.208 -0.05
-2.6 -0.8 0.234 -0.032
-2.6 -0.6 0.26 -0.018
-2.6 -0.4 0.286 -0.00800001
-2.6 -0.2 0.312 -0.00200001
-2.6 -2.68221e-07 0.338 -3.59712e-15
-2.6 0.2 0.364 -0.00199999
-2.6 0.4 0.39 -0.00799999
-2.6 0.6 0.416 -0.018
-2.6 0.8 0.442 -0.032
-2.6 1 0.468 -0.05
-2.6 1.2 0.494 -0.072
-2.6 1.4 0.52 -0.098
-2.6 1.6 0.546 -0.128
-2.6 1.8 0.572 -0.162
-2.6 2 0.598 -0.2
-2.6 2.2 0.624 -0.242
-2.6 2.4 0.65 -0.288
-2.6 2.6 0.676 -0.338
-2.6 2.8 0.702 -0.392
-2.6 3 0.728 -0.45
-2.6 3.2 0.754 -0.512
-2.6 3.4 0.78 -0.578
-2.6 3.6 0.806 -0.648
-2.6 3.8 0.832 -0.722
-2.6 4 0.858 -0.8
-2.6 4.2 0.884 -0.882
-2.6 4.4 0.91 -0.968
-2.6 4.6 0.936 -1.058
-2.6 4.8 0.962 -1.152
-2.6 5 0.988 -1.25
-2.4 -5 -0.312 -1.25
-2.4 -4.8 -0.288 -1.152
-2.4 -4.6 -0.264 -1.058
-2.4 -4.4 -0.24 -0.968
-2.4 -4.2 -0.216 -0.882
-2.4 -4 -0.192 -0.8
-2.4 -3.8 -0.168 -0.722
-2.4 -3.6 -0.144 -0.648
-2.4 -3.4 -0.12 -0.578
-2.4 -3.2 -0.096 -0.512
-2.4 -3 -0.072 -0.45
-2.4 -2.8 -0.048 -0.392
-2.4 -2.6 -0.024 -0.338
-2.4 -2.4 -0 -0.288
-2.4 -2.2 0.024 -0.242
-2.4 -2 0.048 -0.2
-2.4 -1.8 0.072 -0.162
-2.4 -1.6 0.096 -0.128
-2.4 -1.4 0.12 -0.098
-2.4 -1.2 0.144 -0.072
-2.4 -1 0.168 -0.05
-2.4 -0.8 0.192 -0.032
-2.4 -0.6 0.216 -0.018
-2.4 -0.4 0.24 -0.00800001
-2.4 -0.2 0.264 -0.00200001
-2.4 -2.68221e-07 0.288 -3.59712e-15
-2.4 0.2 0.312 -0.00199999
-2.4 0.4 0.336 -0.00799999
-2.4 0.6 0.36 -0.018
-2.4 0.8 0.384 -0.032
-2.4 1 0.408 -0.05
-2.4 1.2 0.432 -0.072
-2.4 1.4 0.456 -0.098
-2.4 1.6 0.48 -0.128
-2.4 1.8 0.504 -0.162
-2.4 2 0.528 -0.2
-2.4 2.2 0.552 -0.242
-2.4 2.4 0.576 -0.288
-2.4 2.6 0.6 -0.338
-2.4 2.8 0.624 -0.392
-2.4 3 0.648 -0.45
-2.4 3.2 0.672 -0.512
-2.4 3.4 0.696 -0.578
-2.4 3.6 0.72 -0.648
-2.4 3.8 0.744 -0.722
-2.4 4 0.768 -0.8
-2.4 4.2 0.792 -0.882
-2.4 4.4 0.816 -0.968
-2.4 4.6 0.84 -1.058
-2.4 4.8 0.864 -1.152
-2.4 5 0.888 -1.25
-2.2 -5 -0.308 -1.25
-2.2 -4.8 -0.286 -1.152
-2.2 -4.6 -0.264 -1.058
-2.2 -4.4 -0.242 -0.968
-2.2 -4.2 -0.22 -0.882
-2.2 -4 -0.198 -0.8
-2.2 -3.8 -0.176 -0.722
-2.2 -3.6 -0.154 -0.648
-2.2 -3.4 -0.132 -0.578
-2.2 -3.2 -0.11 -0.512
-2.2 -3 -0.088 -0.45
-2.2 -2.8 -0.066 -0.392
-2.2 -2.6 -0.044 -0.338
-2.2 -2.4 -0.022 -0.288
-2.2 -2.2 -0 -0.242
-2.2 -2 0.022 -0.2
-2.2 -1.8 0.044 -0.162
-2.2 -1.6 0.066 -0.128
-2.2 -1.4 0.088 -0.098
-2.2 -1.2 0.11 -0.072
-2.2 -1 0.132 -0.05
-2.2 -0.8 0.154 -0.032
-2.2 -0.6 0.176 -0.018
-2.2 -0.4 0.198 -0.00800001
-2.2 -0.2 0.22 -0.00200001
-2.2 -2.68221e-07 0.242 -3.59712e-15
-2.2 0.2 0.264 -0.00199999
-2.2 0.4 0.286 -0.00799999
-2.2 0.6 0.308 -0.018
-2.2 0.8 0.33 -0.032
-2.2 1 0.352 -0.05
-2.2 1.2 0.374 -0.072
-2.2 1.4 0.396 -0.098
-2.2 1.6 0.418 -0.128
-2.2 1.8 0.44 -0.162
-2.2 2 0.462 -0.2
-2.2 2.2 0.484 -0.242
-2.2 2.4 0.506 -0.288
-2.2 2.6 0.528 -0.338
-2.2 2.8 0.55 -0.392
-2.2 3 0.572 -0.45
-2.2 3.2 0.594 -0.512
-2.2 3.4 0.616 -0.578
-2.2 3.6 0.638 -0.648
-2.2 3.8 0.66 -0.722
-2.2 4 0.682 -0.8
-2.2 4.2 0.704 -0.882
-2.2 4.4 0.726 -0.968
-2.2 4.6 0.748 -1.058
-2.2 4.8 0.77 -1.152
-2.2 5 0.792 -1.25
-2 -5 -0.3 -1.25
-2 -4.8 -0.28 -1.152
-2 -4.6 -0.26 -1.058
-2 -4.4 -0.24 -0.968
-2 -4.2 -0.22 -0.882
-2 -4 -0.2 -0.8
-2 -3.8 -0.18 -0.722
-2 -3.6 -0.16 -0.648
-2 -3.4 -0.14 -0.578
-2 -3.2 -0.12 -0.512
-2 -3 -0.1 -0.45
-2 -2.8 -0.08 -0.392
-2 -2.6 -0.06 -0.338
-2 -2.4 -0.04 -0.288
-2 -2.2 -0.02 -0.242
-2 -2 -0 -0.2
-2 -1.8 0.02 -0.162
-2 -1.6 0.04 -0.128
-2 -1.4 0.06 -0.098
-2 -1.2 0.08 -0.072
-2 -1 0.1 -0.05
-2 -0.8 0.12 -0.032
-2 -0.6 0.14 -0.018
-2 -0.4 0.16 -0.00800001
-2 -0.2 0.18 -0.00200001
-2 -2.68221e-07 0.2 -3.59712e-15
-2 0.2 0.22 -0.00199999
-2 0.4 0.24 -0.00799999
-2 0.6 0.26 -0.018
-2 0.8 0.28 -0.032
-2 1 0.3 -0.05
-2 1.2 0.32 -0.072
-2 1.4 0.34 -0.098
-2 1.6 0.36 -0.128
-2 1.8 0.38 -0.162
-2 2 0.4 -0.2
-2 2.2 0.42 -0.242
-2 2.4 0.44 -0.288
-2 2.6 0.46 -0.338
-2 2.8 0.48 -0.392
-2 3 0.5 -0.45
-2 3.2 0.52 -0.512
-2 3.4 0.54 -0.578
-2 3.6 0.56 -0.648
-2 3.8 0.58 -0.722
-2 4 0.6 -0.8
-2 4.2 0.62 -0.882
-2 4.4 0.64 -0.968
-2 4.6 0.66 -1.058
-2 4.8 0.68 -1.152
-2 5 0.7 -1.25
-1.8 -5 -0.288 -1.25
-1.8 -4.8 -0.27 -1.152
-1.8 -4.6 -0.252 -1.058
-1.8 -4.4 -0.234 -0.968
-1.8 -4.2 -0.216 -0.882
-1.8 -4 -0.198 -0.8
-1.8 -3.8 -0.18 -0.722
-1.8 -3.6 -0.162 -0.648
-1.8 -3.4 -0.144 -0.578
-1.8 -3.2 -0.126 -0.512
-1.8 -3 -0.108 -0.45
-1.8 -2.8 -0.09 -0.392
-1.8 -2.6 -0.072 -0.338
-1.8 -2.4 -0.054 -0.288
-1.8 -2.2 -0.036 -0.242
-1.8 -2 -0.018 -0.2
-1.8 -1.8 -0 -0.162
-1.8 -1.6 0.018 -0.128
-1.8 -1.4 0.036 -0.098
-1.8 -1.2 0.054 -0.072
-1.8 -1 0.072 -0.05
-1.8 -0.8 0.09 -0.032
-1.8 -0.6 0.108 -0.018
-1.8 -0.4 0.126 -0.00800001
-1.8 -0.2 0.144 -0.00200001
-1.8 -2.68221e-07 0.162 -3.59712e-15
-1.8 0.2 0.18 -0.00199999
-1.8 0.4 0.198 -0.00799999
-1.8 0.6 0.216 -0.018
-1.8 0.8 0.234 -0.032
-1.8 1 0.252 -0.05
-1.8 1.2 0.27 -0.072
-1.8 1.4 0.288 -0.098
-1.8 1.6 0.306 -0.128
-1.8 1.8 0.324 -0.162
-1.8 2 0.342 -0.2
-1.8 2.2 0.36 -0.242
-1.8 2.4 0.378 -0.288
-1.8 2.6 0.396 -0.338
-1.8 2.8 0.414 -0.392
-1.8 3 0.432 -0.45
-1.8 3.2 0.45 -0.512
-1.8 3.4 0.468 -0.578
-1.8 3.6 0.486 -0.648
-1.8 3.8 0.504 -0.722
-1.8 4 0.522 -0.8
-1.8 4.2 0.54 -0.882
-1.8 4.4 0.558 -0.968
-1.8 4.6 0.576 -1.058
-1.8 4.8 0.594 -1.152
-1.8 5 0.612 -1.25
-1.6 -5 -0.272 -1.25
-1.6 -4.8 -0.256 -1.152
-1.6 -4.6 -0.24 -1.058
-1.6 -4.4 -0.224 -0.968
-1.6 -4.2 -0.208 -0.882
-1.6 -4 -0.192 -0.8
-1.6 -3.8 -0.176 -0.722
-1.6 -3.6 -0.16 -0.648
-1.6 -3.4 -0.144 -0.578
-1.6 -3.2 -0.128 -0.512
-1.6 -3 -0.112 -0.45
-1.6 -2.8 -0.096 -0.392
-1.6 -2.6 -0.08 -0.338
-1.6 -2.4 -0.064 -0.288
-1.6 -2.2 -0.048 -0.242
-1.6 -2 -0.032 -0.2
-1.6 -1.8 -0.016 -0.162
-1.6 -1.6 -0 -0.128
-1.6 -1.4 0.016 -0.098
-1.6 -1.2 0.032 -0.072
-1.6 -1 0.048 -0.05
-1.6 -0.8 0.064 -0.032
-1.6 -0.6 0.08 -0.018
-1.6 -0.4 0.096 -0.00800001
-1.6 -0.2 0.112 -0.00200001
-1.6 -2.68221e-07 0.128 -3.59712e-15
-1.6 0.2 0.144 -0.00199999
-1.6 0.4 0.16 -0.00799999
-1.6 0.6 0.176 -0.018
-1.6 0.8 0.192 -0.032
-1.6 1 0.208 -0.05
-1.6 1.2 0.224 -0.072
-1.6 1.4 0.24 -0.098
-1.6 1.6 0.256 -0.128
-1.6 1.8 0.272 -0.162
-1.6 2 0.288 -0.2
-1.6 2.2 0.304 -0.242
-1.6 2.4 0.32 -0.288
-1.6 2.6 0.336 -0.338
-1.6 2.8 0.352 -0.392
-1.6 3 0.368 -0.45
-1.6 3.2 0.384 -0.512
-1.6 3.4 0.4 -0.578
-1.6 3.6 0.416 -0.648
-1.6 3.8 0.432 -0.722
-1.6 4 0.448 -0.8
-1.6 4.2 0.464 -0.882
-1.6 4.4 0.48 -0.968
-1.6 4.6 0.496 -1.058
-1.6 4.8 0.512 -1.152
-1.6 5 0.528 -1.25
-1.4 -5 -0.252 -1.25
-1.4 -4.8 -0.238 -1.152
-1.4 -4.6 -0.224 -1.058
-1.4 -4.4 -0.21 -0.968
-1.4 -4.2 -0.196 -0.882
-1.4 -4 -0.182 -0.8
-1.4 -3.8 -0.168 -0.722
-1.4 -3.6 -0.154 -0.648
-1.4 -3.4 -0.14 -0.578
-1.4 -3.2 -0.126 -0.512
-1.4 -3 -0.112 -0.45
-1.4 -2.8 -0.098 -0.392
-1.4 -2.6 -0.084 -0.338
-1.4 -2.4 -0.07 -0.288
-1.4 -2.2 -0.056 -0.242
-1.4 -2 -0.042 -0.2
-1.4 -1.8 -0.028 -0.162
-1.4 -1.6 -0.014 -0.128
-1.4 -1.4 -0 -0.098
-1.4 -1.2 0.014 -0.072
-1.4 -1 0.028 -0.05
-1.4 -0.8 0.042 -0.032
-1.4 -0.6 0.056 -0.018
-1.4 -0.4 0.07 -0.00800001
-1.4 -0.2 0.084 -0.00200001
-1.4 -2.68221e-07 0.098 -3.59712e-15
-1.4 0.2 0.112 -0.00199999
-1.4 0.4 0.126 -0.00799999
-1.4 0.6 0.14 -0.018
-1.4 0.8 0.154 -0.032
-1.4 1 0.168 -0.05
-1.4 1.2 0.182 -0.072
-1.4 1.4 0.196 -0.098
-1.4 1.6 0.21 -0.128
-1.4 1.8 0.224 -0.162
-1.4 2 0.238 -0.2
-1.4 2.2 0.252 -0.242
-1.4 2.4 0.266 -0.288
-1.4 2.6 0.28 -0.338
-1.4 2.8 0.294 -0.392
-1.4 3 0.308 -0.45
-1.4 3.2 0.322 -0.512
-1.4 3.4 0.336 -0.578
-1.4 3.6 0.35 -0.648
-1.4 3.8 0.364 -0.722
-1.4 4 0.378 -0.8
-1.4 4.2 0.392 -0.882
-1.4 4.4 0.406 -0.968
-1.4 4.6 0.42 -1.058
-1.4 4.8 0.434 -1.152
-1.4 5 0.448 -1.25
-1.2 -5 -0.228 -1.25
-1.2 -4.8 -0.216 -1.152
-1.2 -4.6 -0.204 -1.058
-1.2 -4.4 -0.192 -0.968
-1.2 -4.2 -0.18 -0.882
-1.2 -4 -0.168 -0.8
-1.2 -3.8 -0.156 -0.722
-1.2 -3.6 -0.144 -0.648
-1.2 -3.4 -0.132 -0.578
-1.2 -3.2 -0.12 -0.512
-1.2 -3 -0.108 -0.45
-1.2 -2.8 -0.096 -0.392
-1.2 -2.6 -0.084 -0.338
-1.2 -2.4 -0.072 -0.288
-1.2 -2.2 -0.06 -0.242
-1.2 -2 -0.048 -0.2
-1.2 -1.8 -0.036 -0.162
-1.2 -1.6 -0.024 -0.128
-1.2 -1.4 -0.012 -0.098
-1.2 -1.2 -0 -0.072
-1.2 -1 0.012 -0.05
-1.2 -0.8 0.024 -0.032
-1.2 -0.6 0.036 -0.018
-1.2 -0.4 0.048 -0.00800001
-1.2 -0.2 0.06 -0.00200001
-1.2 -2.68221e-07 0.072 -3.59712e-15
-1.2 0.2 0.084 -0.00199999
-1.2 0.4 0.096 -0.00799999
-1.2 0.6 0.108 -0.018
-1.2 0.8 0.12 -0.032
-1.2 1 0.132 -0.05
-1.2 1.2 0.144 -0.072
-1.2 1.4 0.156 -0.098
-1.2 1.6 0.168 -0.128
-1.2 1.8 0.18 -0.162
-1.2 2 0.192 -0.2
-1.2 2.2 0.204 -0.242
-1.2 2.4 0.216 -0.288
-1.2 2.6 0.228 -0.338
-1.2 2.8 0.24 -0.392
-1.2 3 0.252 -0.45
-1.2 3.2 0.264 -0.512
-1.2 3.4 0.276 -0.578
-1.2 3.6 0.288 -0.648
-1.2 3.8 0.3 -0.722
-1.2 4 0.312 -0.8
-1.2 4.2 0.324 -0.882
-1.2 4.4 0.336 -0.968
-1.2 4.6 0.348 -1.058
-1.2 4.8 0.36 -1.152
-1.2 5 0.372 -1.25
-1 -5 -0.2 -1.25
-1 -4.8 -0.19 -1.152
-1 -4.6 -0.18 -1.058
-1 -4.4 -0.17 -0.968
-1 -4.2 -0.16 -0.882
-1 -4 -0.15 -0.8
-1 -3.8 -0.14 -0.722
-1 -3.6 -0.13 -0.648
-1 -3.4 -0.12 -0.578
-1 -3.2 -0.11 -0.512
-1 -3 -0.1 -0.45
-1 -2.8 -0.09 -0.392
-1 -2.6 -0.08 -0.338
-1 -2.4 -0.07 -0.288
-1 -2.2 -0.06 -0.242
-1 -2 -0.05 -0.2
-1 -1.8 -0.04 -0.162
-1 -1.6 -0.03 -0.128
-1 -1.4 -0.02 -0.098
-1 -1.2 -0.01 -0.072
-1 -1 -0 -0.05
-1 -0.8 0.01 -0.032
-1 -0.6 0.02 -0.018
-1 -0.4 0.03 -0.00800001
-1 -0.2 0.04 -0.00200001
-1 -2.68221e-07 0.05 -3.59712e-15
-1 0.2 0.06 -0.00199999
-1 0.4 0.07 -0.00799999
-1 0.6 0.08 -0.018
-1 0.8 0.09 -0.032
-1 1 0.1 -0.05
-1 1.2 0.11 -0.072
-1 1.4 0.12 -0.098
-1 1.6 0.13 -0.128
-1 1.8 0.14 -0.162
-1 2 0.15 -0.2
-1 2.2 0.16 -0.242
-1 2.4 0.17 -0.288
-1 2.6 0.18 -0.338
-1 2.8 0.19 -0.392
-1 3 0.2 -0.45
-1 3.2 0.21 -0.512
-1 3.4 0.22 -0.578
-1 3.6 0.23 -0.648
-1 3.8 0.24 -0.722
-1 4 0.25 -0.8
-1 4.2 0.26 -0.882
-1 4.4 0.27 -0.968
-1 4.6 0.28 -1.058
-1 4.8 0.29 -1.152
-1 5 0.3 -1.25
-0.8 -5 -0.168 -1.25
-0.8 -4.8 -0.16 -1.152
-0.8 -4.6 -0.152 -1.058
-0.8 -4.4 -0.144 -0.968
-0.8 -4.2 -0.136 -0.882
-0.8 -4 -0.128 -0.8
-0.8 -3.8 -0.12 -0.722
-0.8 -3.6 -0.112 -0.648
-0.8 -3.4 -0.104 -0.578
-0.8 -3.2 -0.0960001 -0.512
-0.8 -3 -0.0880001 -0.45
-0.8 -2.8 -0.08 -0.392
-0.8 -2.6 -0.072 -0.338
-0.8 -2.4 -0.064 -0.288
-0.8 -2.2 -0.056 -0.242
-0.8 -2 -0.048 -0.2
-0.8 -1.8 -0.04 -0.162
-0.8 -1.6 -0.032 -0.128
-0.8 -1.4 -0.024 -0.098
-0.8 -1.2 -0.016 -0.072
-0.8 -1 -0.008 -0.05
-0.8 -0.8 -0 -0.032
-0.8 -0.6 0.008 -0.018
-0.8 -0.4 0.016 -0.00800001
-0.8 -0.2 0.024 -0.00200001
-0.8 -2.68221e-07 0.032 -3.59712e-15
-0.8 0.2 0.04 -0.00199999
-0.8 0.4 0.048 -0.00799999
-0.8 0.6 0.056 -0.018
-0.8 0.8 0.064 -0.032
-0.8 1 0.072 -0.05
-0.8 1.2 0.08 -0.072
-0.8 1.4 0.088 -0.098
-0.8 1.6 0.096 -0.128
-0.8 1.8 0.104 -0.162
-0.8 2 0.112 -0.2
-0.8 2.2 0.12 -0.242
-0.8 2.4 0.128 -0.288
-0.8 2.6 0.136 -0.338
-0.8 2.8 0.144 -0.392
-0.8 3 0.152 -0.45
-0.8 3.2 0.16 -0.512
-0.8 3.4 0.168 -0.578
-0.8 3.6 0.176 -0.648
-0.8 3.8 0.184 -0.722
-0.8 4 0.192 -0.8
-0.8 4.2 0.2 -0.882
-0.8 4.4 0.208 -0.968
-0.8 4.6 0.216 -1.058
-0.8 4.8 0.224 -1.152
-0.8 5 0.232 -1.25
-0.6 -5 -0.132 -1.25
-0.6 -4.8 -0.126 -1.152
-0.6 -4.6 -0.12 -1.058
-0.6 -4.4 -0.114 -0.968
-0.6 -4.2 -0.108 -0.882
-0.6 -4 -0.102 -0.8
-0.6 -3.8 -0.0960001 -0.722
-0.6 -3.6 -0.0900001 -0.648
-0.6 -3.4 -0.0840001 -0.578
-0.6 -3.2 -0.078 -0.512
-0.6 -3 -0.072 -0.45
-0.6 -2.8 -0.066 -0.392
-0.6 -2.6 -0.06 -0.338
-0.6 -2.4 -0.054 -0.288
-0.6 -2.2 -0.048 -0.242
-0.6 -2 -0.042 -0.2
-0.6 -1.8 -0.036 -0.162
-0.6 -1.6 -0.03 -0.128
-0.6 -1.4 -0.024 -0.098
-0.6 -1.2 -0.018 -0.072
-0.6 -1 -0.012 -0.05
-0.6 -0.8 -0.006 -0.032
-0.6 -0.6 -0 -0.018
-0.6 -0.4 0.006 -0.00800001
-0.6 -0.2 0.012 -0.00200001
-0.6 -2.68221e-07 0.018 -3.59712e-15
-0.6 0.2 0.024 -0.00199999
-0.6 0.4 0.03 -0.00799999
-0.6 0.6 0.036 -0.018
-0.6 0.8 0.042 -0.032
-0.6 1 0.048 -0.05
-0.6 1.2 0.054 -0.072
-0.6 1.4 0.06 -0.098
-0.6 1.6 0.066 -0.128
-0.6 1.8 0.072 -0.162
-0.6 2 0.078 -0.2
-0.6 2.2 0.084 -0.242
-0.6 2.4 0.09 -0.288
-0.6 2.6 0.0960001 -0.338
-0.6 2.8 0.102 -0.392
-0.6 3 0.108 -0.45
-0.6 3.2 0.114 -0.512
-0.6 3.4 0.12 -0.578
-0.6 3.6 0.126 -0.648
-0.6 3.8 0.132 -0.722
-0.6 4 0.138 -0.8
-0.6 4.2 0.144 -0.882
-0.6 4.4 0.15 -0.968
-0.6 4.6 0.156 -1.058
-0.6 4.8 0.162 -1.152
-0.6 5 0.168 -1.25
-0.4 -5 -0.0920001 -1.25
-0.4 -4.8 -0.0880001 -1.152
-0.4 -4.6 -0.0840001 -1.058
-0.4 -4.4 -0.0800001 -0.968
-0.4 -4.2 -0.0760001 -0.882
-0.4 -4 -0.0720001 -0.8
-0.4 -3.8 -0.0680001 -0.722
-0.4 -3.6 -0.0640001 -0.648
-0.4 -3.4 -0.0600001 -0.578
-0.4 -3.2 -0.0560001 -0.512
-0.4 -3 -0.052 -0.45
-0.4 -2.8 -0.048 -0.392
-0.4 -2.6 -0.044 -0.338
-0.4 -2.4 -0.04 -0.288
-0.4 -2.2 -0.036 -0.242
-0.4 -2 -0.032 -0.2
-0.4 -1.8 -0.028 -0.162
-0.4 -1.6 -0.024 -0.128
-0.4 -1.4 -0.02 -0.098
-0.4 -1.2 -0.016 -0.072
-0.4 -1 -0.012 -0.05
-0.4 -0.8 -0.00800001 -0.032
-0.4 -0.6 -0.004 -0.018
-0.4 -0.4 -0 -0.00800001
-0.4 -0.2 0.004 -0.00200001
-0.4 -2.68221e-07 0.00800001 -3.59712e-15
-0.4 0.2 0.012 -0.00199999
-0.4 0.4 0.016 -0.00799999
-0.4 0.6 0.02 -0.018
-0.4 0.8 0.024 -0.032
-0.4 1 0.028 -0.05
-0.4 1.2 0.032 -0.072
-0.4 1.4 0.036 -0.098
-0.4 1.6 0.04 -0.128
-0.4 1.8 0.044 -0.162
-0.4 2 0.048 -0.2
-0.4 2.2 0.052 -0.242
-0.4 2.4 0.056 -0.288
-0.4 2.6 0.06 -0.338
-0.4 2.8 0.0640001 -0.392
-0.4 3 0.0680001 -0.45
-0.4 3.2 0.0720001 -0.512
-0.4 3.4 0.0760001 -0.578
-0.4 3.6 0.0800001 -0.648
-0.4 3.8 0.0840001 -0.722
-0.4 4 0.0880001 -0.8
-0.4 4.2 0.0920001 -0.882
-0.4 4.4 0.0960001 -0.968
-0.4 4.6 0.1 -1.058
-0.4 4.8 0.104 -1.152
-0.4 5 0.108 -1.25
-0.2 -5 -0.0480001 -1.25
-0.2 -4.8 -0.0460001 -1.152
-0.2 -4.6 -0.0440001 -1.058
-0.2 -4.4 -0.0420001 -0.968
-0.2 -4.2 -0.0400001 -0.882
-0.2 -4 -0.0380001 -0.8
-0.2 -3.8 -0.0360001 -0.722
-0.2 -3.6 -0.0340001 -0.648
-0.2 -3.4 -0.032 -0.578
-0.2 -3.2 -0.03 -0.512
-0.2 -3 -0.028 -0.45
-0.2 -2.8 -0.026 -0.392
-0.2 -2.6 -0.024 -0.338
-0.2 -2.4 -0.022 -0.288
-0.2 -2.2 -0.02 -0.242
-0.2 -2 -0.018 -0.2
-0.2 -1.8 -0.016 -0.162
-0.2 -1.6 -0.014 -0.128
-0.2 -1.4 -0.012 -0.098
-0.2 -1.2 -0.01 -0.072
-0.2 -1 -0.00800001 -0.05
-0.2 -0.8 -0.00600001 -0.032
-0.2 -0.6 -0.00400001 -0.018
-0.2 -0.4 -0.002 -0.00800001
-0.2 -0.2 -0 -0.00200001
-0.2 -2.68221e-07 0.002 -3.59712e-15
-0.2 0.2 0.00400001 -0.00199999
-0.2 0.4 0.00600001 -0.00799999
-0.2 0.6 0.00800001 -0.018
-0.2 0.8 0.01 -0.032
-0.2 1 0.012 -0.05
-0.2 1.2 0.014 -0.072
-0.2 1.4 0.016 -0.098
-0.2 1.6 0.018 -0.128
-0.2 1.8 0.02 -0.162
-0.2 2 0.022 -0.2
-0.2 2.2 0.024 -0.242
-0.2 2.4 0.026 -0.288
-0.2 2.6 0.028 -0.338
-0.2 2.8 0.03 -0.392
-0.2 3 0.032 -0.45
-0.2 3.2 0.0340001 -0.512
-0.2 3.4 0.0360001 -0.578
-0.2 3.6 0.0380001 -0.648
-0.2 3.8 0.0400001 -0.722
-0.2 4 0.0420001 -0.8
-0.2 4.2 0.0440001 -0.882
-0.2 4.4 0.0460001 -0.968
-0.2 4.6 0.0480001 -1.058
-0.2 4.8 0.0500001 -1.152
-0.2 5 0.0520001 -1.25
-2.68221e-07 -5 -6.70552e-08 -1.25
-2.68221e-07 -4.8 -6.4373e-08 -1.152
-2.68221e-07 -4.6 -6.16908e-08 -1.058
-2.68221e-07 -4.4 -5.90086e-08 -0.968
-2.68221e-07 -4.2 -5.63264e-08 -0.882
-2.68221e-07 -4 -5.36442e-08 -0.8
-2.68221e-07 -3.8 -5.0962e-08 -0.722
-2.68221e-07 -3.6 -4.82798e-08 -0.648
-2.68221e-07 -3.4 -4.55976e-08 -0.578
-2.68221e-07 -3.2 -4.29154e-08 -0.512
-2.68221e-07 -3 -4.02331e-08 -0.45
-2.68221e-07 -2.8 -3.75509e-08 -0.392
-2.68221e-07 -2.6 -3.48687e-08 -0.338
-2.68221e-07 -2.4 -3.21865e-08 -0.288
-2.68221e-07 -2.2 -2.95043e-08 -0.242
-2.68221e-07 -2 -2.68221e-08 -0.2
-2.68221e-07 -1.8 -2.41399e-08 -0.162
-2.68221e-07 -1.6 -2.14577e-08 -0.128
-2.68221e-07 -1.4 -1.87755e-08 -0.098
-2.68221e-07 -1.2 -1.60933e-08 -0.072
-2.68221e-07 -1 -1.3411e-08 -0.05
-2.68221e-07 -0.8 -1.07288e-08 -0.032
-2.68221e-07 -0.6 -8.04663e-09 -0.018
-2.68221e-07 -0.4 -5.36442e-09 -0.00800001
-2.68221e-07 -0.2 -2.68221e-09 -0.00200001
-2.68221e-07 -2.68221e-07 -0 -3.59712e-15
-2.68221e-07 0.2 2.68221e-09 -0.00199999
-2.68221e-07 0.4 5.36442e-09 -0.00799999
-2.68221e-07 0.6 8.04663e-09 -0.018
-2.68221e-07 0.8 1.07288e-08 -0.032
-2.68221e-07 1 1.3411e-08 -0.05
-2.68221e-07 1.2 1.60933e-08 -0.072
-2.68221e-07 1.4 1.87755e-08 -0.098
-2.68221e-07 1.6 2.14577e-08 -0.128
-2.68221e-07 1.8 2.41399e-08 -0.162
-2.68221e-07 2 2.68221e-08 -0.2
-2.68221e-07 2.2 2.95043e-08 -0.242
-2.68221e-07 2.4 3.21865e-08 -0.288
-2.68221e-07 2.6 3.48687e-08 -0.338
-2.68221e-07 2.8 3.75509e-08 -0.392
-2.68221e-07 3 4.02331e-08 -0.45
-2.68221e-07 3.2 4.29153e-08 -0.512
-2.68221e-07 3.4 4.55976e-08 -0.578
-2.68221e-07 3.6 4.82798e-08 -0.648
-2.68221e-07 3.8 5.0962e-08 -0.722
-2.68221e-07 4 5.36442e-08 -0.8
-2.68221e-07 4.2 5.63264e-08 -0.882
-2.68221e-07 4.4 5.90086e-08 -0.968
-2.68221e-07 4.6 6.16908e-08 -1.058
-2.68221e-07 4.8 6.4373e-08 -1.152
-2.68221e-07 5 6.70552e-08 -1.25
0.2 -5 0.0519999 -1.25
0.2 -4.8 0.0499999 -1.152
0.2 -4.6 0.0479999 -1.058
0.2 -4.4 0.0459999 -0.968
0.2 -4.2 0.0439999 -0.882
0.2 -4 0.042 -0.8
0.2 -3.8 0.04 -0.722
0.2 -3.6 0.038 -0.648
0.2 -3.4 0.036 -0.578
0.2 -3.2 0.034 -0.512
0.2 -3 0.032 -0.45
0.2 -2.8 0.03 -0.392
0.2 -2.6 0.028 -0.338
0.2 -2.4 0.026 -0.288
0.2 -2.2 0.024 -0.242
0.2 -2 0.022 -0.2
0.2 -1.8 0.02 -0.162
0.2 -1.6 0.018 -0.128
0.2 -1.4 0.016 -0.098
0.2 -1.2 0.014 -0.072
0.2 -1 0.012 -0.05
0.2 -0.8 0.00999999 -0.032
0.2 -0.6 0.00799999 -0.018
0.2 -0.4 0.00599999 -0.00800001
0.2 -0.2 0.00399999 -0.00200001
0.2 -2.68221e-07 0.002 -3.59712e-15
0.2 0.2 0 -0.00199999
0.2 0.4 -0.002 -0.00799999
0.2 0.6 -0.00399999 -0.018
0.2 0.8 -0.00599999 -0.032
0.2 1 -0.00799999 -0.05
0.2 1.2 -0.00999999 -0.072
0.2 1.4 -0.012 -0.098
0.2 1.6 -0.014 -0.128
0.2 1.8 -0.016 -0.162
0.2 2 -0.018 -0.2
0.2 2.2 -0.02 -0.242
0.2 2.4 -0.022 -0.288
0.2 2.6 -0.024 -0.338
0.2 2.8 -0.026 -0.392
0.2 3 -0.028 -0.45
0.2 3.2 -0.03 -0.512
0.2 3.4 -0.032 -0.578
0.2 3.6 -0.034 -0.648
0.2 3.8 -0.036 -0.722
0.2 4 -0.038 -0.8
0.2 4.2 -0.0399999 -0.882
0.2 4.4 -0.0419999 -0.968
0.2 4.6 -0.0439999 -1.058
0.2 4.8 -0.0459999 -1.152
0.2 5 -0.0479999 -1.25
0.4 -5 0.108 -1.25
0.4 -4.8 0.104 -1.152
0.4 -4.6 0.0999999 -1.058
0.4 -4.4 0.0959999 -0.968
0.4 -4.2 0.0919999 -0.882
0.4 -4 0.088 -0.8
0.4 -3.8 0.084 -0.722
0.4 -3.6 0.08 -0.648
0.4 -3.4 0.076 -0.578
0.4 -3.2 0.072 -0.512
0.4 -3 0.068 -0.45
0.4 -2.8 0.064 -0.392
0.4 -2.6 0.06 -0.338
0.4 -2.4 0.056 -0.288
0.4 -2.2 0.052 -0.242
0.4 -2 0.048 -0.2
0.4 -1.8 0.044 -0.162
0.4 -1.6 0.04 -0.128
0.4 -1.4 0.036 -0.098
0.4 -1.2 0.032 -0.072
0.4 -1 0.028 -0.05
0.4 -0.8 0.024 -0.032
0.4 -0.6 0.02 -0.018
0.4 -0.4 0.016 -0.00800001
0.4 -0.2 0.012 -0.00200001
0.4 -2.68221e-07 0.00799999 -3.59712e-15
0.4 0.2 0.004 -0.00199999
0.4 0.4 0 -0.00799999
0.4 0.6 -0.004 -0.018
0.4 0.8 -0.00799999 -0.032
0.4 1 -0.012 -0.05
0.4 1.2 -0.016 -0.072
0.4 1.4 -0.02 -0.098
0.4 1.6 -0.024 -0.128
0.4 1.8 -0.028 -0.162
0.4 2 -0.032 -0.2
0.4 2.2 -0.036 -0.242
0.4 2.4 -0.04 -0.288
0.4 2.6 -0.044 -0.338
0.4 2.8 -0.048 -0.392
0.4 3 -0.052 -0.45
0.4 3.2 -0.056 -0.512
0.4 3.4 -0.06 -0.578
0.4 3.6 -0.064 -0.648
0.4 3.8 -0.068 -0.722
0.4 4 -0.072 -0.8
0.4 4.2 -0.076 -0.882
0.4 4.4 -0.0799999 -0.968
0.4 4.6 -0.0839999 -1.058
0.4 4.8 -0.0879999 -1.152
0.4 5 -0.0919999 -1.25
0.6 -5 0.168 -1.25
0.6 -4.8 0.162 -1.152
0.6 -4.6 0.156 -1.058
0.6 -4.4 0.15 -0.968
0.6 -4.2 0.144 -0.882
0.6 -4 0.138 -0.8
0.6 -3.8 0.132 -0.722
0.6 -3.6 0.126 -0.648
0.6 -3.4 0.12 -0.578
0.6 -3.2 0.114 -0.512
0.6 -3 0.108 -0.45
0.6 -2.8 0.102 -0.392
0.6 -2.6 0.096 -0.338
0.6 -2.4 0.09 -0.288
0.6 -2.2 0.084 -0.242
0.6 -2 0.078 -0.2
0.6 -1.8 0.072 -0.162
0.6 -1.6 0.066 -0.128
0.6 -1.4 0.06 -0.098
0.6 -1.2 0.054 -0.072
0.6 -1 0.048 -0.05
0.6 -0.8 0.042 -0.032
0.6 -0.6 0.036 -0.018
0.6 -0.4 0.03 -0.00800001
0.6 -0.2 0.024 -0.00200001
0.6 -2.68221e-07 0.018 -3.59712e-15
0.6 0.2 0.012 -0.00199999
0.6 0.4 0.006 -0.00799999
0.6 0.6 0 -0.018
0.6 0.8 -0.006 -0.032
0.6 1 -0.012 -0.05
0.6 1.2 -0.018 -0.072
0.6 1.4 -0.024 -0.098
0.6 1.6 -0.03 -0.128
0.6 1.8 -0.036 -0.162
0.6 2 -0.042 -0.2
0.6 2.2 -0.048 -0.242
0.6 2.4 -0.054 -0.288
0.6 2.6 -0.06 -0.338
0.6 2.8 -0.066 -0.392
0.6 3 -0.072 -0.45
0.6 3.2 -0.078 -0.512
0.6 3.4 -0.084 -0.578
0.6 3.6 -0.09 -0.648
0.6 3.8 -0.096 -0.722
0.6 4 -0.102 -0.8
0.6 4.2 -0.108 -0.882
0.6 4.4 -0.114 -0.968
0.6 4.6 -0.12 -1.058
0.6 4.8 -0.126 -1.152
0.6 5 -0.132 -1.25
0.8 -5 0.232 -1.25
0.8 -4.8 0.224 -1.152
0.8 -4.6 0.216 -1.058
0.8 -4.4 0.208 -0.968
0.8 -4.2 0.2 -0.882
0.8 -4 0.192 -0.8
0.8 -3.8 0.184 -0.722
0.8 -3.6 0.176 -0.648
0.8 -3.4 0.168 -0.578
0.8 -3.2 0.16 -0.512
0.8 -3 0.152 -0.45
0.8 -2.8 0.144 -0.392
0.8 -2.6 0.136 -0.338
0.8 -2.4 0.128 -0.288
0.8 -2.2 0.12 -0.242
0.8 -2 0.112 -0.2
0.8 -1.8 0.104 -0.162
0.8 -1.6 0.096 -0.128
0.8 -1.4 0.088 -0.098
0.8 -1.2 0.08 -0.072
0.8 -1 0.072 -0.05
0.8 -0.8 0.064 -0.032
0.8 -0.6 0.056 -0.018
0.8 -0.4 0.048 -0.00800001
0.8 -0.2 0.04 -0.00200001
0.8 -2.68221e-07 0.032 -3.59712e-15
0.8 0.2 0.024 -0.00199999
0.8 0.4 0.016 -0.00799999
0.8 0.6 0.008 -0.018
0.8 0.8 0 -0.032
0.8 1 -0.008 -0.05
0.8 1.2 -0.016 -0.072
0.8 1.4 -0.024 -0.098
0.8 1.6 -0.032 -0.128
0.8 1.8 -0.04 -0.162
0.8 2 -0.048 -0.2
0.8 2.2 -0.056 -0.242
0.8 2.4 -0.064 -0.288
0.8 2.6 -0.072 -0.338
0.8 2.8 -0.08 -0.392
0.8 3 -0.088 -0.45
0.8 3.2 -0.096 -0.512
0.8 3.4 -0.104 -0.578
0.8 3.6 -0.112 -0.648
0.8 3.8 -0.12 -0.722
0.8 4 -0.128 -0.8
0.8 4.2 -0.136 -0.882
0.8 4.4 -0.144 -0.968
0.8 4.6 -0.152 -1.058
0.8 4.8 -0.16 -1.152
0.8 5 -0.168 -1.25
1 -5 0.3 -1.25
1 -4.8 0.29 -1.152
1 -4.6 0.28 -1.058
1 -4.4 0.27 -0.968
1 -4.2 0.26 -0.882
1 -4 0.25 -0.8
1 -3.8 0.24 -0.722
1 -3.6 0.23 -0.648
1 -3.4 0.22 -0.578
1 -3.2 0.21 -0.512
1 -3 0.2 -0.45
1 -2.8 0.19 -0.392
1 -2.6 0.18 -0.338
1 -2.4 0.17 -0.288
1 -2.2 0.16 -0.242
1 -2 0.15 -0.2
1 -1.8 0.14 -0.162
1 -1.6 0.13 -0.128
1 -1.4 0.12 -0.098
1 -1.2 0.11 -0.072
1 -1 0.1 -0.05
1 -0.8 0.09 -0.032
1 -0.6 0.08 -0.018
1 -0.4 0.07 -0.00800001
1 -0.2 0.06 -0.00200001
1 -2.68221e-07 0.05 -3.59712e-15
1 0.2 0.04 -0.00199999
1 0.4 0.03 -0.00799999
1 0.6 0.02 -0.018
1 0.8 0.01 -0.032
1 1 0 -0.05
1 1.2 -0.01 -0.072
1 1.4 -0.02 -0.098
1 1.6 -0.03 -0.128
1 1.8 -0.04 -0.162
1 2 -0.05 -0.2
1 2.2 -0.06 -0.242
1 2.4 -0.07 -0.288
1 2.6 -0.08 -0.338
1 2.8 -0.09 -0.392
1 3 -0.1 -0.45
1 3.2 -0.11 -0.512
1 3.4 -0.12 -0.578
1 3.6 -0.13 -0.648
1 3.8 -0.14 -0.722
1 4 -0.15 -0.8
1 4.2 -0.16 -0.882
1 4.4 -0.17 -0.968
1 4.6 -0.18 -1.058
1 4.8 -0.19 -1.152
1 5 -0.2 -1.25
1.2 -5 0.372 -1.25
1.2 -4.8 0.36 -1.152
1.2 -4.6 0.348 -1.058
1.2 -4.4 0.336 -0.968
1.2 -4.2 0.324 -0.882
1.2 -4 0.312 -0.8
1.2 -3.8 0.3 -0.722
1.2 -3.6 0.288 -0.648
1.2 -3.4 0.276 -0.578
1.2 -3.2 0.264 -0.512
1.2 -3 0.252 -0.45
1.2 -2.8 0.24 -0.392
1.2 -2.6 0.228 -0.338
1.2 -2.4 0.216 -0.288
1.2 -2.2 0.204 -0.242
1.2 -2 0.192 -0.2
1.2 -1.8 0.18 -0.162
1.2 -1.6 0.168 -0.128
1.2 -1.4 0.156 -0.098
1.2 -1.2 0.144 -0.072
1.2 -1 0.132 -0.05
1.2 -0.8 0.12 -0.032
1.2 -0.6 0.108 -0.018
1.2 -0.4 0.096 -0.00800001
1.2 -0.2 0.084 -0.00200001
1.2 -2.68221e-07 0.072 -3.59712e-15
1.2 0.2 0.06 -0.00199999
1.2 0.4 0.048 -0.00799999
1.2 0.6 0.036 -0.018
1.2 0.8 0.024 -0.032
1.2 1 0.012 -0.05
1.2 1.2 0 -0.072
1.2 1.4 -0.012 -0.098
1.2 1.6 -0.024 -0.128
1.2 1.8 -0.036 -0.162
1.2 2 -0.048 -0.2
1.2 2.2 -0.06 -0.242
1.2 2.4 -0.072 -0.288
1.2 2.6 -0.084 -0.338
1.2 2.8 -0.096 -0.392
1.2 3 -0.108 -0.45
1.2 3.2 -0.12 -0.512
1.2 3.4 -0.132 -0.578
1.2 3.6 -0.144 -0.648
1.2 3.8 -0.156 -0.722
1.2 4 -0.168 -0.8
1.2 4.2 -0.18 -0.882
1.2 4.4 -0.192 -0.968
1.2 4.6 -0.204 -1.058
1.2 4.8 -0.216 -1.152
1.2 5 -0.228 -1.25
1.4 -5 0.448 -1.25
1.4 -4.8 0.434 -1.152
1.4 -4.6 0.42 -1.058
1.4 -4.4 0.406 -0.968
1.4 -4.2 0.392 -0.882
1.4 -4 0.378 -0.8
1.4 -3.8 0.364 -0.722
1.4 -3.6 0.35 -0.648
1.4 -3.4 0.336 -0.578
1.4 -3.2 0.322 -0.512
1.4 -3 0.308 -0.45
1.4 -2.8 0.294 -0.392
1.4 -2.6 0.28 -0.338
1.4 -2.4 0.266 -0.288
1.4 -2.2 0.252 -0.242
1.4 -2 0.238 -0.2
1.4 -1.8 0.224 -0.162
1.4 -1.6 0.21 -0.128
1.4 -1.4 0.196 -0.098
1.4 -1.2 0.182 -0.072
1.4 -1 0.168 -0.05
1.4 -0.8 0.154 -0.032
1.4 -0.6 0.14 -0.018
1.4 -0.4 0.126 -0.00800001
1.4 -0.2 0.112 -0.00200001
1.4 -2.68221e-07 0.098 -3.59712e-15
1.4 0.2 0.084 -0.00199999
1.4 0.4 0.07 -0.00799999
1.4 0.6 0.056 -0.018
1.4 0.8 0.042 -0.032
1.4 1 0.028 -0.05
1.4 1.2 0.014 -0.072
1.4 1.4 0 -0.098
1.4 1.6 -0.014 -0.128
1.4 1.8 -0.028 -0.162
1.4 2 -0.042 -0.2
1.4 2.2 -0.056 -0.242
1.4 2.4 -0.07 -0.288
1.4 2.6 -0.084 -0.338
1.4 2.8 -0.098 -0.392
1.4 3 -0.112 -0.45
1.4 3.2 -0.126 -0.512
1.4 3.4 -0.14 -0.578
1.4 3.6 -0.154 -0.648
1.4 3.8 -0.168 -0.722
1.4 4 -0.182 -0.8
1.4 4.2 -0.196 -0.882
1.4 4.4 -0.21 -0.968
1.4 4.6 -0.224 -1.058
1.4 4.8 -0.238 -1.152
1.4 5 -0.252 -1.25
1.6 -5 0.528 -1.25
1.6 -4.8 0.512 -1.152
1.6 -4.6 0.496 -1.058
1.6 -4.4 0.48 -0.968
1.6 -4.2 0.464 -0.882
1.6 -4 0.448 -0.8
1.6 -3.8 0.432 -0.722
1.6 -3.6 0.416 -0.648
1.6 -3.4 0.4 -0.578
1.6 -3.2 0.384 -0.512
1.6 -3 0.368 -0.45
1.6 -2.8 0.352 -0.392
1.6 -2.6 0.336 -0.338
1.6 -2.4 0.32 -0.288
1.6 -2.2 0.304 -0.242
1.6 -2 0.288 -0.2
1.6 -1.8 0.272 -0.162
1.6 -1.6 0.256 -0.128
1.6 -1.4 0.24 -0.098
1.6 -1.2 0.224 -0.072
1.6 -1 0.208 -0.05
1.6 -0.8 0.192 -0.032
1.6 -0.6 0.176 -0.018
1.6 -0.4 0.16 -0.00800001
1.6 -0.2 0.144 -0.00200001
1.6 -2.68221e-07 0.128 -3.59712e-15
1.6 0.2 0.112 -0.00199999
1.6 0.4 0.096 -0.00799999
1.6 0.6 0.08 -0.018
1.6 0.8 0.064 -0.032
1.6 1 0.048 -0.05
1.6 1.2 0.032 -0.072
1.6 1.4 0.016 -0.098
1.6 1.6 0 -0.128
1.6 1.8 -0.016 -0.162
1.6 2 -0.032 -0.2
1.6 2.2 -0.048 -0.242
1.6 2.4 -0.064 -0.288
1.6 2.6 -0.08 -0.338
1.6 2.8 -0.096 -0.392
1.6 3 -0.112 -0.45
1.6 3.2 -0.128 -0.512
1.6 3.4 -0.144 -0.578
1.6 3.6 -0.16 -0.648
1.6 3.8 -0.176 -0.722
1.6 4 -0.192 -0.8
1.6 4.2 -0.208 -0.882
1.6 4.4 -0.224 -0.968
1.6 4.6 -0.24 -1.058
1.6 4.8 -0.256 -1.152
1.6 5 -0.272 -1.25
1.8 -5 0.612 -1.25
1.8 -4.8 0.594 -1.152
1.8 -4.6 0.576 -1.058
1.8 -4.4 0.558 -0.968
1.8 -4.2 0.54 -0.882
1.8 -4 0.522 -0.8
1.8 -3.8 0.504 -0.722
1.8 -3.6 0.486 -0.648
1.8 -3.4 0.468 -0.578
1.8 -3.2 0.45 -0.512
1.8 -3 0.432 -0.45
1.8 -2.8 0.414 -0.392
1.8 -2.6 0.396 -0.338
1.8 -2.4 0.378 -0.288
1.8 -2.2 0.36 -0.242
1.8 -2 0.342 -0.2
1.8 -1.8 0.324 -0.162
1.8 -1.6 0.306 -0.128
1.8 -1.4 0.288 -0.098
1.8 -1.2 0.27 -0.072
1.8 -1 0.252 -0.05
1.8 -0.8 0.234 -0.032
1.8 -0.6 0.216 -0.018
1.8 -0.4 0.198 -0.00800001
1.8 -0.2 0.18 -0.00200001
1.8 -2.68221e-07 0.162 -3.59712e-15
1.8 0.2 0.144 -0.00199999
1.8 0.4 0.126 -0.00799999
1.8 0.6 0.108 -0.018
1.8 0.8 0.09 -0.032
1.8 1 0.072 -0.05
1.8 1.2 0.054 -0.072
1.8 1.4 0.036 -0.098
1.8 1.6 0.018 -0.128
1.8 1.8 0 -0.162
1.8 2 -0.018 -0.2
1.8 2.2 -0.036 -0.242
1.8 2.4 -0.054 -0.288
1.8 2.6 -0.072 -0.338
1.8 2.8 -0.09 -0.392
1.8 3 -0.108 -0.45
1.8 3.2 -0.126 -0.512
1.8 3.4 -0.144 -0.578
1.8 3.6 -0.162 -0.648
1.8 3.8 -0.18 -0.722
1.8 4 -0.198 -0.8
1.8 4.2 -0.216 -0.882
1.8 4.4 -0.234 -0.968
1.8 4.6 -0.252 -1.058
1.8 4.8 -0.27 -1.152
1.8 5 -0.288 -1.25
2 -5 0.7 -1.25
2 -4.8 0.68 -1.152
2 -4.6 0.66 -1.058
2 -4.4 0.64 -0.968
2 -4.2 0.62 -0.882
2 -4 0.6 -0.8
2 -3.8 0.58 -0.722
2 -3.6 0.56 -0.648
2 -3.4 0.54 -0.578
2 -3.2 0.52 -0.512
2 -3 0.5 -0.45
2 -2.8 0.48 -0.392
2 -2.6 0.46 -0.338
2 -2.4 0.44 -0.288
2 -2.2 0.42 -0.242
2 -2 0.4 -0.2
2 -1.8 0.38 -0.162
2 -1.6 0.36 -0.128
2 -1.4 0.34 -0.098
2 -1.2 0.32 -0.072
2 -1 0.3 -0.05
2 -0.8 0.28 -0.032
2 -0.6 0.26 -0.018
2 -0.4 0.24 -0.00800001
2 -0.2 0.22 -0.00200001
2 -2.68221e-07 0.2 -3.59712e-15
2 0.2 0.18 -0.00199999
2 0.4 0.16 -0.00799999
2 0.6 0.14 -0.018
2 0.8 0.12 -0.032
2 1 0.1 -0.05
2 1.2 0.08 -0.072
2 1.4 0.06 -0.098
2 1.6 0.04 -0.128
2 1.8 0.02 -0.162
2 2 0 -0.2
2 2.2 -0.02 -0.242
2 2.4 -0.04 -0.288
2 2.6 -0.06 -0.338
2 2.8 -0.08 -0.392
2 3 -0.1 -0.45
2 3.2 -0.12 -0.512
2 3.4 -0.14 -0.578
2 3.6 -0.16 -0.648
2 3.8 -0.18 -0.722
2 4 -0.2 -0.8
2 4.2 -0.22 -0.882
2 4.4 -0.24 -0.968
2 4.6 -0.26 -1.058
2 4.8 -0.28 -1.152
2 5 -0.3 -1.25
2.2 -5 0.792 -1.25
2.2 -4.8 0.77 -1.152
2.2 -4.6 0.748 -1.058
2.2 -4.4 0.726 -0.968
2.2 -4.2 0.704 -0.882
2.2 -4 0.682 -0.8
2.2 -3.8 0.66 -0.722
2.2 -3.6 0.638 -0.648
2.2 -3.4 0.616 -0.578
2.2 -3.2 0.594 -0.512
2.2 -3 0.572 -0.45
2.2 -2.8 0.55 -0.392
2.2 -2.6 0.528 -0.338
2.2 -2.4 0.506 -0.288
2.2 -2.2 0.484 -0.242
2.2 -2 0.462 -0.2
2.2 -1.8 0.44 -0.162
2.2 -1.6 0.418 -0.128
2.2 -1.4 0.396 -0.098
2.2 -1.2 0.374 -0.072
2.2 -1 0.352 -0.05
2.2 -0.8 0.33 -0.032
2.2 -0.6 0.308 -0.018
2.2 -0.4 0.286 -0.00800001
2.2 -0.2 0.264 -0.00200001
2.2 -2.68221e-07 0.242 -3.59712e-15
2.2 0.2 0.22 -0.00199999
2.2 0.4 0.198 -0.00799999
2.2 0.6 0.176 -0.018
2.2 0.8 0.154 -0.032
2.2 1 0.132 -0.05
2.2 1.2 0.11 -0.072
2.2 1.4 0.088 -0.098
2.2 1.6 0.066 -0.128
2.2 1.8 0.044 -0.162
2.2 2 0.022 -0.2
2.2 2.2 0 -0.242
2.2 2.4 -0.022 -0.288
2.2 2.6 -0.044 -0.338
2.2 2.8 -0.066 -0.392
2.2 3 -0.088 -0.45
2.2 3.2 -0.11 -0.512
2.2 3.4 -0.132 -0.578
2.2 3.6 -0.154 -0.648
2.2 3.8 -0.176 -0.722
2.2 4 -0.198 -0.8
2.2 4.2 -0.22 -0.882
2.2 4.4 -0.242 -0.968
2.2 4.6 -0.264 -1.058
2.2 4.8 -0.286 -1.152
2.2 5 -0.308 -1.25
2.4 -5 0.888 -1.25
2.4 -4.8 0.864 -1.152
2.4 -4.6 0.84 -1.058
2.4 -4.4 0.816 -0.968
2.4 -4.2 0.792 -0.882
2.4 -4 0.768 -0.8
2.4 -3.8 0.744 -0.722
2.4 -3.6 0.72 -0.648
2.4 -3.4 0.696 -0.578
2.4 -3.2 0.672 -0.512
2.4 -3 0.648 -0.45
2.4 -2.8 0.624 -0.392
2.4 -2.6 0.6 -0.338
2.4 -2.4 0.576 -0.288
2.4 -2.2 0.552 -0.242
2.4 -2 0.528 -0.2
2.4 -1.8 0.504 -0.162
2.4 -1.6 0.48 -0.128
2.4 -1.4 0.456 -0.098
2.4 -1.2 0.432 -0.072
2.4 -1 0.408 -0.05
2.4 -0.8 0.384 -0.032
2.4 -0.6 0.36 -0.018
2.4 -0.4 0.336 -0.00800001
2.4 -0.2 0.312 -0.00200001
2.4 -2.68221e-07 0.288 -3.59712e-15
2.4 0.2 0.264 -0.00199999
2.4 0.4 0.24 -0.00799999
2.4 0.6 0.216 -0.018
2.4 0.8 0.192 -0.032
2.4 1 0.168 -0.05
2.4 1.2 0.144 -0.072
2.4 1.4 0.12 -0.098
2.4 1.6 0.096 -0.128
2.4 1.8 0.072 -0.162
2.4 2 0.048 -0.2
2.4 2.2 0.024 -0.242
2.4 2.4 0 -0.288
2.4 2.6 -0.024 -0.338
2.4 2.8 -0.048 -0.392
2.4 3 -0.072 -0.45
2.4 3.2 -0.096 -0.512
2.4 3.4 -0.12 -0.578
2.4 3.6 -0.144 -0.648
2.4 3.8 -0.168 -0.722
2.4 4 -0.192 -0.8
2.4 4.2 -0.216 -0.882
2.4 4.4 -0.24 -0.968
2.4 4.6 -0.264 -1.058
2.4 4.8 -0.288 -1.152
2.4 5 -0.312 -1.25
2.6 -5 0.988 -1.25
2.6 -4.8 0.962 -1.152
2.6 -4.6 0.936 -1.058
2.6 -4.4 0.91 -0.968
2.6 -4.2 0.884 -0.882
2.6 -4 0.858 -0.8
2.6 -3.8 0.832 -0.722
2.6 -3.6 0.806 -0.648
2.6 -3.4 0.78 -0.578
2.6 -3.2 0.754 -0.512
2.6 -3 0.728 -0.45
2.6 -2.8 0.702 -0.392
2.6 -2.6 0.676 -0.338
2.6 -2.4 0.65 -0.288
2.6 -2.2 0.624 -0.242
2.6 -2 0.598 -0.2
2.6 -1.8 0.572 -0.162
2.6 -1.6 0.546 -0.128
2.6 -1.4 0.52 -0.098
2.6 -1.2 0.494 -0.072
2.6 -1 0.468 -0.05
2.6 -0.8 0.442 -0.032
2.6 -0.6 0.416 -0.018
2.6 -0.4 0.39 -0.00800001
2.6 -0.2 0.364 -0.00200001
2.6 -2.68221e-07 0.338 -3.59712e-15
2.6 0.2 0.312 -0.00199999
2.6 0.4 0.286 -0.00799999
2.6 0.6 0.26 -0.018
2.6 0.8 0.234 -0.032
2.6 1 0.208 -0.05
2.6 1.2 0.182 -0.072
2.6 1.4 0.156 -0.098
2.6 1.6 0.13 -0.128
2.6 1.8 0.104 -0.162
2.6 2 0.078 -0.2
2.6 2.2 0.052 -0.242
2.6 2.4 0.026 -0.288
2.6 2.6 0 -0.338
2.6 2.8 -0.026 -0.392
2.6 3 -0.052 -0.45
2.6 3.2 -0.078 -0.512
2.6 3.4 -0.104 -0.578
2.6 3.6 -0.13 -0.648
2.6 3.8 -0.156 -0.722
2.6 4 -0.182 -0.8
2.6 4.2 -0.208 -0.882
2.6 4.4 -0.234 -0.968
2.6 4.6 -0.26 -1.058
2.6 4.8 -0.286 -1.152
2.6 5 -0.312 -1.25
2.8 -5 1.092 -1.25
2.8 -4.8 1.064 -1.152
2.8 -4.6 1.036 -1.058
2.8 -4.4 1.008 -0.968
2.8 -4.2 0.98 -0.882
2.8 -4 0.952 -0.8
2.8 -3.8 0.924 -0.722
2.8 -3.6 0.896 -0.648
2.8 -3.4 0.868 -0.578
2.8 -3.2 0.84 -0.512
2.8 -3 0.812 -0.45
2.8 -2.8 0.784 -0.392
2.8 -2.6 0.756 -0.338
2.8 -2.4 0.728 -0.288
2.8 -2.2 0.7 -0.242
2.8 -2 0.672 -0.2
2.8 -1.8 0.644 -0.162
2.8 -1.6 0.616 -0.128
2.8 -1.4 0.588 -0.098
2.8 -1.2 0.56 -0.072
2.8 -1 0.532 -0.05
2.8 -0.8 0.504 -0.032
2.8 -0.6 0.476 -0.018
2.8 -0.4 0.448 -0.00800001
2.8 -0.2 0.42 -0.00200001
2.8 -2.68221e-07 0.392 -3.59712e-15
2.8 0.2 0.364 -0.00199999
2.8 0.4 0.336 -0.00799999
2.8 0.6 0.308 -0.018
2.8 0.8 0.28 -0.032
2.8 1 0.252 -0.05
2.8 1.2 0.224 -0.072
2.8 1.4 0.196 -0.098
2.8 1.6 0.168 -0.128
2.8 1.8 0.14 -0.162
2.8 2 0.112 -0.2
2.8 2.2 0.084 -0.242
2.8 2.4 0.056 -0.288
2.8 2.6 0.028 -0.338
2.8 2.8 0 -0.392
2.8 3 -0.028 -0.45
2.8 3.2 -0.056 -0.512
2.8 3.4 -0.084 -0.578
2.8 3.6 -0.112 -0.648
2.8 3.8 -0.14 -0.722
2.8 4 -0.168 -0.8
2.8 4.2 -0.196 -0.882
2.8 4.4 -0.224 -0.968
2.8 4.6 -0.252 -1.058
2.8 4.8 -0.28 -1.152
2.8 5 -0.308 -1.25
3 -5 1.2 -1.25
3 -4.8 1.17 -1.152
3 -4.6 1.14 -1.058
3 -4.4 1.11 -0.968
3 -4.2 1.08 -0.882
3 -4 1.05 -0.8
3 -3.8 1.02 -0.722
3 -3.6 0.99 -0.648
3 -3.4 0.96 -0.578
3 -3.2 0.93 -0.512
3 -3 0.9 -0.45
3 -2.8 0.87 -0.392
3 -2.6 0.84 -0.338
3 -2.4 0.81 -0.288
3 -2.2 0.78 -0.242
3 -2 0.75 -0.2
3 -1.8 0.72 -0.162
3 -1.6 0.69 -0.128
3 -1.4 0.66 -0.098
3 -1.2 0.63 -0.072
3 -1 0.6 -0.05
3 -0.8 0.57 -0.032
3 -0.6 0.54 -0.018
3 -0.4 0.51 -0.00800001
3 -0.2 0.48 -0.00200001
3 -2.68221e-07 0.45 -3.59712e-15
3 0.2 0.42 -0.00199999
3 0.4 0.39 -0.00799999
3 0.6 0.36 -0.018
3 0.8 0.33 -0.032
3 1 0.3 -0.05
3 1.2 0.27 -0.072
3 1.4 0.24 -0.098
3 1.6 0.21 -0.128
3 1.8 0.18 -0.162
3 2 0.15 -0.2
3 2.2 0.12 -0.242
3 2.4 0.09 -0.288
3 2.6 0.06 -0.338
3 2.8 0.03 -0.392
3 3 0 -0.45
3 3.2 -0.03 -0.512
3 3.4 -0.06 -0.578
3 3.6 -0.09 -0.648
3 3.8 -0.12 -0.722
3 4 -0.15 -0.8
3 4.2 -0.18 -0.882
3 4.4 -0.21 -0.968
3 4.6 -0.24 -1.058
3 4.8 -0.27 -1.152
3 5 -0.3 -1.25
3.2 -5 1.312 -1.25
3.2 -4.8 1.28 -1.152
3.2 -4.6 1.248 -1.058
3.2 -4.4 1.216 -0.968
3.2 -4.2 1.184 -0.882
3.2 -4 1.152 -0.8
3.2 -3.8 1.12 -0.722
3.2 -3.6 1.088 -0.648
3.2 -3.4 1.056 -0.578
3.2 -3.2 1.024 -0.512
3.2 -3 0.992 -0.45
3.2 -2.8 0.96 -0.392
3.2 -2.6 0.928 -0.338
3.2 -2.4 0.896 -0.288
3.2 -2.2 0.864 -0.242
3.2 -2 0.832 -0.2
3.2 -1.8 0.8 -0.162
3.2 -1.6 0.768 -0.128
3.2 -1.4 0.736 -0.098
3.2 -1.2 0.704 -0.072
3.2 -1 0.672 -0.05
3.2 -0.8 0.64 -0.032
3.2 -0.6 0.608 -0.018
3.2 -0.4 0.576 -0.00800001
3.2 -0.2 0.544 -0.00200001
3.2 -2.68221e-07 0.512 -3.59712e-15
3.2 0.2 0.48 -0.00199999
3.2 0.4 0.448 -0.00799999
3.2 0.6 0.416 -0.018
3.2 0.8 0.384 -0.032
3.2 1 0.352 -0.05
3.2 1.2 0.32 -0.072
3.2 1.4 0.288 -0.098
3.2 1.6 0.256 -0.128
3.2 1.8 0.224 -0.162
3.2 2 0.192 -0.2
3.2 2.2 0.16 -0.242
3.2 2.4 0.128 -0.288
3.2 2.6 0.096 -0.338
3.2 2.8 0.064 -0.392
3.2 3 0.032 -0.45
3.2 3.2 0 -0.512
3.2 3.4 -0.032 -0.578
3.2 3.6 -0.064 -0.648
3.2 3.8 -0.096 -0.722
3.2 4 -0.128 -0.8
3.2 4.2 -0.16 -0.882
3.2 4.4 -0.192 -0.968
3.2 4.6 -0.224 -1.058
3.2 4.8 -0.256 -1.152
3.2 5 -0.288 -1.25
3.4 -5 1.428 -1.25
3.4 -4.8 1.394 -1.152
3.4 -4.6 1.36 -1.058
3.4 -4.4 1.326 -0.968
3.4 -4.2 1.292 -0.882
3.4 -4 1.258 -0.8
3.4 -3.8 1.224 -0.722
3.4 -3.6 1.19 -0.648
3.4 -3.4 1.156 -0.578
3.4 -3.2 1.122 -0.512
3.4 -3 1.088 -0.45
3.4 -2.8 1.054 -0.392
3.4 -2.6 1.02 -0.338
3.4 -2.4 0.986 -0.288
3.4 -2.2 0.952 -0.242
3.4 -2 0.918 -0.2
3.4 -1.8 0.884 -0.162
3.4 -1.6 0.85 -0.128
3.4 -1.4 0.816 -0.098
3.4 -1.2 0.782 -0.072
3.4 -1 0.748 -0.05
3.4 -0.8 0.714 -0.032
3.4 -0.6 0.68 -0.018
3.4 -0.4 0.646 -0.00800001
3.4 -0.2 0.612 -0.00200001
3.4 -2.68221e-07 0.578 -3.59712e-15
3.4 0.2 0.544 -0.00199999
3.4 0.4 0.51 -0.00799999
3.4 0.6 0.476 -0.018
3.4 0.8 0.442 -0.032
3.4 1 0.408 -0.05
3.4 1.2 0.374 -0.072
3.4 1.4 0.34 -0.098
3.4 1.6 0.306 -0.128
3.4 1.8 0.272 -0.162
3.4 2 0.238 -0.2
3.4 2.2 0.204 -0.242
3.4 2.4 0.17 -0.288
3.4 2.6 0.136 -0.338
3.4 2.8 0.102 -0.392
3.4 3 0.068 -0.45
3.4 3.2 0.034 -0.512
3.4 3.4 0 -0.578
3.4 3.6 -0.034 -0.648
3.4 3.8 -0.068 -0.722
3.4 4 -0.102 -0.8
3.4 4.2 -0.136 -0.882
3.4 4.4 -0.17 -0.968
3.4 4.6 -0.204 -1.058
3.4 4.8 -0.238 -1.152
3.4 5 -0.272 -1.25
3.6 -5 1.548 -1.25
3.6 -4.8 1.512 -1.152
3.6 -4.6 1.476 -1.058
3.6 -4.4 1.44 -0.968
3.6 -4.2 1.404 -0.882
3.6 -4 1.368 -0.8
3.6 -3.8 1.332 -0.722
3.6 -3.6 1.296 -0.648
3.6 -3.4 1.26 -0.578
3.6 -3.2 1.224 -0.512
3.6 -3 1.188 -0.45
3.6 -2.8 1.152 -0.392
3.6 -2.6 1.116 -0.338
3.6 -2.4 1.08 -0.288
3.6 -2.2 1.044 -0.242
3.6 -2 1.008 -0.2
3.6 -1.8 0.972 -0.162
3.6 -1.6 0.936 -0.128
3.6 -1.4 0.9 -0.098
3.6 -1.2 0.864 -0.072
3.6 -1 0.828 -0.05
3.6 -0.8 0.792 -0.032
3.6 -0.6 0.756 -0.018
3.6 -0.4 0.72 -0.00800001
3.6 -0.2 0.684 -0.00200001
3.6 -2.68221e-07 0.648 -3.59712e-15
3.6 0.2 0.612 -0.00199999
3.6 0.4 0.576 -0.00799999
3.6 0.6 0.54 -0.018
3.6 0.8 0.504 -0.032
3.6 1 0.468 -0.05
3.6 1.2 0.432 -0.072
3.6 1.4 0.396 -0.098
3.6 1.6 0.36 -0.128
3.6 1.8 0.324 -0.162
3.6 2 0.288 -0.2
3.6 2.2 0.252 -0.242
3.6 2.4 0.216 -0.288
3.6 2.6 0.18 -0.338
3.6 2.8 0.144 -0.392
3.6 3 0.108 -0.45
3.6 3.2 0.072 -0.512
3.6 3.4 0.036 -0.578
3.6 3.6 0 -0.648
3.6 3.8 -0.036 -0.722
3.6 4 -0.072 -0.8
3.6 4.2 -0.108 -0.882
3.6 4.4 -0.144 -0.968
3.6 4.6 -0.18 -1.058
3.6 4.8 -0.216 -1.152
3.6 5 -0.252 -1.25
3.8 -5 1.672 -1.25
3.8 -4.8 1.634 -1.152
3.8 -4.6 1.596 -1.058
3.8 -4.4 1.558 -0.968
3.8 -4.2 1.52 -0.882
3.8 -4 1.482 -0.8
3.8 -3.8 1.444 -0.722
3.8 -3.6 1.406 -0.648
3.8 -3.4 1.368 -0.578
3.8 -3.2 1.33 -0.512
3.8 -3 1.292 -0.45
3.8 -2.8 1.254 -0.392
3.8 -2.6 1.216 -0.338
3.8 -2.4 1.178 -0.288
3.8 -2.2 1.14 -0.242
3.8 -2 1.102 -0.2
3.8 -1.8 1.064 -0.162
3.8 -1.6 1.026 -0.128
3.8 -1.4 0.988 -0.098
3.8 -1.2 0.95 -0.072
3.8 -1 0.912 -0.05
3.8 -0.8 0.874 -0.032
3.8 -0.6 0.836 -0.018
3.8 -0.4 0.798 -0.00800001
3.8 -0.2 0.76 -0.00200001
3.8 -2.68221e-07 0.722 -3.59712e-15
3.8 0.2 0.684 -0.00199999
3.8 0.4 0.646 -0.00799999
3.8 0.6 0.608 -0.018
3.8 0.8 0.57 -0.032
3.8 1 0.532 -0.05
3.8 1.2 0.494 -0.072
3.8 1.4 0.456 -0.098
3.8 1.6 0.418 -0.128
3.8 1.8 0.38 -0.162
3.8 2 0.342 -0.2
3.8 2.2 0.304 -0.242
3.8 2.4 0.266 -0.288
3.8 2.6 0.228 -0.338
3.8 2.8 0.19 -0.392
3.8 3 0.152 -0.45
3.8 3.2 0.114 -0.512
3.8 3.4 0.076 -0.578
3.8 3.6 0.038 -0.648
3.8 3.8 0 -0.722
3.8 4 -0.038 -0.8
3.8 4.2 -0.0759999 -0.882
3.8 4.4 -0.114 -0.968
3.8 4.6 -0.152 -1.058
3.8 4.8 -0.19 -1.152
3.8 5 -0.228 -1.25
4 -5 1.8 -1.25
4 -4.8 1.76 -1.152
4 -4.6 1.72 -1.058
4 -4.4 1.68 -0.968
4 -4.2 1.64 -0.882
4 -4 1.6 -0.8
4 -3.8 1.56 -0.722
4 -3.6 1.52 -0.648
4 -3.4 1.48 -0.578
4 -3.2 1.44 -0.512
4 -3 1.4 -0.45
4 -2.8 1.36 -0.392
4 -2.6 1.32 -0.338
4 -2.4 1.28 -0.288
4 -2.2 1.24 -0.242
4 -2 1.2 -0.2
4 -1.8 1.16 -0.162
4 -1.6 1.12 -0.128
4 -1.4 1.08 -0.098
4 -1.2 1.04 -0.072
4 -1 1 -0.05
4 -0.8 0.96 -0.032
4 -0.6 0.92 -0.018
4 -0.4 0.88 -0.00800001
4 -0.2 0.84 -0.00200001
4 -2.68221e-07 0.8 -3.59712e-15
4 0.2 0.76 -0.00199999
4 0.4 0.72 -0.00799999
4 0.6 0.68 -0.018
4 0.8 0.64 -0.032
4 1 0.6 -0.05
4 1.2 0.56 -0.072
4 1.4 0.52 -0.098
4 1.6 0.48 -0.128
4 1.8 0.44 -0.162
4 2 0.4 -0.2
4 2.2 0.36 -0.242
4 2.4 0.32 -0.288
4 2.6 0.28 -0.338
4 2.8 0.24 -0.392
4 3 0.2 -0.45
4 3.2 0.16 -0.512
4 3.4 0.12 -0.578
4 3.6 0.08 -0.648
4 3.8 0.04 -0.722
4 4 0 -0.8
4 4.2 -0.04 -0.882
4 4.4 -0.0799999 -0.968
4 4.6 -0.12 -1.058
4 4.8 -0.16 -1.152
4 5 -0.2 -1.25
4.2 -5 1.932 -1.25
4.2 -4.8 1.89 -1.152
4.2 -4.6 1.848 -1.058
4.2 -4.4 1.806 -0.968
4.2 -4.2 1.764 -0.882
4.2 -4 1.722 -0.8
4.2 -3.8 1.68 -0.722
4.2 -3.6 1.638 -0.648
4.2 -3.4 1.596 -0.578
4.2 -3.2 1.554 -0.512
4.2 -3 1.512 -0.45
4.2 -2.8 1.47 -0.392
4.2 -2.6 1.428 -0.338
4.2 -2.4 1.386 -0.288
4.2 -2.2 1.344 -0.242
4.2 -2 1.302 -0.2
4.2 -1.8 1.26 -0.162
4.2 -1.6 1.218 -0.128
4.2 -1.4 1.176 -0.098
4.2 -1.2 1.134 -0.072
4.2 -1 1.092 -0.05
4.2 -0.8 1.05 -0.032
4.2 -0.6 1.008 -0.018
4.2 -0.4 0.966 -0.00800001
4.2 -0.2 0.924 -0.00200001
4.2 -2.68221e-07 0.882 -3.59712e-15
4.2 0.2 0.84 -0.00199999
4.2 0.4 0.798 -0.00799999
4.2 0.6 0.756 -0.018
4.2 0.8 0.714 -0.032
4.2 1 0.672 -0.05
4.2 1.2 0.63 -0.072
4.2 1.4 0.588 -0.098
4.2 1.6 0.546 -0.128
4.2 1.8 0.504 -0.162
4.2 2 0.462 -0.2
4.2 2.2 0.42 -0.242
4.2 2.4 0.378 -0.288
4.2 2.6 0.336 -0.338
4.2 2.8 0.294 -0.392
4.2 3 0.252 -0.45
4.2 3.2 0.21 -0.512
4.2 3.4 0.168 -0.578
4.2 3.6 0.126 -0.648
4.2 3.8 0.0839999 -0.722
4.2 4 0.042 -0.8
4.2 4.2 0 -0.882
4.2 4.4 -0.042 -0.968
4.2 4.6 -0.0839999 -1.058
4.2 4.8 -0.126 -1.152
4.2 5 -0.168 -1.25
4.4 -5 2.068 -1.25
4.4 -4.8 2.024 -1.152
4.4 -4.6 1.98 -1.058
4.4 -4.4 1.936 -0.968
4.4 -4.2 1.892 -0.882
4.4 -4 1.848 -0.8
4.4 -3.8 1.804 -0.722
4.4 -3.6 1.76 -0.648
4.4 -3.4 1.716 -0.578
4.4 -3.2 1.672 -0.512
4.4 -3 1.628 -0.45
4.4 -2.8 1.584 -0.392
4.4 -2.6 1.54 -0.338
4.4 -2.4 1.496 -0.288
4.4 -2.2 1.452 -0.242
4.4 -2 1.408 -0.2
4.4 -1.8 1.364 -0.162
4.4 -1.6 1.32 -0.128
4.4 -1.4 1.276 -0.098
4.4 -1.2 1.232 -0.072
4.4 -1 1.188 -0.05
4.4 -0.8 1.144 -0.032
4.4 -0.6 1.1 -0.018
4.4 -0.4 1.056 -0.00800001
4.4 -0.2 1.012 -0.00200001
4.4 -2.68221e-07 0.968 -3.59712e-15
4.4 0.2 0.924 -0.00199999
4.4 0.4 0.88 -0.00799999
4.4 0.6 0.836 -0.018
4.4 0.8 0.792 -0.032
4.4 1 0.748 -0.05
4.4 1.2 0.704 -0.072
4.4 1.4 0.66 -0.098
4.4 1.6 0.616 -0.128
4.4 1.8 0.572 -0.162
4.4 2 0.528 -0.2
4.4 2.2 0.484 -0.242
4.4 2.4 0.44 -0.288
4.4 2.6 0.396 -0.338
4.4 2.8 0.352 -0.392
4.4 3 0.308 -0.45
4.4 3.2 0.264 -0.512
4.4 3.4 0.22 -0.578
4.4 3.6 0.176 -0.648
4.4 3.8 0.132 -0.722
4.4 4 0.0879999 -0.8
4.4 4.2 0.044 -0.882
4.4 4.4 0 -0.968
4.4 4.6 -0.044 -1.058
4.4 4.8 -0.0879999 -1.152
4.4 5 -0.132 -1.25
4.6 -5 2.208 -1.25
4.6 -4.8 2.162 -1.152
4.6 -4.6 2.116 -1.058
4.6 -4.4 2.07 -0.968
4.6 -4.2 2.024 -0.882
4.6 -4 1.978 -0.8
4.6 -3.8 1.932 -0.722
4.6 -3.6 1.886 -0.648
4.6 -3.4 1.84 -0.578
4.6 -3.2 1.794 -0.512
4.6 -3 1.748 -0.45
4.6 -2.8 1.702 -0.392
4.6 -2.6 1.656 -0.338
4.6 -2.4 1.61 -0.288
4.6 -2.2 1.564 -0.242
4.6 -2 1.518 -0.2
4.6 -1.8 1.472 -0.162
4.6 -1.6 1.426 -0.128
4.6 -1.4 1.38 -0.098
4.6 -1.2 1.334 -0.072
4.6 -1 1.288 -0.05
4.6 -0.8 1.242 -0.032
4.6 -0.6 1.196 -0.018
4.6 -0.4 1.15 -0.00800001
4.6 -0.2 1.104 -0.00200001
4.6 -2.68221e-07 1.058 -3.59712e-15
4.6 0.2 1.012 -0.00199999
4.6 0.4 0.966 -0.00799999
4.6 0.6 0.92 -0.018
4.6 0.8 0.874 -0.032
4.6 1 0.828 -0.05
4.6 1.2 0.782 -0.072
4.6 1.4 0.736 -0.098
4.6 1.6 0.69 -0.128
4.6 1.8 0.644 -0.162
4.6 2 0.598 -0.2
4.6 2.2 0.552 -0.242
4.6 2.4 0.506 -0.288
4.6 2.6 0.46 -0.338
4.6 2.8 0.414 -0.392
4.6 3 0.368 -0.45
4.6 3.2 0.322 -0.512
4.6 3.4 0.276 -0.578
4.6 3.6 0.23 -0.648
4.6 3.8 0.184 -0.722
4.6 4 0.138 -0.8
4.6 4.2 0.0919999 -0.882
4.6 4.4 0.046 -0.968
4.6 4.6 0 -1.058
4.6 4.8 -0.046 -1.152
4.6 5 -0.0919999 -1.25
4.8 -5 2.352 -1.25
4.8 -4.8 2.304 -1.152
4.8 -4.6 2.256 -1.058
4.8 -4.4 2.208 -0.968
4.8 -4.2 2.16 -0.882
4.8 -4 2.112 -0.8
4.8 -3.8 2.064 -0.722
4.8 -3.6 2.016 -0.648
4.8 -3.4 1.968 -0.578
4.8 -3.2 1.92 -0.512
4.8 -3 1.872 -0.45
4.8 -2.8 1.824 -0.392
4.8 -2.6 1.776 -0.338
4.8 -2.4 1.728 -0.288
4.8 -2.2 1.68 -0.242
4.8 -2 1.632 -0.2
4.8 -1.8 1.584 -0.162
4.8 -1.6 1.536 -0.128
4.8 -1.4 1.488 -0.098
4.8 -1.2 1.44 -0.072
4.8 -1 1.392 -0.05
4.8 -0.8 1.344 -0.032
4.8 -0.6 1.296 -0.018
4.8 -0.4 1.248 -0.00800001
4.8 -0.2 1.2 -0.00200001
4.8 -2.68221e-07 1.152 -3.59712e-15
4.8 0.2 1.104 -0.00199999
4.8 0.4 1.056 -0.00799999
4.8 0.6 1.008 -0.018
4.8 0.8 0.96 -0.032
4.8 1 0.912 -0.05
4.8 1.2 0.864 -0.072
4.8 1.4 0.816 -0.098
4.8 1.6 0.768 -0.128
4.8 1.8 0.72 -0.162
4.8 2 0.672 -0.2
4.8 2.2 0.624 -0.242
4.8 2.4 0.576 -0.288
4.8 2.6 0.528 -0.338
4.8 2.8 0.48 -0.392
4.8 3 0.432 -0.45
4.8 3.2 0.384 -0.512
4.8 3.4 0.336 -0.578
4.8 3.6 0.288 -0.648
4.8 3.8 0.24 -0.722
4.8 4 0.192 -0.8
4.8 4.2 0.144 -0.882
4.8 4.4 0.0959999 -0.968
4.8 4.6 0.0479999 -1.058
4.8 4.8 0 -1.152
4.8 5 -0.0479999 -1.25
5 -5 2.5 -1.25
5 -4.8 2.45 -1.152
5 -4.6 2.4 -1.058
5 -4.4 2.35 -0.968
5 -4.2 2.3 -0.882
5 -4 2.25 -0.8
5 -3.8 2.2 -0.722
5 -3.6 2.15 -0.648
5 -3.4 2.1 -0.578
5 -3.2 2.05 -0.512
5 -3 2 -0.45
5 -2.8 1.95 -0.392
5 -2.6 1.9 -0.338
5 -2.4 1.85 -0.288
5 -2.2 1.8 -0.242
5 -2 1.75 -0.2
5 -1.8 1.7 -0.162
5 -1.6 1.65 -0.128
5 -1.4 1.6 -0.098
5 -1.2 1.55 -0.072
5 -1 1.5 -0.05
5 -0.8 1.45 -0.032
5 -0.6 1.4 -0.018
5 -0.4 1.35 -0.00800001
5 -0.2 1.3 -0.00200001
5 -2.68221e-07 1.25 -3.59712e-15
5 0.2 1.2 -0.00199999
5 0.4 1.15 -0.00799999
5 0.6 1.1 -0.018
5 0.8 1.05 -0.032
5 1 1 -0.05
5 1.2 0.95 -0.072
5 1.4 0.9 -0.098
5 1.6 0.85 -0.128
5 1.8 0.8 -0.162
5 2 0.75 -0.2
5 2.2 0.7 -0.242
5 2.4 0.65 -0.288
5 2.6 0.6 -0.338
5 2.8 0.55 -0.392
5 3 0.5 -0.45
5 3.2 0.45 -0.512
5 3.4 0.4 -0.578
5 3.6 0.35 -0.648
5 3.8 0.3 -0.722
5 4 0.25 -0.8
5 4.2 0.2 -0.882
5 4.4 0.15 -0.968
5 4.6 0.0999999 -1.058
5 4.8 0.0499999 -1.152
5 5 0 -1.25
