-5 -5 -5.25 4
-5 -4.8 -4.5296 4.09
-5 -4.6 -3.8668 4.18
-5 -4.4 -3.2592 4.27
-5 -4.2 -2.7044 4.36
-5 -4 -2.2 4.45
-5 -3.8 -1.7436 4.54
-5 -3.6 -1.3328 4.63
-5 -3.4 -0.965201 4.72
-5 -3.2 -0.638401 4.81
-5 -3 -0.350001 4.9
-5 -2.8 -0.0976008 4.99
-5 -2.6 0.121199 5.08
-5 -2.4 0.3088 5.17
-5 -2.2 0.4676 5.26
-5 -2 0.6 5.35
-5 -1.8 0.7084 5.44
-5 -1.6 0.7952 5.53
-5 -1.4 0.8628 5.62
-5 -1.2 0.9136 5.71
-5 -1 0.95 5.8
-5 -0.8 0.9744 5.89
-5 -0.6 0.9892 5.98
-5 -0.4 0.9968 6.07
-5 -0.2 0.9996 6.16
-5 -2.68221e-07 1 6.25
-5 0.2 1.0004 6.34
-5 0.4 1.0032 6.43
-5 0.6 1.0108 6.52
-5 0.8 1.0256 6.61
-5 1 1.05 6.7
-5 1.2 1.0864 6.79
-5 1.4 1.1372 6.88
-5 1.6 1.2048 6.97
-5 1.8 1.2916 7.06
-5 2 1.4 7.15
-5 2.2 1.5324 7.24
-5 2.4 1.6912 7.33
-5 2.6 1.8788 7.42
-5 2.8 2.0976 7.51
-5 3 2.35 7.6
-5 3.2 2.6384 7.69
-5 3.4 2.9652 7.78
-5 3.6 3.3328 7.87
-5 3.8 3.7436 7.96
-5 4 4.2 8.05
-5 4.2 4.7044 8.14
-5 4.4 5.2592 8.23
-5 4.6 5.8668 8.32
-5 4.8 6.5296 8.41
-5 5 7.25 8.5
-4.8 -5 -5.338 3.3796
-4.8 -4.8 -4.6176 3.4656
-4.8 -4.6 -3.9548 3.5516
-4.8 -4.4 -3.3472 3.6376
-4.8 -4.2 -2.7924 3.7236
-4.8 -4 -2.288 3.8096
-4.8 -3.8 -1.8316 3.8956
-4.8 -3.6 -1.4208 3.9816
-4.8 -3.4 -1.0532 4.0676
-4.8 -3.2 -0.726401 4.1536
-4.8 -3 -0.438001 4.2396
-4.8 -2.8 -0.185601 4.3256
-4.8 -2.6 0.0331995 4.4116
-4.8 -2.4 0.2208 4.4976
-4.8 -2.2 0.3796 4.5836
-4.8 -2 0.512 4.6696
-4.8 -1.8 0.6204 4.7556
-4.8 -1.6 0.7072 4.8416
-4.8 -1.4 0.7748 4.9276
-4.8 -1.2 0.8256 5.0136
-4.8 -1 0.862 5.0996
-4.8 -0.8 0.8864 5.1856
-4.8 -0.6 0.9012 5.2716
-4.8 -0.4 0.9088 5.3576
-4.8 -0.2 0.9116 5.4436
-4.8 -2.68221e-07 0.912 5.5296
-4.8 0.2 0.9124 5.6156
-4.8 0.4 0.9152 5.7016
-4.8 0.6 0.9228 5.7876
-4.8 0.8 0.9376 5.8736
-4.8 1 0.962 5.9596
-4.8 1.2 0.9984 6.0456
-4.8 1.4 1.0492 6.1316
-4.8 1.6 1.1168 6.2176
-4.8 1.8 1.2036 6.3036
-4.8 2 1.312 6.3896
-4.8 2.2 1.4444 6.4756
-4.8 2.4 1.6032 6.5616
-4.8 2.6 1.7908 6.6476
-4.8 2.8 2.0096 6.7336
-4.8 3 2.262 6.8196
-4.8 3.2 2.5504 6.9056
-4.8 3.4 2.8772 6.9916
-4.8 3.6 3.2448 7.0776
-4.8 3.8 3.6556 7.1636
-4.8 4 4.112 7.2496
-4.8 4.2 4.6164 7.3356
-4.8 4.4 5.1712 7.4216
-4.8 4.6 5.7788 7.5076
-4.8 4.8 6.4416 7.5936
-4.8 5 7.162 7.6796
-4.6 -5 -5.422 2.8168
-4.6 -4.8 -4.7016 2.8988
-4.6 -4.6 -4.0388 2.9808
-4.6 -4.4 -3.4312 3.0628
-4.6 -4.2 -2.8764 3.1448
-4.6 -4 -2.372 3.2268
-4.6 -3.8 -1.9156 3.3088
-4.6 -3.6 -1.5048 3.3908
-4.6 -3.4 -1.1372 3.4728
-4.6 -3.2 -0.810401 3.5548
-4.6 -3 -0.522001 3.6368
-4.6 -2.8 -0.269601 3.7188
-4.6 -2.6 -0.0508005 3.8008
-4.6 -2.4 0.1368 3.8828
-4.6 -2.2 0.2956 3.9648
-4.6 -2 0.428 4.0468
-4.6 -1.8 0.5364 4.1288
-4.6 -1.6 0.6232 4.2108
-4.6 -1.4 0.6908 4.2928
-4.6 -1.2 0.7416 4.3748
-4.6 -1 0.778 4.4568
-4.6 -0.8 0.8024 4.5388
-4.6 -0.6 0.8172 4.6208
-4.6 -0.4 0.8248 4.7028
-4.6 -0.2 0.8276 4.7848
-4.6 -2.68221e-07 0.828 4.8668
-4.6 0.2 0.8284 4.9488
-4.6 0.4 0.8312 5.0308
-4.6 0.6 0.8388 5.1128
-4.6 0.8 0.8536 5.1948
-4.6 1 0.878 5.2768
-4.6 1.2 0.9144 5.3588
-4.6 1.4 0.9652 5.4408
-4.6 1.6 1.0328 5.5228
-4.6 1.8 1.1196 5.6048
-4.6 2 1.228 5.6868
-4.6 2.2 1.3604 5.7688
-4.6 2.4 1.5192 5.8508
-4.6 2.6 1.7068 5.9328
-4.6 2.8 1.9256 6.0148
-4.6 3 2.178 6.0968
-4.6 3.2 2.4664 6.1788
-4.6 3.4 2.7932 6.2608
-4.6 3.6 3.1608 6.3428
-4.6 3.8 3.5716 6.4248
-4.6 4 4.028 6.5068
-4.6 4.2 4.5324 6.5888
-4.6 4.4 5.0872 6.6708
-4.6 4.6 5.6948 6.7528
-4.6 4.8 6.3576 6.8348
-4.6 5 7.078 6.9168
-4.4 -5 -5.502 2.3092
-4.4 -4.8 -4.7816 2.3872
-4.4 -4.6 -4.1188 2.4652
-4.4 -4.4 -3.5112 2.5432
-4.4 -4.2 -2.9564 2.6212
-4.4 -4 -2.452 2.6992
-4.4 -3.8 -1.9956 2.7772
-4.4 -3.6 -1.5848 2.8552
-4.4 -3.4 -1.2172 2.9332
-4.4 -3.2 -0.890401 3.0112
-4.4 -3 -0.602001 3.0892
-4.4 -2.8 -0.349601 3.1672
-4.4 -2.6 -0.1308 3.2452
-4.4 -2.4 0.0567997 3.3232
-4.4 -2.2 0.2156 3.4012
-4.4 -2 0.348 3.4792
-4.4 -1.8 0.4564 3.5572
-4.4 -1.6 0.5432 3.6352
-4.4 -1.4 0.6108 3.7132
-4.4 -1.2 0.6616 3.7912
-4.4 -1 0.698 3.8692
-4.4 -0.8 0.7224 3.9472
-4.4 -0.6 0.7372 4.0252
-4.4 -0.4 0.7448 4.1032
-4.4 -0.2 0.7476 4.1812
-4.4 -2.68221e-07 0.748 4.2592
-4.4 0.2 0.7484 4.3372
-4.4 0.4 0.7512 4.4152
-4.4 0.6 0.7588 4.4932
-4.4 0.8 0.7736 4.5712
-4.4 1 0.798 4.6492
-4.4 1.2 0.8344 4.7272
-4.4 1.4 0.8852 4.8052
-4.4 1.6 0.9528 4.8832
-4.4 1.8 1.0396 4.9612
-4.4 2 1.148 5.0392
-4.4 2.2 1.2804 5.1172
-4.4 2.4 1.4392 5.1952
-4.4 2.6 1.6268 5.2732
-4.4 2.8 1.8456 5.3512
-4.4 3 2.098 5.4292
-4.4 3.2 2.3864 5.5072
-4.4 3.4 2.7132 5.5852
-4.4 3.6 3.0808 5.6632
-4.4 3.8 3.4916 5.7412
-4.4 4 3.948 5.8192
-4.4 4.2 4.4524 5.8972
-4.4 4.4 5.0072 5.9752
-4.4 4.6 5.6148 6.0532
-4.4 4.8 6.2776 6.1312
-4.4 5 6.998 6.2092
-4.2 -5 -5.578 1.8544
-4.2 -4.8 -4.8576 1.9284
-4.2 -4.6 -4.1948 2.0024
-4.2 -4.4 -3.5872 2.0764
-4.2 -4.2 -3.0324 2.1504
-4.2 -4 -2.528 2.2244
-4.2 -3.8 -2.0716 2.2984
-4.2 -3.6 -1.6608 2.3724
-4.2 -3.4 -1.2932 2.4464
-4.2 -3.2 -0.966401 2.5204
-4.2 -3 -0.678001 2.5944
-4.2 -2.8 -0.4256 2.6684
-4.2 -2.6 -0.2068 2.7424
-4.2 -2.4 -0.0192002 2.8164
-4.2 -2.2 0.1396 2.8904
-4.2 -2 0.272 2.9644
-4.2 -1.8 0.3804 3.0384
-4.2 -1.6 0.4672 3.1124
-4.2 -1.4 0.5348 3.1864
-4.2 -1.2 0.5856 3.2604
-4.2 -1 0.622 3.3344
-4.2 -0.8 0.6464 3.4084
-4.2 -0.6 0.6612 3.4824
-4.2 -0.4 0.6688 3.5564
-4.2 -0.2 0.6716 3.6304
-4.2 -2.68221e-07 0.672 3.7044
-4.2 0.2 0.6724 3.7784
-4.2 0.4 0.6752 3.8524
-4.2 0.6 0.6828 3.9264
-4.2 0.8 0.6976 4.0004
-4.2 1 0.722 4.0744
-4.2 1.2 0.7584 4.1484
-4.2 1.4 0.8092 4.2224
-4.2 1.6 0.8768 4.2964
-4.2 1.8 0.9636 4.3704
-4.2 2 1.072 4.4444
-4.2 2.2 1.2044 4.5184
-4.2 2.4 1.3632 4.5924
-4.2 2.6 1.5508 4.6664
-4.2 2.8 1.7696 4.7404
-4.2 3 2.022 4.8144
-4.2 3.2 2.3104 4.8884
-4.2 3.4 2.6372 4.9624
-4.2 3.6 3.0048 5.0364
-4.2 3.8 3.4156 5.1104
-4.2 4 3.872 5.1844
-4.2 4.2 4.3764 5.2584
-4.2 4.4 4.9312 5.3324
-4.2 4.6 5.5388 5.4064
-4.2 4.8 6.2016 5.4804
-4.2 5 6.922 5.5544
-4 -5 -5.65 1.45
-4 -4.8 -4.9296 1.52
-4 -4.6 -4.2668 1.59
-4 -4.4 -3.6592 1.66
-4 -4.2 -3.1044 1.73
-4 -4 -2.6 1.8
-4 -3.8 -2.1436 1.87
-4 -3.6 -1.7328 1.94
-4 -3.4 -1.3652 2.01
-4 -3.2 -1.0384 2.08
-4 -3 -0.750001 2.15
-4 -2.8 -0.4976 2.22
-4 -2.6 -0.2788 2.29
-4 -2.4 -0.0912002 2.36
-4 -2.2 0.0676 2.43
-4 -2 0.2 2.5
-4 -1.8 0.3084 2.57
-4 -1.6 0.3952 2.64
-4 -1.4 0.4628 2.71
-4 -1.2 0.5136 2.78
-4 -1 0.55 2.85
-4 -0.8 0.5744 2.92
-4 -0.6 0.5892 2.99
-4 -0.4 0.5968 3.06
-4 -0.2 0.5996 3.13
-4 -2.68221e-07 0.6 3.2
-4 0.2 0.6004 3.27
-4 0.4 0.6032 3.34
-4 0.6 0.6108 3.41
-4 0.8 0.6256 3.48
-4 1 0.65 3.55
-4 1.2 0.6864 3.62
-4 1.4 0.7372 3.69
-4 1.6 0.8048 3.76
-4 1.8 0.8916 3.83
-4 2 1 3.9
-4 2.2 1.1324 3.97
-4 2.4 1.2912 4.04
-4 2.6 1.4788 4.11
-4 2.8 1.6976 4.18
-4 3 1.95 4.25
-4 3.2 2.2384 4.32
-4 3.4 2.5652 4.39
-4 3.6 2.9328 4.46
-4 3.8 3.3436 4.53
-4 4 3.8 4.6
-4 4.2 4.3044 4.67
-4 4.4 4.8592 4.74
-4 4.6 5.4668 4.81
-4 4.8 6.1296 4.88
-4 5 6.85 4.95
-3.8 -5 -5.718 1.0936
-3.8 -4.8 -4.9976 1.1596
-3.8 -4.6 -4.3348 1.2256
-3.8 -4.4 -3.7272 1.2916
-3.8 -4.2 -3.1724 1.3576
-3.8 -4 -2.668 1.4236
-3.8 -3.8 -2.2116 1.4896
-3.8 -3.6 -1.8008 1.5556
-3.8 -3.4 -1.4332 1.6216
-3.8 -3.2 -1.1064 1.6876
-3.8 -3 -0.818001 1.7536
-3.8 -2.8 -0.565601 1.8196
-3.8 -2.6 -0.3468 1.8856
-3.8 -2.4 -0.1592 1.9516
-3.8 -2.2 -0.000400082 2.0176
-3.8 -2 0.132 2.0836
-3.8 -1.8 0.2404 2.1496
-3.8 -1.6 0.3272 2.2156
-3.8 -1.4 0.3948 2.2816
-3.8 -1.2 0.4456 2.3476
-3.8 -1 0.482 2.4136
-3.8 -0.8 0.5064 2.4796
-3.8 -0.6 0.5212 2.5456
-3.8 -0.4 0.5288 2.6116
-3.8 -0.2 0.5316 2.6776
-3.8 -2.68221e-07 0.532 2.7436
-3.8 0.2 0.5324 2.8096
-3.8 0.4 0.5352 2.8756
-3.8 0.6 0.5428 2.9416
-3.8 0.8 0.5576 3.0076
-3.8 1 0.582 3.0736
-3.8 1.2 0.6184 3.1396
-3.8 1.4 0.6692 3.2056
-3.8 1.6 0.7368 3.2716
-3.8 1.8 0.8236 3.3376
-3.8 2 0.932 3.4036
-3.8 2.2 1.0644 3.4696
-3.8 2.4 1.2232 3.5356
-3.8 2.6 1.4108 3.6016
-3.8 2.8 1.6296 3.6676
-3.8 3 1.882 3.7336
-3.8 3.2 2.1704 3.7996
-3.8 3.4 2.4972 3.8656
-3.8 3.6 2.8648 3.9316
-3.8 3.8 3.2756 3.9976
-3.8 4 3.732 4.0636
-3.8 4.2 4.2364 4.1296
-3.8 4.4 4.7912 4.1956
-3.8 4.6 5.3988 4.2616
-3.8 4.8 6.0616 4.3276
-3.8 5 6.782 4.3936
-3.6 -5 -5.782 0.782801
-3.6 -4.8 -5.0616 0.844801
-3.6 -4.6 -4.3988 0.906801
-3.6 -4.4 -3.7912 0.968801
-3.6 -4.2 -3.2364 1.0308
-3.6 -4 -2.732 1.0928
-3.6 -3.8 -2.2756 1.1548
-3.6 -3.6 -1.8648 1.2168
-3.6 -3.4 -1.4972 1.2788
-3.6 -3.2 -1.1704 1.3408
-3.6 -3 -0.882001 1.4028
-3.6 -2.8 -0.629601 1.4648
-3.6 -2.6 -0.4108 1.5268
-3.6 -2.4 -0.2232 1.5888
-3.6 -2.2 -0.0644001 1.6508
-3.6 -2 0.068 1.7128
-3.6 -1.8 0.1764 1.7748
-3.6 -1.6 0.2632 1.8368
-3.6 -1.4 0.3308 1.8988
-3.6 -1.2 0.3816 1.9608
-3.6 -1 0.418 2.0228
-3.6 -0.8 0.4424 2.0848
-3.6 -0.6 0.4572 2.1468
-3.6 -0.4 0.4648 2.2088
-3.6 -0.2 0.4676 2.2708
-3.6 -2.68221e-07 0.468 2.3328
-3.6 0.2 0.4684 2.3948
-3.6 0.4 0.4712 2.4568
-3.6 0.6 0.4788 2.5188
-3.6 0.8 0.4936 2.5808
-3.6 1 0.518 2.6428
-3.6 1.2 0.5544 2.7048
-3.6 1.4 0.6052 2.7668
-3.6 1.6 0.6728 2.8288
-3.6 1.8 0.7596 2.8908
-3.6 2 0.868 2.9528
-3.6 2.2 1.0004 3.0148
-3.6 2.4 1.1592 3.0768
-3.6 2.6 1.3468 3.1388
-3.6 2.8 1.5656 3.2008
-3.6 3 1.818 3.2628
-3.6 3.2 2.1064 3.3248
-3.6 3.4 2.4332 3.3868
-3.6 3.6 2.8008 3.4488
-3.6 3.8 3.2116 3.5108
-3.6 4 3.668 3.5728
-3.6 4.2 4.1724 3.6348
-3.6 4.4 4.7272 3.6968
-3.6 4.6 5.3348 3.7588
-3.6 4.8 5.9976 3.8208
-3.6 5 6.718 3.8828
-3.4 -5 -5.842 0.515201
-3.4 -4.8 -5.1216 0.573201
-3.4 -4.6 -4.4588 0.631201
-3.4 -4.4 -3.8512 0.689201
-3.4 -4.2 -3.2964 0.747201
-3.4 -4 -2.792 0.805201
-3.4 -3.8 -2.3356 0.863201
-3.4 -3.6 -1.9248 0.921201
-3.4 -3.4 -1.5572 0.979201
-3.4 -3.2 -1.2304 1.0372
-3.4 -3 -0.942001 1.0952
-3.4 -2.8 -0.689601 1.1532
-3.4 -2.6 -0.4708 1.2112
-3.4 -2.4 -0.2832 1.2692
-3.4 -2.2 -0.1244 1.3272
-3.4 -2 0.00799995 1.3852
-3.4 -1.8 0.1164 1.4432
-3.4 -1.6 0.2032 1.5012
-3.4 -1.4 0.2708 1.5592
-3.4 -1.2 0.3216 1.6172
-3.4 -1 0.358 1.6752
-3.4 -0.8 0.3824 1.7332
-3.4 -0.6 0.3972 1.7912
-3.4 -0.4 0.4048 1.8492
-3.4 -0.2 0.4076 1.9072
-3.4 -2.68221e-07 0.408 1.9652
-3.4 0.2 0.4084 2.0232
-3.4 0.4 0.4112 2.0812
-3.4 0.6 0.4188 2.1392
-3.4 0.8 0.4336 2.1972
-3.4 1 0.458 2.2552
-3.4 1.2 0.4944 2.3132
-3.4 1.4 0.5452 2.3712
-3.4 1.6 0.6128 2.4292
-3.4 1.8 0.6996 2.4872
-3.4 2 0.808 2.5452
-3.4 2.2 0.9404 2.6032
-3.4 2.4 1.0992 2.6612
-3.4 2.6 1.2868 2.7192
-3.4 2.8 1.5056 2.7772
-3.4 3 1.758 2.8352
-3.4 3.2 2.0464 2.8932
-3.4 3.4 2.3732 2.9512
-3.4 3.6 2.7408 3.0092
-3.4 3.8 3.1516 3.0672
-3.4 4 3.608 3.1252
-3.4 4.2 4.1124 3.1832
-3.4 4.4 4.6672 3.2412
-3.4 4.6 5.2748 3.2992
-3.4 4.8 5.9376 3.3572
-3.4 5 6.658 3.4152
-3.2 -5 -5.898 0.288401
-3.2 -4.8 -5.1776 0.342401
-3.2 -4.6 -4.5148 0.396401
-3.2 -4.4 -3.9072 0.450401
-3.2 -4.2 -3.3524 0.504401
-3.2 -4 -2.848 0.558401
-3.2 -3.8 -2.3916 0.612401
-3.2 -3.6 -1.9808 0.666401
-3.2 -3.4 -1.6132 0.720401
-3.2 -3.2 -1.2864 0.774401
-3.2 -3 -0.998001 0.828401
-3.2 -2.8 -0.745601 0.882401
-3.2 -2.6 -0.5268 0.936401
-3.2 -2.4 -0.3392 0.990401
-3.2 -2.2 -0.1804 1.0444
-3.2 -2 -0.0480001 1.0984
-3.2 -1.8 0.0604 1.1524
-3.2 -1.6 0.1472 1.2064
-3.2 -1.4 0.2148 1.2604
-3.2 -1.2 0.2656 1.3144
-3.2 -1 0.302 1.3684
-3.2 -0.8 0.3264 1.4224
-3.2 -0.6 0.3412 1.4764
-3.2 -0.4 0.3488 1.5304
-3.2 -0.2 0.3516 1.5844
-3.2 -2.68221e-07 0.352 1.6384
-3.2 0.2 0.3524 1.6924
-3.2 0.4 0.3552 1.7464
-3.2 0.6 0.3628 1.8004
-3.2 0.8 0.3776 1.8544
-3.2 1 0.402 1.9084
-3.2 1.2 0.4384 1.9624
-3.2 1.4 0.4892 2.0164
-3.2 1.6 0.5568 2.0704
-3.2 1.8 0.6436 2.1244
-3.2 2 0.752 2.1784
-3.2 2.2 0.8844 2.2324
-3.2 2.4 1.0432 2.2864
-3.2 2.6 1.2308 2.3404
-3.2 2.8 1.4496 2.3944
-3.2 3 1.702 2.4484
-3.2 3.2 1.9904 2.5024
-3.2 3.4 2.3172 2.5564
-3.2 3.6 2.6848 2.6104
-3.2 3.8 3.0956 2.6644
-3.2 4 3.552 2.7184
-3.2 4.2 4.0564 2.7724
-3.2 4.4 4.6112 2.8264
-3.2 4.6 5.2188 2.8804
-3.2 4.8 5.8816 2.9344
-3.2 5 6.602 2.9884
-3 -5 -5.95 0.100001
-3 -4.8 -5.2296 0.150001
-3 -4.6 -4.5668 0.200001
-3 -4.4 -3.9592 0.250001
-3 -4.2 -3.4044 0.300001
-3 -4 -2.9 0.35
-3 -3.8 -2.4436 0.4
-3 -3.6 -2.0328 0.450001
-3 -3.4 -1.6652 0.500001
-3 -3.2 -1.3384 0.550001
-3 -3 -1.05 0.600001
-3 -2.8 -0.797601 0.650001
-3 -2.6 -0.5788 0.700001
-3 -2.4 -0.3912 0.750001
-3 -2.2 -0.2324 0.800001
-3 -2 -0.1 0.850001
-3 -1.8 0.00839997 0.900001
-3 -1.6 0.0952 0.950001
-3 -1.4 0.1628 1
-3 -1.2 0.2136 1.05
-3 -1 0.25 1.1
-3 -0.8 0.2744 1.15
-3 -0.6 0.2892 1.2
-3 -0.4 0.2968 1.25
-3 -0.2 0.2996 1.3
-3 -2.68221e-07 0.3 1.35
-3 0.2 0.3004 1.4
-3 0.4 0.3032 1.45
-3 0.6 0.3108 1.5
-3 0.8 0.3256 1.55
-3 1 0.35 1.6
-3 1.2 0.3864 1.65
-3 1.4 0.4372 1.7
-3 1.6 0.5048 1.75
-3 1.8 0.5916 1.8
-3 2 0.7 1.85
-3 2.2 0.8324 1.9
-3 2.4 0.9912 1.95
-3 2.6 1.1788 2
-3 2.8 1.3976 2.05
-3 3 1.65 2.1
-3 3.2 1.9384 2.15
-3 3.4 2.2652 2.2
-3 3.6 2.6328 2.25
-3 3.8 3.0436 2.3
-3 4 3.5 2.35
-3 4.2 4.0044 2.4
-3 4.4 4.5592 2.45
-3 4.6 5.1668 2.5
-3 4.8 5.8296 2.55
-3 5 6.55 2.6
-2.8 -5 -5.998 -0.0523996
-2.8 -4.8 -5.2776 -0.00639955
-2.8 -4.6 -4.6148 0.0396004
-2.8 -4.4 -4.0072 0.0856004
-2.8 -4.2 -3.4524 0.1316
-2.8 -4 -2.948 0.1776
-2.8 -3.8 -2.4916 0.2236
-2.8 -3.6 -2.0808 0.2696
-2.8 -3.4 -1.7132 0.3156
-2.8 -3.2 -1.3864 0.3616
-2.8 -3 -1.098 0.4076
-2.8 -2.8 -0.845601 0.4536
-2.8 -2.6 -0.6268 0.4996
-2.8 -2.4 -0.4392 0.545601
-2.8 -2.2 -0.2804 0.591601
-2.8 -2 -0.148 0.637601
-2.8 -1.8 -0.0396001 0.683601
-2.8 -1.6 0.0472 0.729601
-2.8 -1.4 0.1148 0.775601
-2.8 -1.2 0.1656 0.821601
-2.8 -1 0.202 0.867601
-2.8 -0.8 0.2264 0.913601
-2.8 -0.6 0.2412 0.959601
-2.8 -0.4 0.2488 1.0056
-2.8 -0.2 0.2516 1.0516
-2.8 -2.68221e-07 0.252 1.0976
-2.8 0.2 0.2524 1.1436
-2.8 0.4 0.2552 1.1896
-2.8 0.6 0.2628 1.2356
-2.8 0.8 0.2776 1.2816
-2.8 1 0.302 1.3276
-2.8 1.2 0.3384 1.3736
-2.8 1.4 0.3892 1.4196
-2.8 1.6 0.4568 1.4656
-2.8 1.8 0.5436 1.5116
-2.8 2 0.652 1.5576
-2.8 2.2 0.7844 1.6036
-2.8 2.4 0.9432 1.6496
-2.8 2.6 1.1308 1.6956
-2.8 2.8 1.3496 1.7416
-2.8 3 1.602 1.7876
-2.8 3.2 1.8904 1.8336
-2.8 3.4 2.2172 1.8796
-2.8 3.6 2.5848 1.9256
-2.8 3.8 2.9956 1.9716
-2.8 4 3.452 2.0176
-2.8 4.2 3.9564 2.0636
-2.8 4.4 4.5112 2.1096
-2.8 4.6 5.1188 2.1556
-2.8 4.8 5.7816 2.2016
-2.8 5 6.502 2.2476
-2.6 -5 -6.042 -0.1712
-2.6 -4.8 -5.3216 -0.1292
-2.6 -4.6 -4.6588 -0.0871997
-2.6 -4.4 -4.0512 -0.0451998
-2.6 -4.2 -3.4964 -0.00319982
-2.6 -4 -2.992 0.0388001
-2.6 -3.8 -2.5356 0.0808002
-2.6 -3.6 -2.1248 0.1228
-2.6 -3.4 -1.7572 0.1648
-2.6 -3.2 -1.4304 0.2068
-2.6 -3 -1.142 0.2488
-2.6 -2.8 -0.889601 0.2908
-2.6 -2.6 -0.670801 0.3328
-2.6 -2.4 -0.4832 0.3748
-2.6 -2.2 -0.3244 0.4168
-2.6 -2 -0.192 0.4588
-2.6 -1.8 -0.0836001 0.5008
-2.6 -1.6 0.00319998 0.5428
-2.6 -1.4 0.0708 0.5848
-2.6 -1.2 0.1216 0.6268
-2.6 -1 0.158 0.668801
-2.6 -0.8 0.1824 0.710801
-2.6 -0.6 0.1972 0.752801
-2.6 -0.4 0.2048 0.794801
-2.6 -0.2 0.2076 0.836801
-2.6 -2.68221e-07 0.208 0.878801
-2.6 0.2 0.2084 0.920801
-2.6 0.4 0.2112 0.962801
-2.6 0.6 0.2188 1.0048
-2.6 0.8 0.2336 1.0468
-2.6 1 0.258 1.0888
-2.6 1.2 0.2944 1.1308
-2.6 1.4 0.3452 1.1728
-2.6 1.6 0.4128 1.2148
-2.6 1.8 0.4996 1.2568
-2.6 2 0.608 1.2988
-2.6 2.2 0.7404 1.3408
-2.6 2.4 0.8992 1.3828
-2.6 2.6 1.0868 1.4248
-2.6 2.8 1.3056 1.4668
-2.6 3 1.558 1.5088
-2.6 3.2 1.8464 1.5508
-2.6 3.4 2.1732 1.5928
-2.6 3.6 2.5408 1.6348
-2.6 3.8 2.9516 1.6768
-2.6 4 3.408 1.7188
-2.6 4.2 3.9124 1.7608
-2.6 4.4 4.4672 1.8028
-2.6 4.6 5.0748 1.8448
-2.6 4.8 5.7376 1.8868
-2.6 5 6.458 1.9288
-2.4 -5 -6.082 -0.2588
-2.4 -4.8 -5.3616 -0.2208
-2.4 -4.6 -4.6988 -0.1828
-2.4 -4.4 -4.0912 -0.1448
-2.4 -4.2 -3.5364 -0.1068
-2.4 -4 -3.032 -0.0687999
-2.4 -3.8 -2.5756 -0.0307999
-2.4 -3.6 -2.1648 0.00720012
-2.4 -3.4 -1.7972 0.0452002
-2.4 -3.2 -1.4704 0.0832002
-2.4 -3 -1.182 0.1212
-2.4 -2.8 -0.929601 0.1592
-2.4 -2.6 -0.710801 0.1972
-2.4 -2.4 -0.5232 0.2352
-2.4 -2.2 -0.3644 0.2732
-2.4 -2 -0.232 0.3112
-2.4 -1.8 -0.1236 0.3492
-2.4 -1.6 -0.0368 0.3872
-2.4 -1.4 0.0308 0.4252
-2.4 -1.2 0.0816 0.4632
-2.4 -1 0.118 0.5012
-2.4 -0.8 0.1424 0.5392
-2.4 -0.6 0.1572 0.5772
-2.4 -0.4 0.1648 0.6152
-2.4 -0.2 0.1676 0.6532
-2.4 -2.68221e-07 0.168 0.6912
-2.4 0.2 0.1684 0.7292
-2.4 0.4 0.1712 0.7672
-2.4 0.6 0.1788 0.805201
-2.4 0.8 0.1936 0.843201
-2.4 1 0.218 0.8812
-2.4 1.2 0.2544 0.919201
-2.4 1.4 0.3052 0.957201
-2.4 1.6 0.3728 0.995201
-2.4 1.8 0.4596 1.0332
-2.4 2 0.568 1.0712
-2.4 2.2 0.7004 1.1092
-2.4 2.4 0.8592 1.1472
-2.4 2.6 1.0468 1.1852
-2.4 2.8 1.2656 1.2232
-2.4 3 1.518 1.2612
-2.4 3.2 1.8064 1.2992
-2.4 3.4 2.1332 1.3372
-2.4 3.6 2.5008 1.3752
-2.4 3.8 2.9116 1.4132
-2.4 4 3.368 1.4512
-2.4 4.2 3.8724 1.4892
-2.4 4.4 4.4272 1.5272
-2.4 4.6 5.0348 1.5652
-2.4 4.8 5.6976 1.6032
-2.4 5 6.418 1.6412
-2.2 -5 -6.118 -0.3176
-2.2 -4.8 -5.3976 -0.2836
-2.2 -4.6 -4.7348 -0.2496
-2.2 -4.4 -4.1272 -0.2156
-2.2 -4.2 -3.5724 -0.1816
-2.2 -4 -3.068 -0.1476
-2.2 -3.8 -2.6116 -0.1136
-2.2 -3.6 -2.2008 -0.0796
-2.2 -3.4 -1.8332 -0.0455999
-2.2 -3.2 -1.5064 -0.0115999
-2.2 -3 -1.218 0.0224001
-2.2 -2.8 -0.965601 0.0564001
-2.2 -2.6 -0.746801 0.0904002
-2.2 -2.4 -0.5592 0.1244
-2.2 -2.2 -0.4004 0.1584
-2.2 -2 -0.268 0.1924
-2.2 -1.8 -0.1596 0.2264
-2.2 -1.6 -0.0728001 0.2604
-2.2 -1.4 -0.00520001 0.2944
-2.2 -1.2 0.0456 0.3284
-2.2 -1 0.0820001 0.3624
-2.2 -0.8 0.1064 0.3964
-2.2 -0.6 0.1212 0.4304
-2.2 -0.4 0.1288 0.4644
-2.2 -0.2 0.1316 0.4984
-2.2 -2.68221e-07 0.132 0.5324
-2.2 0.2 0.1324 0.5664
-2.2 0.4 0.1352 0.6004
-2.2 0.6 0.1428 0.6344
-2.2 0.8 0.1576 0.6684
-2.2 1 0.182 0.7024
-2.2 1.2 0.2184 0.7364
-2.2 1.4 0.2692 0.7704
-2.2 1.6 0.3368 0.8044
-2.2 1.8 0.4236 0.8384
-2.2 2 0.532 0.8724
-2.2 2.2 0.6644 0.906401
-2.2 2.4 0.8232 0.940401
-2.2 2.6 1.0108 0.974401
-2.2 2.8 1.2296 1.0084
-2.2 3 1.482 1.0424
-2.2 3.2 1.7704 1.0764
-2.2 3.4 2.0972 1.1104
-2.2 3.6 2.4648 1.1444
-2.2 3.8 2.8756 1.1784
-2.2 4 3.332 1.2124
-2.2 4.2 3.8364 1.2464
-2.2 4.4 4.3912 1.2804
-2.2 4.6 4.9988 1.3144
-2.2 4.8 5.6616 1.3484
-2.2 5 6.382 1.3824
-2 -5 -6.15 -0.35
-2 -4.8 -5.4296 -0.32
-2 -4.6 -4.7668 -0.29
-2 -4.4 -4.1592 -0.26
-2 -4.2 -3.6044 -0.23
-2 -4 -3.1 -0.2
-2 -3.8 -2.6436 -0.17
-2 -3.6 -2.2328 -0.14
-2 -3.4 -1.8652 -0.11
-2 -3.2 -1.5384 -0.08
-2 -3 -1.25 -0.05
-2 -2.8 -0.997601 -0.02
-2 -2.6 -0.778801 0.0100001
-2 -2.4 -0.5912 0.0400001
-2 -2.2 -0.4324 0.0700001
-2 -2 -0.3 0.1
-2 -1.8 -0.1916 0.13
-2 -1.6 -0.1048 0.16
-2 -1.4 -0.0372 0.19
-2 -1.2 0.0136 0.22
-2 -1 0.05 0.25
-2 -0.8 0.0744001 0.28
-2 -0.6 0.0892001 0.31
-2 -0.4 0.0968001 0.34
-2 -0.2 0.0996001 0.37
-2 -2.68221e-07 0.1 0.4
-2 0.2 0.1004 0.43
-2 0.4 0.1032 0.46
-2 0.6 0.1108 0.49
-2 0.8 0.1256 0.52
-2 1 0.15 0.55
-2 1.2 0.1864 0.58
-2 1.4 0.2372 0.61
-2 1.6 0.3048 0.64
-2 1.8 0.3916 0.67
-2 2 0.5 0.7
-2 2.2 0.6324 0.73
-2 2.4 0.7912 0.76
-2 2.6 0.9788 0.79
-2 2.8 1.1976 0.82
-2 3 1.45 0.850001
-2 3.2 1.7384 0.88
-2 3.4 2.0652 0.91
-2 3.6 2.4328 0.940001
-2 3.8 2.8436 0.970001
-2 4 3.3 1
-2 4.2 3.8044 1.03
-2 4.4 4.3592 1.06
-2 4.6 4.9668 1.09
-2 4.8 5.6296 1.12
-2 5 6.35 1.15
-1.8 -5 -6.178 -0.3584
-1.8 -4.8 -5.4576 -0.3324
-1.8 -4.6 -4.7948 -0.3064
-1.8 -4.4 -4.1872 -0.2804
-1.8 -4.2 -3.6324 -0.2544
-1.8 -4 -3.128 -0.2284
-1.8 -3.8 -2.6716 -0.2024
-1.8 -3.6 -2.2608 -0.1764
-1.8 -3.4 -1.8932 -0.1504
-1.8 -3.2 -1.5664 -0.1244
-1.8 -3 -1.278 -0.0984
-1.8 -2.8 -1.0256 -0.0724
-1.8 -2.6 -0.806801 -0.0464
-1.8 -2.4 -0.6192 -0.0204
-1.8 -2.2 -0.4604 0.00560004
-1.8 -2 -0.328 0.0316001
-1.8 -1.8 -0.2196 0.0576001
-1.8 -1.6 -0.1328 0.0836001
-1.8 -1.4 -0.0652 0.1096
-1.8 -1.2 -0.0144 0.1356
-1.8 -1 0.022 0.1616
-1.8 -0.8 0.0464 0.1876
-1.8 -0.6 0.0612 0.2136
-1.8 -0.4 0.0688001 0.2396
-1.8 -0.2 0.0716001 0.2656
-1.8 -2.68221e-07 0.0720001 0.2916
-1.8 0.2 0.0724001 0.3176
-1.8 0.4 0.0752001 0.3436
-1.8 0.6 0.0828 0.3696
-1.8 0.8 0.0976 0.3956
-1.8 1 0.122 0.4216
-1.8 1.2 0.1584 0.4476
-1.8 1.4 0.2092 0.4736
-1.8 1.6 0.2768 0.4996
-1.8 1.8 0.3636 0.5256
-1.8 2 0.472 0.5516
-1.8 2.2 0.6044 0.5776
-1.8 2.4 0.7632 0.6036
-1.8 2.6 0.9508 0.6296
-1.8 2.8 1.1696 0.6556
-1.8 3 1.422 0.6816
-1.8 3.2 1.7104 0.7076
-1.8 3.4 2.0372 0.7336
-1.8 3.6 2.4048 0.7596
-1.8 3.8 2.8156 0.7856
-1.8 4 3.272 0.8116
-1.8 4.2 3.7764 0.8376
-1.8 4.4 4.3312 0.8636
-1.8 4.6 4.9388 0.8896
-1.8 4.8 5.6016 0.9156
-1.8 5 6.322 0.9416
-1.6 -5 -6.202 -0.3452
-1.6 -4.8 -5.4816 -0.3232
-1.6 -4.6 -4.8188 -0.3012
-1.6 -4.4 -4.2112 -0.2792
-1.6 -4.2 -3.6564 -0.2572
-1.6 -4 -3.152 -0.2352
-1.6 -3.8 -2.6956 -0.2132
-1.6 -3.6 -2.2848 -0.1912
-1.6 -3.4 -1.9172 -0.1692
-1.6 -3.2 -1.5904 -0.1472
-1.6 -3 -1.302 -0.1252
-1.6 -2.8 -1.0496 -0.1032
-1.6 -2.6 -0.830801 -0.0812
-1.6 -2.4 -0.6432 -0.0592
-1.6 -2.2 -0.4844 -0.0372
-1.6 -2 -0.352 -0.0152
-1.6 -1.8 -0.2436 0.00680004
-1.6 -1.6 -0.1568 0.0288001
-1.6 -1.4 -0.0892001 0.0508001
-1.6 -1.2 -0.0384 0.0728001
-1.6 -1 -0.00199999 0.0948001
-1.6 -0.8 0.0224 0.1168
-1.6 -0.6 0.0372 0.1388
-1.6 -0.4 0.0448 0.1608
-1.6 -0.2 0.0476 0.1828
-1.6 -2.68221e-07 0.048 0.2048
-1.6 0.2 0.0484 0.2268
-1.6 0.4 0.0512 0.2488
-1.6 0.6 0.0588 0.2708
-1.6 0.8 0.0736 0.2928
-1.6 1 0.098 0.3148
-1.6 1.2 0.1344 0.3368
-1.6 1.4 0.1852 0.3588
-1.6 1.6 0.2528 0.3808
-1.6 1.8 0.3396 0.4028
-1.6 2 0.448 0.4248
-1.6 2.2 0.5804 0.4468
-1.6 2.4 0.7392 0.4688
-1.6 2.6 0.9268 0.4908
-1.6 2.8 1.1456 0.5128
-1.6 3 1.398 0.5348
-1.6 3.2 1.6864 0.5568
-1.6 3.4 2.0132 0.5788
-1.6 3.6 2.3808 0.6008
-1.6 3.8 2.7916 0.6228
-1.6 4 3.248 0.6448
-1.6 4.2 3.7524 0.6668
-1.6 4.4 4.3072 0.6888
-1.6 4.6 4.9148 0.7108
-1.6 4.8 5.5776 0.7328
-1.6 5 6.298 0.7548
-1.4 -5 -6.222 -0.3128
-1.4 -4.8 -5.5016 -0.2948
-1.4 -4.6 -4.8388 -0.2768
-1.4 -4.4 -4.2312 -0.2588
-1.4 -4.2 -3.6764 -0.2408
-1.4 -4 -3.172 -0.2228
-1.4 -3.8 -2.7156 -0.2048
-1.4 -3.6 -2.3048 -0.1868
-1.4 -3.4 -1.9372 -0.1688
-1.4 -3.2 -1.6104 -0.1508
-1.4 -3 -1.322 -0.1328
-1.4 -2.8 -1.0696 -0.1148
-1.4 -2.6 -0.850801 -0.0968001
-1.4 -2.4 -0.6632 -0.0788
-1.4 -2.2 -0.5044 -0.0608
-1.4 -2 -0.372 -0.0428
-1.4 -1.8 -0.2636 -0.0248
-1.4 -1.6 -0.1768 -0.00679998
-1.4 -1.4 -0.1092 0.0112
-1.4 -1.2 -0.0584 0.0292
-1.4 -1 -0.022 0.0472
-1.4 -0.8 0.00240001 0.0652001
-1.4 -0.6 0.0172 0.0832001
-1.4 -0.4 0.0248 0.1012
-1.4 -0.2 0.0276 0.1192
-1.4 -2.68221e-07 0.028 0.1372
-1.4 0.2 0.0284 0.1552
-1.4 0.4 0.0312 0.1732
-1.4 0.6 0.0388 0.1912
-1.4 0.8 0.0536 0.2092
-1.4 1 0.078 0.2272
-1.4 1.2 0.1144 0.2452
-1.4 1.4 0.1652 0.2632
-1.4 1.6 0.2328 0.2812
-1.4 1.8 0.3196 0.2992
-1.4 2 0.428 0.3172
-1.4 2.2 0.5604 0.3352
-1.4 2.4 0.7192 0.3532
-1.4 2.6 0.9068 0.3712
-1.4 2.8 1.1256 0.3892
-1.4 3 1.378 0.4072
-1.4 3.2 1.6664 0.4252
-1.4 3.4 1.9932 0.4432
-1.4 3.6 2.3608 0.4612
-1.4 3.8 2.7716 0.4792
-1.4 4 3.228 0.4972
-1.4 4.2 3.7324 0.5152
-1.4 4.4 4.2872 0.5332
-1.4 4.6 4.8948 0.5512
-1.4 4.8 5.5576 0.5692
-1.4 5 6.278 0.5872
-1.2 -5 -6.238 -0.2636
-1.2 -4.8 -5.5176 -0.2496
-1.2 -4.6 -4.8548 -0.2356
-1.2 -4.4 -4.2472 -0.2216
-1.2 -4.2 -3.6924 -0.2076
-1.2 -4 -3.188 -0.1936
-1.2 -3.8 -2.7316 -0.1796
-1.2 -3.6 -2.3208 -0.1656
-1.2 -3.4 -1.9532 -0.1516
-1.2 -3.2 -1.6264 -0.1376
-1.2 -3 -1.338 -0.1236
-1.2 -2.8 -1.0856 -0.1096
-1.2 -2.6 -0.866801 -0.0956001
-1.2 -2.4 -0.6792 -0.0816
-1.2 -2.2 -0.5204 -0.0676
-1.2 -2 -0.388 -0.0536
-1.2 -1.8 -0.2796 -0.0396
-1.2 -1.6 -0.1928 -0.0256
-1.2 -1.4 -0.1252 -0.0116
-1.2 -1.2 -0.0744 0.00240001
-1.2 -1 -0.038 0.0164
-1.2 -0.8 -0.0136 0.0304
-1.2 -0.6 0.00120001 0.0444
-1.2 -0.4 0.00880001 0.0584
-1.2 -0.2 0.0116 0.0724
-1.2 -2.68221e-07 0.012 0.0864
-1.2 0.2 0.0124 0.1004
-1.2 0.4 0.0152 0.1144
-1.2 0.6 0.0228 0.1284
-1.2 0.8 0.0376 0.1424
-1.2 1 0.062 0.1564
-1.2 1.2 0.0984 0.1704
-1.2 1.4 0.1492 0.1844
-1.2 1.6 0.2168 0.1984
-1.2 1.8 0.3036 0.2124
-1.2 2 0.412 0.2264
-1.2 2.2 0.5444 0.2404
-1.2 2.4 0.7032 0.2544
-1.2 2.6 0.8908 0.2684
-1.2 2.8 1.1096 0.2824
-1.2 3 1.362 0.2964
-1.2 3.2 1.6504 0.3104
-1.2 3.4 1.9772 0.3244
-1.2 3.6 2.3448 0.3384
-1.2 3.8 2.7556 0.3524
-1.2 4 3.212 0.3664
-1.2 4.2 3.7164 0.3804
-1.2 4.4 4.2712 0.3944
-1.2 4.6 4.8788 0.4084
-1.2 4.8 5.5416 0.4224
-1.2 5 6.262 0.4364
-1 -5 -6.25 -0.2
-1 -4.8 -5.5296 -0.19
-1 -4.6 -4.8668 -0.18
-1 -4.4 -4.2592 -0.17
-1 -4.2 -3.7044 -0.16
-1 -4 -3.2 -0.15
-1 -3.8 -2.7436 -0.14
-1 -3.6 -2.3328 -0.13
-1 -3.4 -1.9652 -0.12
-1 -3.2 -1.6384 -0.11
-1 -3 -1.35 -0.1
-1 -2.8 -1.0976 -0.0900001
-1 -2.6 -0.878801 -0.0800001
-1 -2.4 -0.6912 -0.07
-1 -2.2 -0.5324 -0.06
-1 -2 -0.4 -0.05
-1 -1.8 -0.2916 -0.04
-1 -1.6 -0.2048 -0.03
-1 -1.4 -0.1372 -0.02
-1 -1.2 -0.0864001 -0.01
-1 -1 -0.05 8.52651e-15
-1 -0.8 -0.0256 0.01
-1 -0.6 -0.0108 0.02
-1 -0.4 -0.00319999 0.03
-1 -0.2 -0.00039999 0.04
-1 -2.68221e-07 1.19209e-08 0.05
-1 0.2 0.00040001 0.06
-1 0.4 0.00320001 0.07
-1 0.6 0.0108 0.08
-1 0.8 0.0256 0.09
-1 1 0.05 0.1
-1 1.2 0.0863999 0.11
-1 1.4 0.1372 0.12
-1 1.6 0.2048 0.13
-1 1.8 0.2916 0.14
-1 2 0.4 0.15
-1 2.2 0.5324 0.16
-1 2.4 0.6912 0.17
-1 2.6 0.8788 0.18
-1 2.8 1.0976 0.19
-1 3 1.35 0.2
-1 3.2 1.6384 0.21
-1 3.4 1.9652 0.22
-1 3.6 2.3328 0.23
-1 3.8 2.7436 0.24
-1 4 3.2 0.25
-1 4.2 3.7044 0.26
-1 4.4 4.2592 0.27
-1 4.6 4.8668 0.28
-1 4.8 5.5296 0.29
-1 5 6.25 0.3
-0.8 -5 -6.258 -0.1244
-0.8 -4.8 -5.5376 -0.1184
-0.8 -4.6 -4.8748 -0.1124
-0.8 -4.4 -4.2672 -0.1064
-0.8 -4.2 -3.7124 -0.1004
-0.8 -4 -3.208 -0.0944001
-0.8 -3.8 -2.7516 -0.0884001
-0.8 -3.6 -2.3408 -0.0824001
-0.8 -3.4 -1.9732 -0.0764001
-0.8 -3.2 -1.6464 -0.0704001
-0.8 -3 -1.358 -0.0644001
-0.8 -2.8 -1.1056 -0.0584001
-0.8 -2.6 -0.886801 -0.0524001
-0.8 -2.4 -0.699201 -0.0464001
-0.8 -2.2 -0.5404 -0.0404
-0.8 -2 -0.408 -0.0344
-0.8 -1.8 -0.2996 -0.0284
-0.8 -1.6 -0.2128 -0.0224
-0.8 -1.4 -0.1452 -0.0164
-0.8 -1.2 -0.0944001 -0.0104
-0.8 -1 -0.058 -0.00440001
-0.8 -0.8 -0.0336 0.0016
-0.8 -0.6 -0.0188 0.0076
-0.8 -0.4 -0.0112 0.0136
-0.8 -0.2 -0.00839999 0.0196
-0.8 -2.68221e-07 -0.00799999 0.0256
-0.8 0.2 -0.00759999 0.0316
-0.8 0.4 -0.0048 0.0376
-0.8 0.6 0.00279999 0.0436
-0.8 0.8 0.0176 0.0496
-0.8 1 0.042 0.0556
-0.8 1.2 0.0783999 0.0616
-0.8 1.4 0.1292 0.0676
-0.8 1.6 0.1968 0.0736001
-0.8 1.8 0.2836 0.0796001
-0.8 2 0.392 0.0856001
-0.8 2.2 0.5244 0.0916001
-0.8 2.4 0.6832 0.0976001
-0.8 2.6 0.8708 0.1036
-0.8 2.8 1.0896 0.1096
-0.8 3 1.342 0.1156
-0.8 3.2 1.6304 0.1216
-0.8 3.4 1.9572 0.1276
-0.8 3.6 2.3248 0.1336
-0.8 3.8 2.7356 0.1396
-0.8 4 3.192 0.1456
-0.8 4.2 3.6964 0.1516
-0.8 4.4 4.2512 0.1576
-0.8 4.6 4.8588 0.1636
-0.8 4.8 5.5216 0.1696
-0.8 5 6.242 0.1756
-0.6 -5 -6.262 -0.0392001
-0.6 -4.8 -5.5416 -0.0372001
-0.6 -4.6 -4.8788 -0.0352001
-0.6 -4.4 -4.2712 -0.0332001
-0.6 -4.2 -3.7164 -0.0312001
-0.6 -4 -3.212 -0.0292001
-0.6 -3.8 -2.7556 -0.0272001
-0.6 -3.6 -2.3448 -0.0252001
-0.6 -3.4 -1.9772 -0.0232001
-0.6 -3.2 -1.6504 -0.0212001
-0.6 -3 -1.362 -0.0192001
-0.6 -2.8 -1.1096 -0.0172001
-0.6 -2.6 -0.890801 -0.0152001
-0.6 -2.4 -0.703201 -0.0132001
-0.6 -2.2 -0.5444 -0.0112
-0.6 -2 -0.412 -0.00920004
-0.6 -1.8 -0.3036 -0.00720004
-0.6 -1.6 -0.2168 -0.00520003
-0.6 -1.4 -0.1492 -0.00320003
-0.6 -1.2 -0.0984001 -0.00120002
-0.6 -1 -0.062 0.000799988
-0.6 -0.8 -0.0376 0.00279999
-0.6 -0.6 -0.0228 0.0048
-0.6 -0.4 -0.0152 0.0068
-0.6 -0.2 -0.0124 0.00880001
-0.6 -2.68221e-07 -0.012 0.0108
-0.6 0.2 -0.0116 0.0128
-0.6 0.4 -0.0088 0.0148
-0.6 0.6 -0.00120001 0.0168
-0.6 0.8 0.0136 0.0188
-0.6 1 0.038 0.0208
-0.6 1.2 0.0743999 0.0228
-0.6 1.4 0.1252 0.0248
-0.6 1.6 0.1928 0.0268001
-0.6 1.8 0.2796 0.0288001
-0.6 2 0.388 0.0308001
-0.6 2.2 0.5204 0.0328001
-0.6 2.4 0.6792 0.0348001
-0.6 2.6 0.8668 0.0368001
-0.6 2.8 1.0856 0.0388001
-0.6 3 1.338 0.0408001
-0.6 3.2 1.6264 0.0428001
-0.6 3.4 1.9532 0.0448001
-0.6 3.6 2.3208 0.0468001
-0.6 3.8 2.7316 0.0488001
-0.6 4 3.188 0.0508001
-0.6 4.2 3.6924 0.0528001
-0.6 4.4 4.2472 0.0548001
-0.6 4.6 4.8548 0.0568001
-0.6 4.8 5.5176 0.0588001
-0.6 5 6.238 0.0608001
-0.4 -5 -6.262 0.0531999
-0.4 -4.8 -5.5416 0.0511999
-0.4 -4.6 -4.8788 0.0491999
-0.4 -4.4 -4.2712 0.0471999
-0.4 -4.2 -3.7164 0.0451999
-0.4 -4 -3.212 0.0431999
-0.4 -3.8 -2.7556 0.0411999
-0.4 -3.6 -2.3448 0.0391999
-0.4 -3.4 -1.9772 0.0371999
-0.4 -3.2 -1.6504 0.0351999
-0.4 -3 -1.362 0.0331999
-0.4 -2.8 -1.1096 0.0311999
-0.4 -2.6 -0.890801 0.0291999
-0.4 -2.4 -0.703201 0.0271999
-0.4 -2.2 -0.5444 0.0251999
-0.4 -2 -0.412 0.0232
-0.4 -1.8 -0.3036 0.0212
-0.4 -1.6 -0.2168 0.0192
-0.4 -1.4 -0.1492 0.0172
-0.4 -1.2 -0.0984001 0.0152
-0.4 -1 -0.062 0.0132
-0.4 -0.8 -0.0376 0.0112
-0.4 -0.6 -0.0228 0.00919999
-0.4 -0.4 -0.0152 0.0072
-0.4 -0.2 -0.0124 0.0052
-0.4 -2.68221e-07 -0.012 0.00320001
-0.4 0.2 -0.0116 0.00120001
-0.4 0.4 -0.00880001 -0.000799979
-0.4 0.6 -0.00120002 -0.00279997
-0.4 0.8 0.0136 -0.00479997
-0.4 1 0.038 -0.00679996
-0.4 1.2 0.0743999 -0.00879996
-0.4 1.4 0.1252 -0.0108
-0.4 1.6 0.1928 -0.0127999
-0.4 1.8 0.2796 -0.0147999
-0.4 2 0.388 -0.0167999
-0.4 2.2 0.5204 -0.0187999
-0.4 2.4 0.6792 -0.0207999
-0.4 2.6 0.8668 -0.0227999
-0.4 2.8 1.0856 -0.0247999
-0.4 3 1.338 -0.0267999
-0.4 3.2 1.6264 -0.0287999
-0.4 3.4 1.9532 -0.0307999
-0.4 3.6 2.3208 -0.0327999
-0.4 3.8 2.7316 -0.0347999
-0.4 4 3.188 -0.0367999
-0.4 4.2 3.6924 -0.0387999
-0.4 4.4 4.2472 -0.0407999
-0.4 4.6 4.8548 -0.0427999
-0.4 4.8 5.5176 -0.0447999
-0.4 5 6.238 -0.0467998
-0.2 -5 -6.258 0.1504
-0.2 -4.8 -5.5376 0.1444
-0.2 -4.6 -4.8748 0.1384
-0.2 -4.4 -4.2672 0.1324
-0.2 -4.2 -3.7124 0.1264
-0.2 -4 -3.208 0.1204
-0.2 -3.8 -2.7516 0.1144
-0.2 -3.6 -2.3408 0.1084
-0.2 -3.4 -1.9732 0.1024
-0.2 -3.2 -1.6464 0.0963999
-0.2 -3 -1.358 0.0903999
-0.2 -2.8 -1.1056 0.0843999
-0.2 -2.6 -0.886801 0.0783999
-0.2 -2.4 -0.699201 0.0724
-0.2 -2.2 -0.5404 0.0664
-0.2 -2 -0.408 0.0604
-0.2 -1.8 -0.2996 0.0544
-0.2 -1.6 -0.2128 0.0484
-0.2 -1.4 -0.1452 0.0424
-0.2 -1.2 -0.0944001 0.0364
-0.2 -1 -0.058 0.0304
-0.2 -0.8 -0.0336 0.0244
-0.2 -0.6 -0.0188 0.0184
-0.2 -0.4 -0.0112 0.0124
-0.2 -0.2 -0.00840001 0.0064
-0.2 -2.68221e-07 -0.00800001 0.00040001
-0.2 0.2 -0.00760001 -0.00559998
-0.2 0.4 -0.00480001 -0.0116
-0.2 0.6 0.00279998 -0.0176
-0.2 0.8 0.0176 -0.0236
-0.2 1 0.0419999 -0.0296
-0.2 1.2 0.0783999 -0.0356
-0.2 1.4 0.1292 -0.0416
-0.2 1.6 0.1968 -0.0476
-0.2 1.8 0.2836 -0.0535999
-0.2 2 0.392 -0.0595999
-0.2 2.2 0.5244 -0.0655999
-0.2 2.4 0.6832 -0.0715999
-0.2 2.6 0.8708 -0.0775999
-0.2 2.8 1.0896 -0.0835999
-0.2 3 1.342 -0.0895999
-0.2 3.2 1.6304 -0.0955999
-0.2 3.4 1.9572 -0.1016
-0.2 3.6 2.3248 -0.1076
-0.2 3.8 2.7356 -0.1136
-0.2 4 3.192 -0.1196
-0.2 4.2 3.6964 -0.1256
-0.2 4.4 4.2512 -0.1316
-0.2 4.6 4.8588 -0.1376
-0.2 4.8 5.5216 -0.1436
-0.2 5 6.242 -0.1496
-2.68221e-07 -5 -6.25 0.25
-2.68221e-07 -4.8 -5.5296 0.24
-2.68221e-07 -4.6 -4.8668 0.23
-2.68221e-07 -4.4 -4.2592 0.22
-2.68221e-07 -4.2 -3.7044 0.21
-2.68221e-07 -4 -3.2 0.2
-2.68221e-07 -3.8 -2.7436 0.19
-2.68221e-07 -3.6 -2.3328 0.18
-2.68221e-07 -3.4 -1.9652 0.17
-2.68221e-07 -3.2 -1.6384 0.16
-2.68221e-07 -3 -1.35 0.15
-2.68221e-07 -2.8 -1.0976 0.14
-2.68221e-07 -2.6 -0.878801 0.13
-2.68221e-07 -2.4 -0.6912 0.12
-2.68221e-07 -2.2 -0.5324 0.11
-2.68221e-07 -2 -0.4 0.1
-2.68221e-07 -1.8 -0.2916 0.09
-2.68221e-07 -1.6 -0.2048 0.08
-2.68221e-07 -1.4 -0.1372 0.07
-2.68221e-07 -1.2 -0.0864001 0.06
-2.68221e-07 -1 -0.05 0.05
-2.68221e-07 -0.8 -0.0256 0.04
-2.68221e-07 -0.6 -0.0108 0.03
-2.68221e-07 -0.4 -0.00320002 0.02
-2.68221e-07 -0.2 -0.000400015 0.01
-2.68221e-07 -2.68221e-07 -1.3411e-08 1.3411e-08
-2.68221e-07 0.2 0.000399985 -0.00999998
-2.68221e-07 0.4 0.00319998 -0.02
-2.68221e-07 0.6 0.0108 -0.03
-2.68221e-07 0.8 0.0256 -0.04
-2.68221e-07 1 0.0499999 -0.05
-2.68221e-07 1.2 0.0863999 -0.06
-2.68221e-07 1.4 0.1372 -0.07
-2.68221e-07 1.6 0.2048 -0.0799999
-2.68221e-07 1.8 0.2916 -0.0899999
-2.68221e-07 2 0.4 -0.0999999
-2.68221e-07 2.2 0.5324 -0.11
-2.68221e-07 2.4 0.6912 -0.12
-2.68221e-07 2.6 0.8788 -0.13
-2.68221e-07 2.8 1.0976 -0.14
-2.68221e-07 3 1.35 -0.15
-2.68221e-07 3.2 1.6384 -0.16
-2.68221e-07 3.4 1.9652 -0.17
-2.68221e-07 3.6 2.3328 -0.18
-2.68221e-07 3.8 2.7436 -0.19
-2.68221e-07 4 3.2 -0.2
-2.68221e-07 4.2 3.7044 -0.21
-2.68221e-07 4.4 4.2592 -0.22
-2.68221e-07 4.6 4.8668 -0.23
-2.68221e-07 4.8 5.5296 -0.24
-2.68221e-07 5 6.25 -0.25
0.2 -5 -6.238 0.3496
0.2 -4.8 -5.5176 0.3356
0.2 -4.6 -4.8548 0.3216
0.2 -4.4 -4.2472 0.3076
0.2 -4.2 -3.6924 0.2936
0.2 -4 -3.188 0.2796
0.2 -3.8 -2.7316 0.2656
0.2 -3.6 -2.3208 0.2516
0.2 -3.4 -1.9532 0.2376
0.2 -3.2 -1.6264 0.2236
0.2 -3 -1.338 0.2096
0.2 -2.8 -1.0856 0.1956
0.2 -2.6 -0.866801 0.1816
0.2 -2.4 -0.679201 0.1676
0.2 -2.2 -0.5204 0.1536
0.2 -2 -0.388 0.1396
0.2 -1.8 -0.2796 0.1256
0.2 -1.6 -0.1928 0.1116
0.2 -1.4 -0.1252 0.0976
0.2 -1.2 -0.0744001 0.0836
0.2 -1 -0.0380001 0.0696
0.2 -0.8 -0.0136 0.0556
0.2 -0.6 0.00119997 0.0416
0.2 -0.4 0.00879997 0.0276
0.2 -0.2 0.0116 0.0136
0.2 -2.68221e-07 0.012 -0.00039998
0.2 0.2 0.0124 -0.0144
0.2 0.4 0.0152 -0.0284
0.2 0.6 0.0228 -0.0424
0.2 0.8 0.0376 -0.0564
0.2 1 0.0619999 -0.0704
0.2 1.2 0.0983999 -0.0843999
0.2 1.4 0.1492 -0.0983999
0.2 1.6 0.2168 -0.1124
0.2 1.8 0.3036 -0.1264
0.2 2 0.412 -0.1404
0.2 2.2 0.5444 -0.1544
0.2 2.4 0.7032 -0.1684
0.2 2.6 0.8908 -0.1824
0.2 2.8 1.1096 -0.1964
0.2 3 1.362 -0.2104
0.2 3.2 1.6504 -0.2244
0.2 3.4 1.9772 -0.2384
0.2 3.6 2.3448 -0.2524
0.2 3.8 2.7556 -0.2664
0.2 4 3.212 -0.2804
0.2 4.2 3.7164 -0.2944
0.2 4.4 4.2712 -0.3084
0.2 4.6 4.8788 -0.3224
0.2 4.8 5.5416 -0.3364
0.2 5 6.262 -0.3504
0.4 -5 -6.222 0.4468
0.4 -4.8 -5.5016 0.4288
0.4 -4.6 -4.8388 0.4108
0.4 -4.4 -4.2312 0.3928
0.4 -4.2 -3.6764 0.3748
0.4 -4 -3.172 0.3568
0.4 -3.8 -2.7156 0.3388
0.4 -3.6 -2.3048 0.3208
0.4 -3.4 -1.9372 0.3028
0.4 -3.2 -1.6104 0.2848
0.4 -3 -1.322 0.2668
0.4 -2.8 -1.0696 0.2488
0.4 -2.6 -0.850801 0.2308
0.4 -2.4 -0.663201 0.2128
0.4 -2.2 -0.5044 0.1948
0.4 -2 -0.372 0.1768
0.4 -1.8 -0.2636 0.1588
0.4 -1.6 -0.1768 0.1408
0.4 -1.4 -0.1092 0.1228
0.4 -1.2 -0.0584001 0.1048
0.4 -1 -0.0220001 0.0868
0.4 -0.8 0.00239995 0.0688
0.4 -0.6 0.0172 0.0508
0.4 -0.4 0.0248 0.0328
0.4 -0.2 0.0276 0.0148
0.4 -2.68221e-07 0.028 -0.00319997
0.4 0.2 0.0284 -0.0212
0.4 0.4 0.0312 -0.0392
0.4 0.6 0.0388 -0.0572
0.4 0.8 0.0535999 -0.0751999
0.4 1 0.0779999 -0.0931999
0.4 1.2 0.1144 -0.1112
0.4 1.4 0.1652 -0.1292
0.4 1.6 0.2328 -0.1472
0.4 1.8 0.3196 -0.1652
0.4 2 0.428 -0.1832
0.4 2.2 0.5604 -0.2012
0.4 2.4 0.7192 -0.2192
0.4 2.6 0.9068 -0.2372
0.4 2.8 1.1256 -0.2552
0.4 3 1.378 -0.2732
0.4 3.2 1.6664 -0.2912
0.4 3.4 1.9932 -0.3092
0.4 3.6 2.3608 -0.3272
0.4 3.8 2.7716 -0.3452
0.4 4 3.228 -0.3632
0.4 4.2 3.7324 -0.3812
0.4 4.4 4.2872 -0.3992
0.4 4.6 4.8948 -0.4172
0.4 4.8 5.5576 -0.4352
0.4 5 6.278 -0.4532
0.6 -5 -6.202 0.5392
0.6 -4.8 -5.4816 0.5172
0.6 -4.6 -4.8188 0.4952
0.6 -4.4 -4.2112 0.4732
0.6 -4.2 -3.6564 0.4512
0.6 -4 -3.152 0.4292
0.6 -3.8 -2.6956 0.4072
0.6 -3.6 -2.2848 0.3852
0.6 -3.4 -1.9172 0.3632
0.6 -3.2 -1.5904 0.3412
0.6 -3 -1.302 0.3192
0.6 -2.8 -1.0496 0.2972
0.6 -2.6 -0.830801 0.2752
0.6 -2.4 -0.643201 0.2532
0.6 -2.2 -0.4844 0.2312
0.6 -2 -0.352 0.2092
0.6 -1.8 -0.2436 0.1872
0.6 -1.6 -0.1568 0.1652
0.6 -1.4 -0.0892001 0.1432
0.6 -1.2 -0.0384001 0.1212
0.6 -1 -0.00200007 0.0992
0.6 -0.8 0.0223999 0.0772
0.6 -0.6 0.0372 0.0552
0.6 -0.4 0.0448 0.0332
0.6 -0.2 0.0476 0.0112
0.6 -2.68221e-07 0.048 -0.0108
0.6 0.2 0.0484 -0.0328
0.6 0.4 0.0512 -0.0547999
0.6 0.6 0.0588 -0.0767999
0.6 0.8 0.0735999 -0.0987999
0.6 1 0.0979999 -0.1208
0.6 1.2 0.1344 -0.1428
0.6 1.4 0.1852 -0.1648
0.6 1.6 0.2528 -0.1868
0.6 1.8 0.3396 -0.2088
0.6 2 0.448 -0.2308
0.6 2.2 0.5804 -0.2528
0.6 2.4 0.7392 -0.2748
0.6 2.6 0.9268 -0.2968
0.6 2.8 1.1456 -0.3188
0.6 3 1.398 -0.3408
0.6 3.2 1.6864 -0.3628
0.6 3.4 2.0132 -0.3848
0.6 3.6 2.3808 -0.4068
0.6 3.8 2.7916 -0.4288
0.6 4 3.248 -0.4508
0.6 4.2 3.7524 -0.4728
0.6 4.4 4.3072 -0.4948
0.6 4.6 4.9148 -0.5168
0.6 4.8 5.5776 -0.5388
0.6 5 6.298 -0.5608
0.8 -5 -6.178 0.6244
0.8 -4.8 -5.4576 0.5984
0.8 -4.6 -4.7948 0.5724
0.8 -4.4 -4.1872 0.5464
0.8 -4.2 -3.6324 0.5204
0.8 -4 -3.128 0.4944
0.8 -3.8 -2.6716 0.4684
0.8 -3.6 -2.2608 0.4424
0.8 -3.4 -1.8932 0.4164
0.8 -3.2 -1.5664 0.3904
0.8 -3 -1.278 0.3644
0.8 -2.8 -1.0256 0.3384
0.8 -2.6 -0.806801 0.3124
0.8 -2.4 -0.619201 0.2864
0.8 -2.2 -0.4604 0.2604
0.8 -2 -0.328 0.2344
0.8 -1.8 -0.2196 0.2084
0.8 -1.6 -0.1328 0.1824
0.8 -1.4 -0.0652001 0.1564
0.8 -1.2 -0.0144001 0.1304
0.8 -1 0.0219999 0.1044
0.8 -0.8 0.0463999 0.0784
0.8 -0.6 0.0612 0.0524
0.8 -0.4 0.0688 0.0264001
0.8 -0.2 0.0716 0.000400057
0.8 -2.68221e-07 0.072 -0.0255999
0.8 0.2 0.0724 -0.0515999
0.8 0.4 0.0752 -0.0775999
0.8 0.6 0.0827999 -0.1036
0.8 0.8 0.0975999 -0.1296
0.8 1 0.122 -0.1556
0.8 1.2 0.1584 -0.1816
0.8 1.4 0.2092 -0.2076
0.8 1.6 0.2768 -0.2336
0.8 1.8 0.3636 -0.2596
0.8 2 0.472 -0.2856
0.8 2.2 0.6044 -0.3116
0.8 2.4 0.7632 -0.3376
0.8 2.6 0.9508 -0.3636
0.8 2.8 1.1696 -0.3896
0.8 3 1.422 -0.4156
0.8 3.2 1.7104 -0.4416
0.8 3.4 2.0372 -0.4676
0.8 3.6 2.4048 -0.4936
0.8 3.8 2.8156 -0.5196
0.8 4 3.272 -0.5456
0.8 4.2 3.7764 -0.5716
0.8 4.4 4.3312 -0.5976
0.8 4.6 4.9388 -0.6236
0.8 4.8 5.6016 -0.6496
0.8 5 6.322 -0.6756
1 -5 -6.15 0.7
1 -4.8 -5.4296 0.67
1 -4.6 -4.7668 0.64
1 -4.4 -4.1592 0.61
1 -4.2 -3.6044 0.58
1 -4 -3.1 0.55
1 -3.8 -2.6436 0.52
1 -3.6 -2.2328 0.49
1 -3.4 -1.8652 0.46
1 -3.2 -1.5384 0.43
1 -3 -1.25 0.4
1 -2.8 -0.997601 0.37
1 -2.6 -0.778801 0.34
1 -2.4 -0.591201 0.31
1 -2.2 -0.4324 0.28
1 -2 -0.3 0.25
1 -1.8 -0.1916 0.22
1 -1.6 -0.1048 0.19
1 -1.4 -0.0372001 0.16
1 -1.2 0.0135999 0.13
1 -1 0.0499999 0.1
1 -0.8 0.0743999 0.0700001
1 -0.6 0.0891999 0.0400001
1 -0.4 0.0967999 0.0100001
1 -0.2 0.0996 -0.0199999
1 -2.68221e-07 0.1 -0.0499999
1 0.2 0.1004 -0.0799999
1 0.4 0.1032 -0.11
1 0.6 0.1108 -0.14
1 0.8 0.1256 -0.17
1 1 0.15 -0.2
1 1.2 0.1864 -0.23
1 1.4 0.2372 -0.26
1 1.6 0.3048 -0.29
1 1.8 0.3916 -0.32
1 2 0.5 -0.35
1 2.2 0.6324 -0.38
1 2.4 0.7912 -0.41
1 2.6 0.9788 -0.44
1 2.8 1.1976 -0.47
1 3 1.45 -0.5
1 3.2 1.7384 -0.53
1 3.4 2.0652 -0.56
1 3.6 2.4328 -0.59
1 3.8 2.8436 -0.62
1 4 3.3 -0.65
1 4.2 3.8044 -0.68
1 4.4 4.3592 -0.71
1 4.6 4.9668 -0.74
1 4.8 5.6296 -0.77
1 5 6.35 -0.8
1.2 -5 -6.118 0.7636
1.2 -4.8 -5.3976 0.7296
1.2 -4.6 -4.7348 0.6956
1.2 -4.4 -4.1272 0.6616
1.2 -4.2 -3.5724 0.6276
1.2 -4 -3.068 0.5936
1.2 -3.8 -2.6116 0.5596
1.2 -3.6 -2.2008 0.5256
1.2 -3.4 -1.8332 0.4916
1.2 -3.2 -1.5064 0.4576
1.2 -3 -1.218 0.4236
1.2 -2.8 -0.965601 0.3896
1.2 -2.6 -0.746801 0.3556
1.2 -2.4 -0.559201 0.3216
1.2 -2.2 -0.4004 0.2876
1.2 -2 -0.268 0.2536
1.2 -1.8 -0.1596 0.2196
1.2 -1.6 -0.0728002 0.1856
1.2 -1.4 -0.00520015 0.1516
1.2 -1.2 0.0455999 0.1176
1.2 -1 0.0819999 0.0836001
1.2 -0.8 0.1064 0.0496001
1.2 -0.6 0.1212 0.0156001
1.2 -0.4 0.1288 -0.0183999
1.2 -0.2 0.1316 -0.0523999
1.2 -2.68221e-07 0.132 -0.0863999
1.2 0.2 0.1324 -0.1204
1.2 0.4 0.1352 -0.1544
1.2 0.6 0.1428 -0.1884
1.2 0.8 0.1576 -0.2224
1.2 1 0.182 -0.2564
1.2 1.2 0.2184 -0.2904
1.2 1.4 0.2692 -0.3244
1.2 1.6 0.3368 -0.3584
1.2 1.8 0.4236 -0.3924
1.2 2 0.532 -0.4264
1.2 2.2 0.6644 -0.4604
1.2 2.4 0.8232 -0.4944
1.2 2.6 1.0108 -0.5284
1.2 2.8 1.2296 -0.5624
1.2 3 1.482 -0.5964
1.2 3.2 1.7704 -0.6304
1.2 3.4 2.0972 -0.6644
1.2 3.6 2.4648 -0.6984
1.2 3.8 2.8756 -0.7324
1.2 4 3.332 -0.7664
1.2 4.2 3.8364 -0.8004
1.2 4.4 4.3912 -0.8344
1.2 4.6 4.9988 -0.8684
1.2 4.8 5.6616 -0.9024
1.2 5 6.382 -0.9364
1.4 -5 -6.082 0.8128
1.4 -4.8 -5.3616 0.7748
1.4 -4.6 -4.6988 0.7368
1.4 -4.4 -4.0912 0.6988
1.4 -4.2 -3.5364 0.6608
1.4 -4 -3.032 0.6228
1.4 -3.8 -2.5756 0.5848
1.4 -3.6 -2.1648 0.5468
1.4 -3.4 -1.7972 0.5088
1.4 -3.2 -1.4704 0.4708
1.4 -3 -1.182 0.4328
1.4 -2.8 -0.929601 0.3948
1.4 -2.6 -0.710801 0.3568
1.4 -2.4 -0.523201 0.3188
1.4 -2.2 -0.3644 0.2808
1.4 -2 -0.232 0.2428
1.4 -1.8 -0.1236 0.2048
1.4 -1.6 -0.0368002 0.1668
1.4 -1.4 0.0307999 0.1288
1.4 -1.2 0.0815999 0.0908001
1.4 -1 0.118 0.0528001
1.4 -0.8 0.1424 0.0148001
1.4 -0.6 0.1572 -0.0231999
1.4 -0.4 0.1648 -0.0611999
1.4 -0.2 0.1676 -0.0991999
1.4 -2.68221e-07 0.168 -0.1372
1.4 0.2 0.1684 -0.1752
1.4 0.4 0.1712 -0.2132
1.4 0.6 0.1788 -0.2512
1.4 0.8 0.1936 -0.2892
1.4 1 0.218 -0.3272
1.4 1.2 0.2544 -0.3652
1.4 1.4 0.3052 -0.4032
1.4 1.6 0.3728 -0.4412
1.4 1.8 0.4596 -0.4792
1.4 2 0.568 -0.5172
1.4 2.2 0.7004 -0.5552
1.4 2.4 0.8592 -0.5932
1.4 2.6 1.0468 -0.6312
1.4 2.8 1.2656 -0.6692
1.4 3 1.518 -0.7072
1.4 3.2 1.8064 -0.7452
1.4 3.4 2.1332 -0.7832
1.4 3.6 2.5008 -0.8212
1.4 3.8 2.9116 -0.8592
1.4 4 3.368 -0.8972
1.4 4.2 3.8724 -0.9352
1.4 4.4 4.4272 -0.9732
1.4 4.6 5.0348 -1.0112
1.4 4.8 5.6976 -1.0492
1.4 5 6.418 -1.0872
1.6 -5 -6.042 0.8452
1.6 -4.8 -5.3216 0.8032
1.6 -4.6 -4.6588 0.7612
1.6 -4.4 -4.0512 0.7192
1.6 -4.2 -3.4964 0.6772
1.6 -4 -2.992 0.6352
1.6 -3.8 -2.5356 0.5932
1.6 -3.6 -2.1248 0.5512
1.6 -3.4 -1.7572 0.5092
1.6 -3.2 -1.4304 0.4672
1.6 -3 -1.142 0.4252
1.6 -2.8 -0.889601 0.3832
1.6 -2.6 -0.670801 0.3412
1.6 -2.4 -0.483201 0.2992
1.6 -2.2 -0.3244 0.2572
1.6 -2 -0.192 0.2152
1.6 -1.8 -0.0836003 0.1732
1.6 -1.6 0.00319981 0.1312
1.6 -1.4 0.0707999 0.0892001
1.6 -1.2 0.1216 0.0472001
1.6 -1 0.158 0.00520011
1.6 -0.8 0.1824 -0.0367999
1.6 -0.6 0.1972 -0.0787999
1.6 -0.4 0.2048 -0.1208
1.6 -0.2 0.2076 -0.1628
1.6 -2.68221e-07 0.208 -0.2048
1.6 0.2 0.2084 -0.2468
1.6 0.4 0.2112 -0.2888
1.6 0.6 0.2188 -0.3308
1.6 0.8 0.2336 -0.3728
1.6 1 0.258 -0.4148
1.6 1.2 0.2944 -0.4568
1.6 1.4 0.3452 -0.4988
1.6 1.6 0.4128 -0.5408
1.6 1.8 0.4996 -0.5828
1.6 2 0.608 -0.6248
1.6 2.2 0.7404 -0.6668
1.6 2.4 0.8992 -0.7088
1.6 2.6 1.0868 -0.7508
1.6 2.8 1.3056 -0.7928
1.6 3 1.558 -0.8348
1.6 3.2 1.8464 -0.8768
1.6 3.4 2.1732 -0.9188
1.6 3.6 2.5408 -0.9608
1.6 3.8 2.9516 -1.0028
1.6 4 3.408 -1.0448
1.6 4.2 3.9124 -1.0868
1.6 4.4 4.4672 -1.1288
1.6 4.6 5.0748 -1.1708
1.6 4.8 5.7376 -1.2128
1.6 5 6.458 -1.2548
1.8 -5 -5.998 0.8584
1.8 -4.8 -5.2776 0.8124
1.8 -4.6 -4.6148 0.7664
1.8 -4.4 -4.0072 0.7204
1.8 -4.2 -3.4524 0.6744
1.8 -4 -2.948 0.6284
1.8 -3.8 -2.4916 0.5824
1.8 -3.6 -2.0808 0.5364
1.8 -3.4 -1.7132 0.4904
1.8 -3.2 -1.3864 0.4444
1.8 -3 -1.098 0.3984
1.8 -2.8 -0.845601 0.3524
1.8 -2.6 -0.626801 0.3064
1.8 -2.4 -0.439201 0.2604
1.8 -2.2 -0.2804 0.2144
1.8 -2 -0.148 0.1684
1.8 -1.8 -0.0396002 0.1224
1.8 -1.6 0.0471998 0.0764001
1.8 -1.4 0.1148 0.0304001
1.8 -1.2 0.1656 -0.0155999
1.8 -1 0.202 -0.0615999
1.8 -0.8 0.2264 -0.1076
1.8 -0.6 0.2412 -0.1536
1.8 -0.4 0.2488 -0.1996
1.8 -0.2 0.2516 -0.2456
1.8 -2.68221e-07 0.252 -0.2916
1.8 0.2 0.2524 -0.3376
1.8 0.4 0.2552 -0.3836
1.8 0.6 0.2628 -0.4296
1.8 0.8 0.2776 -0.4756
1.8 1 0.302 -0.5216
1.8 1.2 0.3384 -0.5676
1.8 1.4 0.3892 -0.6136
1.8 1.6 0.4568 -0.6596
1.8 1.8 0.5436 -0.7056
1.8 2 0.652 -0.7516
1.8 2.2 0.7844 -0.7976
1.8 2.4 0.9432 -0.8436
1.8 2.6 1.1308 -0.8896
1.8 2.8 1.3496 -0.9356
1.8 3 1.602 -0.9816
1.8 3.2 1.8904 -1.0276
1.8 3.4 2.2172 -1.0736
1.8 3.6 2.5848 -1.1196
1.8 3.8 2.9956 -1.1656
1.8 4 3.452 -1.2116
1.8 4.2 3.9564 -1.2576
1.8 4.4 4.5112 -1.3036
1.8 4.6 5.1188 -1.3496
1.8 4.8 5.7816 -1.3956
1.8 5 6.502 -1.4416
2 -5 -5.95 0.85
2 -4.8 -5.2296 0.8
2 -4.6 -4.5668 0.75
2 -4.4 -3.9592 0.7
2 -4.2 -3.4044 0.65
2 -4 -2.9 0.6
2 -3.8 -2.4436 0.55
2 -3.6 -2.0328 0.5
2 -3.4 -1.6652 0.45
2 -3.2 -1.3384 0.4
2 -3 -1.05 0.35
2 -2.8 -0.797601 0.3
2 -2.6 -0.578801 0.25
2 -2.4 -0.391201 0.2
2 -2.2 -0.2324 0.15
2 -2 -0.1 0.1
2 -1.8 0.00839976 0.0500002
2 -1.6 0.0951998 1.43051e-07
2 -1.4 0.1628 -0.0499999
2 -1.2 0.2136 -0.0999999
2 -1 0.25 -0.15
2 -0.8 0.2744 -0.2
2 -0.6 0.2892 -0.25
2 -0.4 0.2968 -0.3
2 -0.2 0.2996 -0.35
2 -2.68221e-07 0.3 -0.4
2 0.2 0.3004 -0.45
2 0.4 0.3032 -0.5
2 0.6 0.3108 -0.55
2 0.8 0.3256 -0.6
2 1 0.35 -0.65
2 1.2 0.3864 -0.7
2 1.4 0.4372 -0.75
2 1.6 0.5048 -0.8
2 1.8 0.5916 -0.85
2 2 0.7 -0.9
2 2.2 0.8324 -0.95
2 2.4 0.9912 -1
2 2.6 1.1788 -1.05
2 2.8 1.3976 -1.1
2 3 1.65 -1.15
2 3.2 1.9384 -1.2
2 3.4 2.2652 -1.25
2 3.6 2.6328 -1.3
2 3.8 3.0436 -1.35
2 4 3.5 -1.4
2 4.2 4.0044 -1.45
2 4.4 4.5592 -1.5
2 4.6 5.1668 -1.55
2 4.8 5.8296 -1.6
2 5 6.55 -1.65
2.2 -5 -5.898 0.8176
2.2 -4.8 -5.1776 0.7636
2.2 -4.6 -4.5148 0.7096
2.2 -4.4 -3.9072 0.6556
2.2 -4.2 -3.3524 0.6016
2.2 -4 -2.848 0.5476
2.2 -3.8 -2.3916 0.4936
2.2 -3.6 -1.9808 0.4396
2.2 -3.4 -1.6132 0.3856
2.2 -3.2 -1.2864 0.3316
2.2 -3 -0.998001 0.2776
2.2 -2.8 -0.745601 0.2236
2.2 -2.6 -0.526801 0.1696
2.2 -2.4 -0.339201 0.1156
2.2 -2.2 -0.1804 0.0616002
2.2 -2 -0.0480003 0.00760022
2.2 -1.8 0.0603997 -0.0463998
2.2 -1.6 0.1472 -0.1004
2.2 -1.4 0.2148 -0.1544
2.2 -1.2 0.2656 -0.2084
2.2 -1 0.302 -0.2624
2.2 -0.8 0.3264 -0.3164
2.2 -0.6 0.3412 -0.3704
2.2 -0.4 0.3488 -0.4244
2.2 -0.2 0.3516 -0.4784
2.2 -2.68221e-07 0.352 -0.5324
2.2 0.2 0.3524 -0.5864
2.2 0.4 0.3552 -0.6404
2.2 0.6 0.3628 -0.6944
2.2 0.8 0.3776 -0.7484
2.2 1 0.402 -0.8024
2.2 1.2 0.4384 -0.8564
2.2 1.4 0.4892 -0.9104
2.2 1.6 0.5568 -0.9644
2.2 1.8 0.6436 -1.0184
2.2 2 0.752 -1.0724
2.2 2.2 0.8844 -1.1264
2.2 2.4 1.0432 -1.1804
2.2 2.6 1.2308 -1.2344
2.2 2.8 1.4496 -1.2884
2.2 3 1.702 -1.3424
2.2 3.2 1.9904 -1.3964
2.2 3.4 2.3172 -1.4504
2.2 3.6 2.6848 -1.5044
2.2 3.8 3.0956 -1.5584
2.2 4 3.552 -1.6124
2.2 4.2 4.0564 -1.6664
2.2 4.4 4.6112 -1.7204
2.2 4.6 5.2188 -1.7744
2.2 4.8 5.8816 -1.8284
2.2 5 6.602 -1.8824
2.4 -5 -5.842 0.7588
2.4 -4.8 -5.1216 0.7008
2.4 -4.6 -4.4588 0.6428
2.4 -4.4 -3.8512 0.5848
2.4 -4.2 -3.2964 0.5268
2.4 -4 -2.792 0.4688
2.4 -3.8 -2.3356 0.4108
2.4 -3.6 -1.9248 0.3528
2.4 -3.4 -1.5572 0.2948
2.4 -3.2 -1.2304 0.2368
2.4 -3 -0.942001 0.1788
2.4 -2.8 -0.689601 0.1208
2.4 -2.6 -0.470801 0.0628003
2.4 -2.4 -0.283201 0.00480027
2.4 -2.2 -0.1244 -0.0531997
2.4 -2 0.00799967 -0.1112
2.4 -1.8 0.1164 -0.1692
2.4 -1.6 0.2032 -0.2272
2.4 -1.4 0.2708 -0.2852
2.4 -1.2 0.3216 -0.3432
2.4 -1 0.358 -0.4012
2.4 -0.8 0.3824 -0.4592
2.4 -0.6 0.3972 -0.5172
2.4 -0.4 0.4048 -0.5752
2.4 -0.2 0.4076 -0.6332
2.4 -2.68221e-07 0.408 -0.6912
2.4 0.2 0.4084 -0.7492
2.4 0.4 0.4112 -0.8072
2.4 0.6 0.4188 -0.8652
2.4 0.8 0.4336 -0.9232
2.4 1 0.458 -0.9812
2.4 1.2 0.4944 -1.0392
2.4 1.4 0.5452 -1.0972
2.4 1.6 0.6128 -1.1552
2.4 1.8 0.6996 -1.2132
2.4 2 0.808 -1.2712
2.4 2.2 0.9404 -1.3292
2.4 2.4 1.0992 -1.3872
2.4 2.6 1.2868 -1.4452
2.4 2.8 1.5056 -1.5032
2.4 3 1.758 -1.5612
2.4 3.2 2.0464 -1.6192
2.4 3.4 2.3732 -1.6772
2.4 3.6 2.7408 -1.7352
2.4 3.8 3.1516 -1.7932
2.4 4 3.608 -1.8512
2.4 4.2 4.1124 -1.9092
2.4 4.4 4.6672 -1.9672
2.4 4.6 5.2748 -2.0252
2.4 4.8 5.9376 -2.0832
2.4 5 6.658 -2.1412
2.6 -5 -5.782 0.6712
2.6 -4.8 -5.0616 0.6092
2.6 -4.6 -4.3988 0.5472
2.6 -4.4 -3.7912 0.4852
2.6 -4.2 -3.2364 0.4232
2.6 -4 -2.732 0.3612
2.6 -3.8 -2.2756 0.2992
2.6 -3.6 -1.8648 0.2372
2.6 -3.4 -1.4972 0.1752
2.6 -3.2 -1.1704 0.1132
2.6 -3 -0.882001 0.0512003
2.6 -2.8 -0.629601 -0.0107997
2.6 -2.6 -0.410801 -0.0727998
2.6 -2.4 -0.223201 -0.1348
2.6 -2.2 -0.0644004 -0.1968
2.6 -2 0.0679997 -0.2588
2.6 -1.8 0.1764 -0.3208
2.6 -1.6 0.2632 -0.3828
2.6 -1.4 0.3308 -0.4448
2.6 -1.2 0.3816 -0.5068
2.6 -1 0.418 -0.5688
2.6 -0.8 0.4424 -0.6308
2.6 -0.6 0.4572 -0.6928
2.6 -0.4 0.4648 -0.7548
2.6 -0.2 0.4676 -0.8168
2.6 -2.68221e-07 0.468 -0.8788
2.6 0.2 0.4684 -0.9408
2.6 0.4 0.4712 -1.0028
2.6 0.6 0.4788 -1.0648
2.6 0.8 0.4936 -1.1268
2.6 1 0.518 -1.1888
2.6 1.2 0.5544 -1.2508
2.6 1.4 0.6052 -1.3128
2.6 1.6 0.6728 -1.3748
2.6 1.8 0.7596 -1.4368
2.6 2 0.868 -1.4988
2.6 2.2 1.0004 -1.5608
2.6 2.4 1.1592 -1.6228
2.6 2.6 1.3468 -1.6848
2.6 2.8 1.5656 -1.7468
2.6 3 1.818 -1.8088
2.6 3.2 2.1064 -1.8708
2.6 3.4 2.4332 -1.9328
2.6 3.6 2.8008 -1.9948
2.6 3.8 3.2116 -2.0568
2.6 4 3.668 -2.1188
2.6 4.2 4.1724 -2.1808
2.6 4.4 4.7272 -2.2428
2.6 4.6 5.3348 -2.3048
2.6 4.8 5.9976 -2.3668
2.6 5 6.718 -2.4288
2.8 -5 -5.718 0.5524
2.8 -4.8 -4.9976 0.4864
2.8 -4.6 -4.3348 0.4204
2.8 -4.4 -3.7272 0.3544
2.8 -4.2 -3.1724 0.2884
2.8 -4 -2.668 0.2224
2.8 -3.8 -2.2116 0.1564
2.8 -3.6 -1.8008 0.0904003
2.8 -3.4 -1.4332 0.0244003
2.8 -3.2 -1.1064 -0.0415997
2.8 -3 -0.818001 -0.1076
2.8 -2.8 -0.565601 -0.1736
2.8 -2.6 -0.346801 -0.2396
2.8 -2.4 -0.159201 -0.3056
2.8 -2.2 -0.000400397 -0.3716
2.8 -2 0.132 -0.4376
2.8 -1.8 0.2404 -0.5036
2.8 -1.6 0.3272 -0.5696
2.8 -1.4 0.3948 -0.6356
2.8 -1.2 0.4456 -0.7016
2.8 -1 0.482 -0.7676
2.8 -0.8 0.5064 -0.8336
2.8 -0.6 0.5212 -0.8996
2.8 -0.4 0.5288 -0.9656
2.8 -0.2 0.5316 -1.0316
2.8 -2.68221e-07 0.532 -1.0976
2.8 0.2 0.5324 -1.1636
2.8 0.4 0.5352 -1.2296
2.8 0.6 0.5428 -1.2956
2.8 0.8 0.5576 -1.3616
2.8 1 0.582 -1.4276
2.8 1.2 0.6184 -1.4936
2.8 1.4 0.6692 -1.5596
2.8 1.6 0.7368 -1.6256
2.8 1.8 0.8236 -1.6916
2.8 2 0.932 -1.7576
2.8 2.2 1.0644 -1.8236
2.8 2.4 1.2232 -1.8896
2.8 2.6 1.4108 -1.9556
2.8 2.8 1.6296 -2.0216
2.8 3 1.882 -2.0876
2.8 3.2 2.1704 -2.1536
2.8 3.4 2.4972 -2.2196
2.8 3.6 2.8648 -2.2856
2.8 3.8 3.2756 -2.3516
2.8 4 3.732 -2.4176
2.8 4.2 4.2364 -2.4836
2.8 4.4 4.7912 -2.5496
2.8 4.6 5.3988 -2.6156
2.8 4.8 6.0616 -2.6816
2.8 5 6.782 -2.7476
3 -5 -5.65 0.4
3 -4.8 -4.9296 0.33
3 -4.6 -4.2668 0.26
3 -4.4 -3.6592 0.19
3 -4.2 -3.1044 0.12
3 -4 -2.6 0.0500003
3 -3.8 -2.1436 -0.0199997
3 -3.6 -1.7328 -0.0899997
3 -3.4 -1.3652 -0.16
3 -3.2 -1.0384 -0.23
3 -3 -0.750001 -0.3
3 -2.8 -0.497601 -0.37
3 -2.6 -0.278801 -0.44
3 -2.4 -0.0912005 -0.51
3 -2.2 0.0675996 -0.58
3 -2 0.2 -0.65
3 -1.8 0.3084 -0.72
3 -1.6 0.3952 -0.79
3 -1.4 0.4628 -0.86
3 -1.2 0.5136 -0.93
3 -1 0.55 -1
3 -0.8 0.5744 -1.07
3 -0.6 0.5892 -1.14
3 -0.4 0.5968 -1.21
3 -0.2 0.5996 -1.28
3 -2.68221e-07 0.6 -1.35
3 0.2 0.6004 -1.42
3 0.4 0.6032 -1.49
3 0.6 0.6108 -1.56
3 0.8 0.6256 -1.63
3 1 0.65 -1.7
3 1.2 0.6864 -1.77
3 1.4 0.7372 -1.84
3 1.6 0.8048 -1.91
3 1.8 0.8916 -1.98
3 2 1 -2.05
3 2.2 1.1324 -2.12
3 2.4 1.2912 -2.19
3 2.6 1.4788 -2.26
3 2.8 1.6976 -2.33
3 3 1.95 -2.4
3 3.2 2.2384 -2.47
3 3.4 2.5652 -2.54
3 3.6 2.9328 -2.61
3 3.8 3.3436 -2.68
3 4 3.8 -2.75
3 4.2 4.3044 -2.82
3 4.4 4.8592 -2.89
3 4.6 5.4668 -2.96
3 4.8 6.1296 -3.03
3 5 6.85 -3.1
3.2 -5 -5.578 0.2116
3.2 -4.8 -4.8576 0.1376
3.2 -4.6 -4.1948 0.0636001
3.2 -4.4 -3.5872 -0.0103999
3.2 -4.2 -3.0324 -0.0843998
3.2 -4 -2.528 -0.1584
3.2 -3.8 -2.0716 -0.2324
3.2 -3.6 -1.6608 -0.3064
3.2 -3.4 -1.2932 -0.3804
3.2 -3.2 -0.966401 -0.4544
3.2 -3 -0.678001 -0.5284
3.2 -2.8 -0.425601 -0.6024
3.2 -2.6 -0.206801 -0.6764
3.2 -2.4 -0.0192005 -0.7504
3.2 -2.2 0.1396 -0.8244
3.2 -2 0.272 -0.8984
3.2 -1.8 0.3804 -0.9724
3.2 -1.6 0.4672 -1.0464
3.2 -1.4 0.5348 -1.1204
3.2 -1.2 0.5856 -1.1944
3.2 -1 0.622 -1.2684
3.2 -0.8 0.6464 -1.3424
3.2 -0.6 0.6612 -1.4164
3.2 -0.4 0.6688 -1.4904
3.2 -0.2 0.6716 -1.5644
3.2 -2.68221e-07 0.672 -1.6384
3.2 0.2 0.6724 -1.7124
3.2 0.4 0.6752 -1.7864
3.2 0.6 0.6828 -1.8604
3.2 0.8 0.6976 -1.9344
3.2 1 0.722 -2.0084
3.2 1.2 0.7584 -2.0824
3.2 1.4 0.8092 -2.1564
3.2 1.6 0.8768 -2.2304
3.2 1.8 0.9636 -2.3044
3.2 2 1.072 -2.3784
3.2 2.2 1.2044 -2.4524
3.2 2.4 1.3632 -2.5264
3.2 2.6 1.5508 -2.6004
3.2 2.8 1.7696 -2.6744
3.2 3 2.022 -2.7484
3.2 3.2 2.3104 -2.8224
3.2 3.4 2.6372 -2.8964
3.2 3.6 3.0048 -2.9704
3.2 3.8 3.4156 -3.0444
3.2 4 3.872 -3.1184
3.2 4.2 4.3764 -3.1924
3.2 4.4 4.9312 -3.2664
3.2 4.6 5.5388 -3.3404
3.2 4.8 6.2016 -3.4144
3.2 5 6.922 -3.4884
3.4 -5 -5.502 -0.0152002
3.4 -4.8 -4.7816 -0.0932
3.4 -4.6 -4.1188 -0.1712
3.4 -4.4 -3.5112 -0.2492
3.4 -4.2 -2.9564 -0.3272
3.4 -4 -2.452 -0.4052
3.4 -3.8 -1.9956 -0.4832
3.4 -3.6 -1.5848 -0.5612
3.4 -3.4 -1.2172 -0.6392
3.4 -3.2 -0.890401 -0.7172
3.4 -3 -0.602001 -0.7952
3.4 -2.8 -0.349601 -0.8732
3.4 -2.6 -0.130801 -0.9512
3.4 -2.4 0.0567995 -1.0292
3.4 -2.2 0.2156 -1.1072
3.4 -2 0.348 -1.1852
3.4 -1.8 0.4564 -1.2632
3.4 -1.6 0.5432 -1.3412
3.4 -1.4 0.6108 -1.4192
3.4 -1.2 0.6616 -1.4972
3.4 -1 0.698 -1.5752
3.4 -0.8 0.7224 -1.6532
3.4 -0.6 0.7372 -1.7312
3.4 -0.4 0.7448 -1.8092
3.4 -0.2 0.7476 -1.8872
3.4 -2.68221e-07 0.748 -1.9652
3.4 0.2 0.7484 -2.0432
3.4 0.4 0.7512 -2.1212
3.4 0.6 0.7588 -2.1992
3.4 0.8 0.7736 -2.2772
3.4 1 0.798 -2.3552
3.4 1.2 0.8344 -2.4332
3.4 1.4 0.8852 -2.5112
3.4 1.6 0.9528 -2.5892
3.4 1.8 1.0396 -2.6672
3.4 2 1.148 -2.7452
3.4 2.2 1.2804 -2.8232
3.4 2.4 1.4392 -2.9012
3.4 2.6 1.6268 -2.9792
3.4 2.8 1.8456 -3.0572
3.4 3 2.098 -3.1352
3.4 3.2 2.3864 -3.2132
3.4 3.4 2.7132 -3.2912
3.4 3.6 3.0808 -3.3692
3.4 3.8 3.4916 -3.4472
3.4 4 3.948 -3.5252
3.4 4.2 4.4524 -3.6032
3.4 4.4 5.0072 -3.6812
3.4 4.6 5.6148 -3.7592
3.4 4.8 6.2776 -3.8372
3.4 5 6.998 -3.9152
3.6 -5 -5.422 -0.2828
3.6 -4.8 -4.7016 -0.3648
3.6 -4.6 -4.0388 -0.4468
3.6 -4.4 -3.4312 -0.5288
3.6 -4.2 -2.8764 -0.6108
3.6 -4 -2.372 -0.6928
3.6 -3.8 -1.9156 -0.7748
3.6 -3.6 -1.5048 -0.8568
3.6 -3.4 -1.1372 -0.9388
3.6 -3.2 -0.810401 -1.0208
3.6 -3 -0.522001 -1.1028
3.6 -2.8 -0.269601 -1.1848
3.6 -2.6 -0.0508006 -1.2668
3.6 -2.4 0.1368 -1.3488
3.6 -2.2 0.2956 -1.4308
3.6 -2 0.428 -1.5128
3.6 -1.8 0.5364 -1.5948
3.6 -1.6 0.6232 -1.6768
3.6 -1.4 0.6908 -1.7588
3.6 -1.2 0.7416 -1.8408
3.6 -1 0.778 -1.9228
3.6 -0.8 0.8024 -2.0048
3.6 -0.6 0.8172 -2.0868
3.6 -0.4 0.8248 -2.1688
3.6 -0.2 0.8276 -2.2508
3.6 -2.68221e-07 0.828 -2.3328
3.6 0.2 0.8284 -2.4148
3.6 0.4 0.8312 -2.4968
3.6 0.6 0.8388 -2.5788
3.6 0.8 0.8536 -2.6608
3.6 1 0.878 -2.7428
3.6 1.2 0.9144 -2.8248
3.6 1.4 0.9652 -2.9068
3.6 1.6 1.0328 -2.9888
3.6 1.8 1.1196 -3.0708
3.6 2 1.228 -3.1528
3.6 2.2 1.3604 -3.2348
3.6 2.4 1.5192 -3.3168
3.6 2.6 1.7068 -3.3988
3.6 2.8 1.9256 -3.4808
3.6 3 2.178 -3.5628
3.6 3.2 2.4664 -3.6448
3.6 3.4 2.7932 -3.7268
3.6 3.6 3.1608 -3.8088
3.6 3.8 3.5716 -3.8908
3.6 4 4.028 -3.9728
3.6 4.2 4.5324 -4.0548
3.6 4.4 5.0872 -4.1368
3.6 4.6 5.6948 -4.2188
3.6 4.8 6.3576 -4.3008
3.6 5 7.078 -4.3828
3.8 -5 -5.338 -0.5936
3.8 -4.8 -4.6176 -0.6796
3.8 -4.6 -3.9548 -0.7656
3.8 -4.4 -3.3472 -0.8516
3.8 -4.2 -2.7924 -0.9376
3.8 -4 -2.288 -1.0236
3.8 -3.8 -1.8316 -1.1096
3.8 -3.6 -1.4208 -1.1956
3.8 -3.4 -1.0532 -1.2816
3.8 -3.2 -0.726401 -1.3676
3.8 -3 -0.438001 -1.4536
3.8 -2.8 -0.185601 -1.5396
3.8 -2.6 0.0331995 -1.6256
3.8 -2.4 0.2208 -1.7116
3.8 -2.2 0.3796 -1.7976
3.8 -2 0.512 -1.8836
3.8 -1.8 0.6204 -1.9696
3.8 -1.6 0.7072 -2.0556
3.8 -1.4 0.7748 -2.1416
3.8 -1.2 0.8256 -2.2276
3.8 -1 0.862 -2.3136
3.8 -0.8 0.8864 -2.3996
3.8 -0.6 0.9012 -2.4856
3.8 -0.4 0.9088 -2.5716
3.8 -0.2 0.9116 -2.6576
3.8 -2.68221e-07 0.912 -2.7436
3.8 0.2 0.9124 -2.8296
3.8 0.4 0.9152 -2.9156
3.8 0.6 0.9228 -3.0016
3.8 0.8 0.9376 -3.0876
3.8 1 0.962 -3.1736
3.8 1.2 0.9984 -3.2596
3.8 1.4 1.0492 -3.3456
3.8 1.6 1.1168 -3.4316
3.8 1.8 1.2036 -3.5176
3.8 2 1.312 -3.6036
3.8 2.2 1.4444 -3.6896
3.8 2.4 1.6032 -3.7756
3.8 2.6 1.7908 -3.8616
3.8 2.8 2.0096 -3.9476
3.8 3 2.262 -4.0336
3.8 3.2 2.5504 -4.1196
3.8 3.4 2.8772 -4.2056
3.8 3.6 3.2448 -4.2916
3.8 3.8 3.6556 -4.3776
3.8 4 4.112 -4.4636
3.8 4.2 4.6164 -4.5496
3.8 4.4 5.1712 -4.6356
3.8 4.6 5.7788 -4.7216
3.8 4.8 6.4416 -4.8076
3.8 5 7.162 -4.8936
4 -5 -5.25 -0.95
4 -4.8 -4.5296 -1.04
4 -4.6 -3.8668 -1.13
4 -4.4 -3.2592 -1.22
4 -4.2 -2.7044 -1.31
4 -4 -2.2 -1.4
4 -3.8 -1.7436 -1.49
4 -3.6 -1.3328 -1.58
4 -3.4 -0.965201 -1.67
4 -3.2 -0.638401 -1.76
4 -3 -0.350001 -1.85
4 -2.8 -0.0976008 -1.94
4 -2.6 0.121199 -2.03
4 -2.4 0.3088 -2.12
4 -2.2 0.4676 -2.21
4 -2 0.6 -2.3
4 -1.8 0.7084 -2.39
4 -1.6 0.7952 -2.48
4 -1.4 0.8628 -2.57
4 -1.2 0.9136 -2.66
4 -1 0.95 -2.75
4 -0.8 0.9744 -2.84
4 -0.6 0.9892 -2.93
4 -0.4 0.9968 -3.02
4 -0.2 0.9996 -3.11
4 -2.68221e-07 1 -3.2
4 0.2 1.0004 -3.29
4 0.4 1.0032 -3.38
4 0.6 1.0108 -3.47
4 0.8 1.0256 -3.56
4 1 1.05 -3.65
4 1.2 1.0864 -3.74
4 1.4 1.1372 -3.83
4 1.6 1.2048 -3.92
4 1.8 1.2916 -4.01
4 2 1.4 -4.1
4 2.2 1.5324 -4.19
4 2.4 1.6912 -4.28
4 2.6 1.8788 -4.37
4 2.8 2.0976 -4.46
4 3 2.35 -4.55
4 3.2 2.6384 -4.64
4 3.4 2.9652 -4.73
4 3.6 3.3328 -4.82
4 3.8 3.7436 -4.91
4 4 4.2 -5
4 4.2 4.7044 -5.09
4 4.4 5.2592 -5.18
4 4.6 5.8668 -5.27
4 4.8 6.5296 -5.36
4 5 7.25 -5.45
4.2 -5 -5.158 -1.3544
4.2 -4.8 -4.4376 -1.4484
4.2 -4.6 -3.7748 -1.5424
4.2 -4.4 -3.1672 -1.6364
4.2 -4.2 -2.6124 -1.7304
4.2 -4 -2.108 -1.8244
4.2 -3.8 -1.6516 -1.9184
4.2 -3.6 -1.2408 -2.0124
4.2 -3.4 -0.873201 -2.1064
4.2 -3.2 -0.546401 -2.2004
4.2 -3 -0.258001 -2.2944
4.2 -2.8 -0.00560087 -2.3884
4.2 -2.6 0.213199 -2.4824
4.2 -2.4 0.400799 -2.5764
4.2 -2.2 0.5596 -2.6704
4.2 -2 0.692 -2.7644
4.2 -1.8 0.8004 -2.8584
4.2 -1.6 0.8872 -2.9524
4.2 -1.4 0.9548 -3.0464
4.2 -1.2 1.0056 -3.1404
4.2 -1 1.042 -3.2344
4.2 -0.8 1.0664 -3.3284
4.2 -0.6 1.0812 -3.4224
4.2 -0.4 1.0888 -3.5164
4.2 -0.2 1.0916 -3.6104
4.2 -2.68221e-07 1.092 -3.7044
4.2 0.2 1.0924 -3.7984
4.2 0.4 1.0952 -3.8924
4.2 0.6 1.1028 -3.9864
4.2 0.8 1.1176 -4.0804
4.2 1 1.142 -4.1744
4.2 1.2 1.1784 -4.2684
4.2 1.4 1.2292 -4.3624
4.2 1.6 1.2968 -4.4564
4.2 1.8 1.3836 -4.5504
4.2 2 1.492 -4.6444
4.2 2.2 1.6244 -4.7384
4.2 2.4 1.7832 -4.8324
4.2 2.6 1.9708 -4.9264
4.2 2.8 2.1896 -5.0204
4.2 3 2.442 -5.1144
4.2 3.2 2.7304 -5.2084
4.2 3.4 3.0572 -5.3024
4.2 3.6 3.4248 -5.3964
4.2 3.8 3.8356 -5.4904
4.2 4 4.292 -5.5844
4.2 4.2 4.7964 -5.6784
4.2 4.4 5.3512 -5.7724
4.2 4.6 5.9588 -5.8664
4.2 4.8 6.6216 -5.9604
4.2 5 7.342 -6.0544
4.4 -5 -5.062 -1.8092
4.4 -4.8 -4.3416 -1.9072
4.4 -4.6 -3.6788 -2.0052
4.4 -4.4 -3.0712 -2.1032
4.4 -4.2 -2.5164 -2.2012
4.4 -4 -2.012 -2.2992
4.4 -3.8 -1.5556 -2.3972
4.4 -3.6 -1.1448 -2.4952
4.4 -3.4 -0.777202 -2.5932
4.4 -3.2 -0.450401 -2.6912
4.4 -3 -0.162001 -2.7892
4.4 -2.8 0.090399 -2.8872
4.4 -2.6 0.309199 -2.9852
4.4 -2.4 0.496799 -3.0832
4.4 -2.2 0.655599 -3.1812
4.4 -2 0.788 -3.2792
4.4 -1.8 0.8964 -3.3772
4.4 -1.6 0.9832 -3.4752
4.4 -1.4 1.0508 -3.5732
4.4 -1.2 1.1016 -3.6712
4.4 -1 1.138 -3.7692
4.4 -0.8 1.1624 -3.8672
4.4 -0.6 1.1772 -3.9652
4.4 -0.4 1.1848 -4.0632
4.4 -0.2 1.1876 -4.1612
4.4 -2.68221e-07 1.188 -4.2592
4.4 0.2 1.1884 -4.3572
4.4 0.4 1.1912 -4.4552
4.4 0.6 1.1988 -4.5532
4.4 0.8 1.2136 -4.6512
4.4 1 1.238 -4.7492
4.4 1.2 1.2744 -4.8472
4.4 1.4 1.3252 -4.9452
4.4 1.6 1.3928 -5.0432
4.4 1.8 1.4796 -5.1412
4.4 2 1.588 -5.2392
4.4 2.2 1.7204 -5.3372
4.4 2.4 1.8792 -5.4352
4.4 2.6 2.0668 -5.5332
4.4 2.8 2.2856 -5.6312
4.4 3 2.538 -5.7292
4.4 3.2 2.8264 -5.8272
4.4 3.4 3.1532 -5.9252
4.4 3.6 3.5208 -6.0232
4.4 3.8 3.9316 -6.1212
4.4 4 4.388 -6.2192
4.4 4.2 4.8924 -6.3172
4.4 4.4 5.4472 -6.4152
4.4 4.6 6.0548 -6.5132
4.4 4.8 6.7176 -6.6112
4.4 5 7.438 -6.7092
4.6 -5 -4.962 -2.3168
4.6 -4.8 -4.2416 -2.4188
4.6 -4.6 -3.5788 -2.5208
4.6 -4.4 -2.9712 -2.6228
4.6 -4.2 -2.4164 -2.7248
4.6 -4 -1.912 -2.8268
4.6 -3.8 -1.4556 -2.9288
4.6 -3.6 -1.0448 -3.0308
4.6 -3.4 -0.677202 -3.1328
4.6 -3.2 -0.350401 -3.2348
4.6 -3 -0.0620013 -3.3368
4.6 -2.8 0.190399 -3.4388
4.6 -2.6 0.409199 -3.5408
4.6 -2.4 0.596799 -3.6428
4.6 -2.2 0.755599 -3.7448
4.6 -2 0.887999 -3.8468
4.6 -1.8 0.9964 -3.9488
4.6 -1.6 1.0832 -4.0508
4.6 -1.4 1.1508 -4.1528
4.6 -1.2 1.2016 -4.2548
4.6 -1 1.238 -4.3568
4.6 -0.8 1.2624 -4.4588
4.6 -0.6 1.2772 -4.5608
4.6 -0.4 1.2848 -4.6628
4.6 -0.2 1.2876 -4.7648
4.6 -2.68221e-07 1.288 -4.8668
4.6 0.2 1.2884 -4.9688
4.6 0.4 1.2912 -5.0708
4.6 0.6 1.2988 -5.1728
4.6 0.8 1.3136 -5.2748
4.6 1 1.338 -5.3768
4.6 1.2 1.3744 -5.4788
4.6 1.4 1.4252 -5.5808
4.6 1.6 1.4928 -5.6828
4.6 1.8 1.5796 -5.7848
4.6 2 1.688 -5.8868
4.6 2.2 1.8204 -5.9888
4.6 2.4 1.9792 -6.0908
4.6 2.6 2.1668 -6.1928
4.6 2.8 2.3856 -6.2948
4.6 3 2.638 -6.3968
4.6 3.2 2.9264 -6.4988
4.6 3.4 3.2532 -6.6008
4.6 3.6 3.6208 -6.7028
4.6 3.8 4.0316 -6.8048
4.6 4 4.488 -6.9068
4.6 4.2 4.9924 -7.0088
4.6 4.4 5.5472 -7.1108
4.6 4.6 6.1548 -7.2128
4.6 4.8 6.8176 -7.3148
4.6 5 7.538 -7.4168
4.8 -5 -4.858 -2.8796
4.8 -4.8 -4.1376 -2.9856
4.8 -4.6 -3.4748 -3.0916
4.8 -4.4 -2.8672 -3.1976
4.8 -4.2 -2.3124 -3.3036
4.8 -4 -1.808 -3.4096
4.8 -3.8 -1.3516 -3.5156
4.8 -3.6 -0.940802 -3.6216
4.8 -3.4 -0.573202 -3.7276
4.8 -3.2 -0.246402 -3.8336
4.8 -3 0.0419986 -3.9396
4.8 -2.8 0.294399 -4.0456
4.8 -2.6 0.513199 -4.1516
4.8 -2.4 0.700799 -4.2576
4.8 -2.2 0.859599 -4.3636
4.8 -2 0.991999 -4.4696
4.8 -1.8 1.1004 -4.5756
4.8 -1.6 1.1872 -4.6816
4.8 -1.4 1.2548 -4.7876
4.8 -1.2 1.3056 -4.8936
4.8 -1 1.342 -4.9996
4.8 -0.8 1.3664 -5.1056
4.8 -0.6 1.3812 -5.2116
4.8 -0.4 1.3888 -5.3176
4.8 -0.2 1.3916 -5.4236
4.8 -2.68221e-07 1.392 -5.5296
4.8 0.2 1.3924 -5.6356
4.8 0.4 1.3952 -5.7416
4.8 0.6 1.4028 -5.8476
4.8 0.8 1.4176 -5.9536
4.8 1 1.442 -6.0596
4.8 1.2 1.4784 -6.1656
4.8 1.4 1.5292 -6.2716
4.8 1.6 1.5968 -6.3776
4.8 1.8 1.6836 -6.4836
4.8 2 1.792 -6.5896
4.8 2.2 1.9244 -6.6956
4.8 2.4 2.0832 -6.8016
4.8 2.6 2.2708 -6.9076
4.8 2.8 2.4896 -7.0136
4.8 3 2.742 -7.1196
4.8 3.2 3.0304 -7.2256
4.8 3.4 3.3572 -7.3316
4.8 3.6 3.7248 -7.4376
4.8 3.8 4.1356 -7.5436
4.8 4 4.592 -7.6496
4.8 4.2 5.0964 -7.7556
4.8 4.4 5.6512 -7.8616
4.8 4.6 6.2588 -7.9676
4.8 4.8 6.9216 -8.0736
4.8 5 7.642 -8.1796
5 -5 -4.75 -3.5
5 -4.8 -4.0296 -3.61
5 -4.6 -3.3668 -3.72
5 -4.4 -2.7592 -3.83
5 -4.2 -2.2044 -3.94
5 -4 -1.7 -4.05
5 -3.8 -1.2436 -4.16
5 -3.6 -0.832802 -4.27
5 -3.4 -0.465202 -4.38
5 -3.2 -0.138402 -4.49
5 -3 0.149999 -4.6
5 -2.8 0.402399 -4.71
5 -2.6 0.621199 -4.82
5 -2.4 0.808799 -4.93
5 -2.2 0.967599 -5.04
5 -2 1.1 -5.15
5 -1.8 1.2084 -5.26
5 -1.6 1.2952 -5.37
5 -1.4 1.3628 -5.48
5 -1.2 1.4136 -5.59
5 -1 1.45 -5.7
5 -0.8 1.4744 -5.81
5 -0.6 1.4892 -5.92
5 -0.4 1.4968 -6.03
5 -0.2 1.4996 -6.14
5 -2.68221e-07 1.5 -6.25
5 0.2 1.5004 -6.36
5 0.4 1.5032 -6.47
5 0.6 1.5108 -6.58
5 0.8 1.5256 -6.69
5 1 1.55 -6.8
5 1.2 1.5864 -6.91
5 1.4 1.6372 -7.02
5 1.6 1.7048 -7.13
5 1.8 1.7916 -7.24
5 2 1.9 -7.35
5 2.2 2.0324 -7.46
5 2.4 2.1912 -7.57
5 2.6 2.3788 -7.68
5 2.8 2.5976 -7.79
5 3 2.85 -7.9
5 3.2 3.1384 -8.01
5 3.4 3.4652 -8.12
5 3.6 3.8328 -8.23
5 3.8 4.2436 -8.34
5 4 4.7 -8.45
5 4.2 5.2044 -8.56
5 4.4 5.7592 -8.67
5 4.6 6.3668 -8.78
5 4.8 7.0296 -8.89
5 5 7.75 -9
