-5 -5 -0.25 781.5
-5 -4.8 -0.25 691.44
-5 -4.6 -0.25 608.58
-5 -4.4 -0.25 532.62
-5 -4.2 -0.25 463.26
-5 -4 -0.25 400.2
-5 -3.8 -0.25 343.14
-5 -3.6 -0.25 291.78
-5 -3.4 -0.25 245.82
-5 -3.2 -0.25 204.96
-5 -3 -0.25 168.9
-5 -2.8 -0.25 137.34
-5 -2.6 -0.25 109.98
-5 -2.4 -0.25 86.5201
-5 -2.2 -0.25 66.66
-5 -2 -0.25 50.1
-5 -1.8 -0.25 36.54
-5 -1.6 -0.25 25.68
-5 -1.4 -0.25 17.22
-5 -1.2 -0.25 10.86
-5 -1 -0.25 6.3
-5 -0.8 -0.25 3.24
-5 -0.6 -0.25 1.38
-5 -0.4 -0.25 0.420001
-5 -0.2 -0.25 0.0600002
-5 -2.68221e-07 -0.25 1.3411e-08
-5 0.2 -0.25 -0.0599998
-5 0.4 -0.25 -0.419999
-5 0.6 -0.25 -1.38
-5 0.8 -0.25 -3.24
-5 1 -0.25 -6.29999
-5 1.2 -0.25 -10.86
-5 1.4 -0.25 -17.22
-5 1.6 -0.25 -25.68
-5 1.8 -0.25 -36.54
-5 2 -0.25 -50.1
-5 2.2 -0.25 -66.66
-5 2.4 -0.25 -86.52
-5 2.6 -0.25 -109.98
-5 2.8 -0.25 -137.34
-5 3 -0.25 -168.9
-5 3.2 -0.25 -204.96
-5 3.4 -0.25 -245.82
-5 3.6 -0.25 -291.78
-5 3.8 -0.25 -343.14
-5 4 -0.25 -400.2
-5 4.2 -0.25 -463.26
-5 4.4 -0.25 -532.62
-5 4.6 -0.25 -608.58
-5 4.8 -0.25 -691.44
-5 5 -0.25 -781.5
-4.8 -5 -0.24 691.45
-4.8 -4.8 -0.24 611.77
-4.8 -4.6 -0.24 538.459
-4.8 -4.4 -0.24 471.254
-4.8 -4.2 -0.24 409.887
-4.8 -4 -0.24 354.095
-4.8 -3.8 -0.24 303.61
-4.8 -3.6 -0.24 258.169
-4.8 -3.4 -0.24 217.506
-4.8 -3.2 -0.24 181.354
-4.8 -3 -0.24 149.449
-4.8 -2.8 -0.24 121.526
-4.8 -2.6 -0.24 97.3183
-4.8 -2.4 -0.24 76.5613
-4.8 -2.2 -0.24 58.9892
-4.8 -2 -0.24 44.3368
-4.8 -1.8 -0.24 32.3387
-4.8 -1.6 -0.24 22.7293
-4.8 -1.4 -0.24 15.2432
-4.8 -1.2 -0.24 9.61516
-4.8 -1 -0.24 5.5796
-4.8 -0.8 -0.24 2.87116
-4.8 -0.6 -0.24 1.2244
-4.8 -0.4 -0.24 0.373895
-4.8 -0.2 -0.24 0.054237
-4.8 -2.68221e-07 -0.24 1.3411e-08
-4.8 0.2 -0.24 -0.0542366
-4.8 0.4 -0.24 -0.373894
-4.8 0.6 -0.24 -1.22439
-4.8 0.8 -0.24 -2.87115
-4.8 1 -0.24 -5.5796
-4.8 1.2 -0.24 -9.61514
-4.8 1.4 -0.24 -15.2432
-4.8 1.6 -0.24 -22.7292
-4.8 1.8 -0.24 -32.3386
-4.8 2 -0.24 -44.3368
-4.8 2.2 -0.24 -58.9892
-4.8 2.4 -0.24 -76.5612
-4.8 2.6 -0.24 -97.3183
-4.8 2.8 -0.24 -121.526
-4.8 3 -0.24 -149.449
-4.8 3.2 -0.24 -181.354
-4.8 3.4 -0.24 -217.505
-4.8 3.6 -0.24 -258.169
-4.8 3.8 -0.24 -303.61
-4.8 4 -0.24 -354.094
-4.8 4.2 -0.24 -409.887
-4.8 4.4 -0.24 -471.253
-4.8 4.6 -0.24 -538.459
-4.8 4.8 -0.24 -611.769
-4.8 5 -0.24 -691.45
-4.6 -5 -0.23 608.6
-4.6 -4.8 -0.23 538.469
-4.6 -4.6 -0.23 473.945
-4.6 -4.4 -0.23 414.794
-4.6 -4.2 -0.23 360.782
-4.6 -4 -0.23 311.676
-4.6 -3.8 -0.23 267.241
-4.6 -3.6 -0.23 227.246
-4.6 -3.4 -0.23 191.455
-4.6 -3.2 -0.23 159.635
-4.6 -3 -0.23 131.554
-4.6 -2.8 -0.23 106.976
-4.6 -2.6 -0.23 85.669
-4.6 -2.4 -0.23 67.3987
-4.6 -2.2 -0.23 51.9317
-4.6 -2 -0.23 39.0344
-4.6 -1.8 -0.23 28.4732
-4.6 -1.6 -0.23 20.0144
-4.6 -1.4 -0.23 13.4245
-4.6 -1.2 -0.23 8.46984
-4.6 -1 -0.23 4.9168
-4.6 -0.8 -0.23 2.5318
-4.6 -0.6 -0.23 1.08123
-4.6 -0.4 -0.23 0.331476
-4.6 -0.2 -0.23 0.0489346
-4.6 -2.68221e-07 -0.23 1.3411e-08
-4.6 0.2 -0.23 -0.0489342
-4.6 0.4 -0.23 -0.331475
-4.6 0.6 -0.23 -1.08123
-4.6 0.8 -0.23 -2.5318
-4.6 1 -0.23 -4.9168
-4.6 1.2 -0.23 -8.46983
-4.6 1.4 -0.23 -13.4245
-4.6 1.6 -0.23 -20.0144
-4.6 1.8 -0.23 -28.4732
-4.6 2 -0.23 -39.0344
-4.6 2.2 -0.23 -51.9317
-4.6 2.4 -0.23 -67.3986
-4.6 2.6 -0.23 -85.6689
-4.6 2.8 -0.23 -106.976
-4.6 3 -0.23 -131.554
-4.6 3.2 -0.23 -159.635
-4.6 3.4 -0.23 -191.455
-4.6 3.6 -0.23 -227.246
-4.6 3.8 -0.23 -267.241
-4.6 4 -0.23 -311.675
-4.6 4.2 -0.23 -360.782
-4.6 4.4 -0.23 -414.794
-4.6 4.6 -0.23 -473.945
-4.6 4.8 -0.23 -538.469
-4.6 5 -0.23 -608.6
-4.4 -5 -0.22 532.65
-4.4 -4.8 -0.22 471.274
-4.4 -4.6 -0.22 414.804
-4.4 -4.4 -0.22 363.036
-4.4 -4.2 -0.22 315.766
-4.4 -4 -0.22 272.789
-4.4 -3.8 -0.22 233.901
-4.4 -3.6 -0.22 198.897
-4.4 -3.4 -0.22 167.574
-4.4 -3.2 -0.22 139.726
-4.4 -3 -0.22 115.149
-4.4 -2.8 -0.22 93.6381
-4.4 -2.6 -0.22 74.9898
-4.4 -2.4 -0.22 58.9992
-4.4 -2.2 -0.22 45.462
-4.4 -2 -0.22 34.1736
-4.4 -1.8 -0.22 24.9297
-4.4 -1.6 -0.22 17.5257
-4.4 -1.4 -0.22 11.7573
-4.4 -1.2 -0.22 7.41991
-4.4 -1 -0.22 4.30921
-4.4 -0.8 -0.22 2.22071
-4.4 -0.6 -0.22 0.949989
-4.4 -0.4 -0.22 0.292589
-4.4 -0.2 -0.22 0.0440738
-4.4 -2.68221e-07 -0.22 1.3411e-08
-4.4 0.2 -0.22 -0.0440735
-4.4 0.4 -0.22 -0.292588
-4.4 0.6 -0.22 -0.949986
-4.4 0.8 -0.22 -2.22071
-4.4 1 -0.22 -4.3092
-4.4 1.2 -0.22 -7.41989
-4.4 1.4 -0.22 -11.7572
-4.4 1.6 -0.22 -17.5257
-4.4 1.8 -0.22 -24.9297
-4.4 2 -0.22 -34.1736
-4.4 2.2 -0.22 -45.462
-4.4 2.4 -0.22 -58.9992
-4.4 2.6 -0.22 -74.9897
-4.4 2.8 -0.22 -93.638
-4.4 3 -0.22 -115.148
-4.4 3.2 -0.22 -139.726
-4.4 3.4 -0.22 -167.574
-4.4 3.6 -0.22 -198.897
-4.4 3.8 -0.22 -233.901
-4.4 4 -0.22 -272.789
-4.4 4.2 -0.22 -315.766
-4.4 4.4 -0.22 -363.036
-4.4 4.6 -0.22 -414.804
-4.4 4.8 -0.22 -471.273
-4.4 5 -0.22 -532.65
-4.2 -5 -0.21 463.3
-4.2 -4.8 -0.21 409.917
-4.2 -4.6 -0.21 360.802
-4.2 -4.4 -0.21 315.776
-4.2 -4.2 -0.21 274.662
-4.2 -4 -0.21 237.282
-4.2 -3.8 -0.21 203.458
-4.2 -3.6 -0.21 173.013
-4.2 -3.4 -0.21 145.768
-4.2 -3.2 -0.21 121.546
-4.2 -3 -0.21 100.169
-4.2 -2.8 -0.21 81.4591
-4.2 -2.6 -0.21 65.2386
-4.2 -2.4 -0.21 51.3297
-4.2 -2.2 -0.21 39.5545
-4.2 -2 -0.21 29.7352
-4.2 -1.8 -0.21 21.6941
-4.2 -1.6 -0.21 15.2532
-4.2 -1.4 -0.21 10.2349
-4.2 -1.2 -0.21 6.46121
-4.2 -1 -0.21 3.7544
-4.2 -0.8 -0.21 1.93666
-4.2 -0.6 -0.21 0.830152
-4.2 -0.4 -0.21 0.257082
-4.2 -0.2 -0.21 0.0396354
-4.2 -2.68221e-07 -0.21 1.3411e-08
-4.2 0.2 -0.21 -0.0396351
-4.2 0.4 -0.21 -0.257081
-4.2 0.6 -0.21 -0.83015
-4.2 0.8 -0.21 -1.93665
-4.2 1 -0.21 -3.7544
-4.2 1.2 -0.21 -6.4612
-4.2 1.4 -0.21 -10.2349
-4.2 1.6 -0.21 -15.2532
-4.2 1.8 -0.21 -21.6941
-4.2 2 -0.21 -29.7352
-4.2 2.2 -0.21 -39.5545
-4.2 2.4 -0.21 -51.3296
-4.2 2.6 -0.21 -65.2386
-4.2 2.8 -0.21 -81.459
-4.2 3 -0.21 -100.169
-4.2 3.2 -0.21 -121.546
-4.2 3.4 -0.21 -145.768
-4.2 3.6 -0.21 -173.013
-4.2 3.8 -0.21 -203.458
-4.2 4 -0.21 -237.282
-4.2 4.2 -0.21 -274.662
-4.2 4.4 -0.21 -315.776
-4.2 4.6 -0.21 -360.802
-4.2 4.8 -0.21 -409.917
-4.2 5 -0.21 -463.3
-4 -5 -0.2 400.25
-4 -4.8 -0.2 354.135
-4 -4.6 -0.2 311.706
-4 -4.4 -0.2 272.809
-4 -4.2 -0.2 237.292
-4 -4 -0.2 205
-4 -3.8 -0.2 175.781
-4 -3.6 -0.2 149.479
-4 -3.4 -0.2 125.943
-4 -3.2 -0.2 105.018
-4 -3 -0.2 86.5501
-4 -2.8 -0.2 70.3865
-4 -2.6 -0.2 56.3733
-4 -2.4 -0.2 44.3569
-4 -2.2 -0.2 34.1837
-4 -2 -0.2 25.7
-4 -1.8 -0.2 18.7524
-4 -1.6 -0.2 13.1872
-4 -1.4 -0.2 8.85081
-4 -1.2 -0.2 5.58961
-4 -1 -0.2 3.25
-4 -0.8 -0.2 1.6784
-4 -0.6 -0.2 0.721201
-4 -0.4 -0.2 0.224801
-4 -0.2 -0.2 0.0356001
-4 -2.68221e-07 -0.2 1.3411e-08
-4 0.2 -0.2 -0.0355999
-4 0.4 -0.2 -0.2248
-4 0.6 -0.2 -0.7212
-4 0.8 -0.2 -1.6784
-4 1 -0.2 -3.25
-4 1.2 -0.2 -5.5896
-4 1.4 -0.2 -8.8508
-4 1.6 -0.2 -13.1872
-4 1.8 -0.2 -18.7524
-4 2 -0.2 -25.7
-4 2.2 -0.2 -34.1836
-4 2.4 -0.2 -44.3568
-4 2.6 -0.2 -56.3732
-4 2.8 -0.2 -70.3864
-4 3 -0.2 -86.5501
-4 3.2 -0.2 -105.018
-4 3.4 -0.2 -125.943
-4 3.6 -0.2 -149.479
-4 3.8 -0.2 -175.781
-4 4 -0.2 -205
-4 4.2 -0.2 -237.292
-4 4.4 -0.2 -272.809
-4 4.6 -0.2 -311.705
-4 4.8 -0.2 -354.134
-4 5 -0.2 -400.25
-3.8 -5 -0.19 343.2
-3.8 -4.8 -0.19 303.66
-3.8 -4.6 -0.19 267.281
-3.8 -4.4 -0.19 233.931
-3.8 -4.2 -0.19 203.478
-3.8 -4 -0.19 175.791
-3.8 -3.8 -0.19 150.737
-3.8 -3.6 -0.19 128.186
-3.8 -3.4 -0.19 108.005
-3.8 -3.2 -0.19 90.0624
-3.8 -3 -0.19 74.2273
-3.8 -2.8 -0.19 60.3676
-3.8 -2.6 -0.19 48.3516
-3.8 -2.4 -0.19 38.0476
-3.8 -2.2 -0.19 29.3239
-3.8 -2 -0.19 22.0488
-3.8 -1.8 -0.19 16.0907
-3.8 -1.6 -0.19 11.3178
-3.8 -1.4 -0.19 7.59845
-3.8 -1.2 -0.19 4.80095
-3.8 -1 -0.19 2.7936
-3.8 -0.8 -0.19 1.44473
-3.8 -0.6 -0.19 0.622619
-3.8 -0.4 -0.19 0.195591
-3.8 -0.2 -0.19 0.0319489
-3.8 -2.68221e-07 -0.19 1.3411e-08
-3.8 0.2 -0.19 -0.0319487
-3.8 0.4 -0.19 -0.19559
-3.8 0.6 -0.19 -0.622617
-3.8 0.8 -0.19 -1.44472
-3.8 1 -0.19 -2.7936
-3.8 1.2 -0.19 -4.80094
-3.8 1.4 -0.19 -7.59844
-3.8 1.6 -0.19 -11.3178
-3.8 1.8 -0.19 -16.0907
-3.8 2 -0.19 -22.0488
-3.8 2.2 -0.19 -29.3239
-3.8 2.4 -0.19 -38.0475
-3.8 2.6 -0.19 -48.3515
-3.8 2.8 -0.19 -60.3675
-3.8 3 -0.19 -74.2273
-3.8 3.2 -0.19 -90.0624
-3.8 3.4 -0.19 -108.005
-3.8 3.6 -0.19 -128.186
-3.8 3.8 -0.19 -150.737
-3.8 4 -0.19 -175.791
-3.8 4.2 -0.19 -203.478
-3.8 4.4 -0.19 -233.931
-3.8 4.6 -0.19 -267.281
-3.8 4.8 -0.19 -303.66
-3.8 5 -0.19 -343.2
-3.6 -5 -0.18 291.85
-3.6 -4.8 -0.18 258.229
-3.6 -4.6 -0.18 227.296
-3.6 -4.4 -0.18 198.937
-3.6 -4.2 -0.18 173.043
-3.6 -4 -0.18 149.499
-3.6 -3.8 -0.18 128.196
-3.6 -3.6 -0.18 109.019
-3.6 -3.4 -0.18 91.8585
-3.6 -3.2 -0.18 76.6013
-3.6 -3 -0.18 63.1357
-3.6 -2.8 -0.18 51.3497
-3.6 -2.6 -0.18 41.1314
-3.6 -2.4 -0.18 32.3687
-3.6 -2.2 -0.18 24.9497
-3.6 -2 -0.18 18.7624
-3.6 -1.8 -0.18 13.6949
-3.6 -1.6 -0.18 9.63516
-3.6 -1.4 -0.18 6.47121
-3.6 -1.2 -0.18 4.09108
-3.6 -1 -0.18 2.3828
-3.6 -0.8 -0.18 1.2344
-3.6 -0.6 -0.18 0.533886
-3.6 -0.4 -0.18 0.1693
-3.6 -0.2 -0.18 0.0286625
-3.6 -2.68221e-07 -0.18 1.3411e-08
-3.6 0.2 -0.18 -0.0286623
-3.6 0.4 -0.18 -0.169299
-3.6 0.6 -0.18 -0.533884
-3.6 0.8 -0.18 -1.23439
-3.6 1 -0.18 -2.3828
-3.6 1.2 -0.18 -4.09108
-3.6 1.4 -0.18 -6.4712
-3.6 1.6 -0.18 -9.63515
-3.6 1.8 -0.18 -13.6949
-3.6 2 -0.18 -18.7624
-3.6 2.2 -0.18 -24.9497
-3.6 2.4 -0.18 -32.3686
-3.6 2.6 -0.18 -41.1313
-3.6 2.8 -0.18 -51.3497
-3.6 3 -0.18 -63.1356
-3.6 3.2 -0.18 -76.6012
-3.6 3.4 -0.18 -91.8585
-3.6 3.6 -0.18 -109.019
-3.6 3.8 -0.18 -128.196
-3.6 4 -0.18 -149.499
-3.6 4.2 -0.18 -173.043
-3.6 4.4 -0.18 -198.937
-3.6 4.6 -0.18 -227.296
-3.6 4.8 -0.18 -258.229
-3.6 5 -0.18 -291.85
-3.4 -5 -0.17 245.9
-3.4 -4.8 -0.17 217.576
-3.4 -4.6 -0.17 191.515
-3.4 -4.4 -0.17 167.624
-3.4 -4.2 -0.17 145.808
-3.4 -4 -0.17 125.973
-3.4 -3.8 -0.17 108.025
-3.4 -3.6 -0.17 91.8685
-3.4 -3.4 -0.17 77.4103
-3.4 -3.2 -0.17 64.5558
-3.4 -3 -0.17 53.2105
-3.4 -2.8 -0.17 43.2801
-3.4 -2.6 -0.17 34.6704
-3.4 -2.4 -0.17 27.287
-3.4 -2.2 -0.17 21.0355
-3.4 -2 -0.17 15.8216
-3.4 -1.8 -0.17 11.5511
-3.4 -1.6 -0.17 8.12947
-3.4 -1.4 -0.17 5.46252
-3.4 -1.2 -0.17 3.45587
-3.4 -1 -0.17 2.0152
-3.4 -0.8 -0.17 1.04618
-3.4 -0.6 -0.17 0.454484
-3.4 -0.4 -0.17 0.145773
-3.4 -0.2 -0.17 0.0257217
-3.4 -2.68221e-07 -0.17 1.3411e-08
-3.4 0.2 -0.17 -0.0257215
-3.4 0.4 -0.17 -0.145773
-3.4 0.6 -0.17 -0.454483
-3.4 0.8 -0.17 -1.04618
-3.4 1 -0.17 -2.0152
-3.4 1.2 -0.17 -3.45587
-3.4 1.4 -0.17 -5.46251
-3.4 1.6 -0.17 -8.12946
-3.4 1.8 -0.17 -11.5511
-3.4 2 -0.17 -15.8216
-3.4 2.2 -0.17 -21.0355
-3.4 2.4 -0.17 -27.2869
-3.4 2.6 -0.17 -34.6704
-3.4 2.8 -0.17 -43.2801
-3.4 3 -0.17 -53.2104
-3.4 3.2 -0.17 -64.5557
-3.4 3.4 -0.17 -77.4103
-3.4 3.6 -0.17 -91.8684
-3.4 3.8 -0.17 -108.025
-3.4 4 -0.17 -125.973
-3.4 4.2 -0.17 -145.808
-3.4 4.4 -0.17 -167.624
-3.4 4.6 -0.17 -191.515
-3.4 4.8 -0.17 -217.575
-3.4 5 -0.17 -245.9
-3.2 -5 -0.16 205.05
-3.2 -4.8 -0.16 181.434
-3.2 -4.6 -0.16 159.705
-3.2 -4.4 -0.16 139.786
-3.2 -4.2 -0.16 121.596
-3.2 -4 -0.16 105.058
-3.2 -3.8 -0.16 90.0924
-3.2 -3.6 -0.16 76.6213
-3.2 -3.4 -0.16 64.5658
-3.2 -3.2 -0.16 53.8472
-3.2 -3 -0.16 44.3869
-3.2 -2.8 -0.16 36.1062
-3.2 -2.6 -0.16 28.9266
-3.2 -2.4 -0.16 22.7693
-3.2 -2.2 -0.16 17.5557
-3.2 -2 -0.16 13.2072
-3.2 -1.8 -0.16 9.64516
-3.2 -1.6 -0.16 6.7909
-3.2 -1.4 -0.16 4.56578
-3.2 -1.2 -0.16 2.89116
-3.2 -1 -0.16 1.6884
-3.2 -0.8 -0.16 0.878862
-3.2 -0.6 -0.16 0.383895
-3.2 -0.4 -0.16 0.124858
-3.2 -0.2 -0.16 0.0231073
-3.2 -2.68221e-07 -0.16 1.3411e-08
-3.2 0.2 -0.16 -0.0231071
-3.2 0.4 -0.16 -0.124857
-3.2 0.6 -0.16 -0.383894
-3.2 0.8 -0.16 -0.87886
-3.2 1 -0.16 -1.6884
-3.2 1.2 -0.16 -2.89116
-3.2 1.4 -0.16 -4.56577
-3.2 1.6 -0.16 -6.79089
-3.2 1.8 -0.16 -9.64515
-3.2 2 -0.16 -13.2072
-3.2 2.2 -0.16 -17.5557
-3.2 2.4 -0.16 -22.7693
-3.2 2.6 -0.16 -28.9265
-3.2 2.8 -0.16 -36.1062
-3.2 3 -0.16 -44.3868
-3.2 3.2 -0.16 -53.8471
-3.2 3.4 -0.16 -64.5657
-3.2 3.6 -0.16 -76.6213
-3.2 3.8 -0.16 -90.0924
-3.2 4 -0.16 -105.058
-3.2 4.2 -0.16 -121.596
-3.2 4.4 -0.16 -139.786
-3.2 4.6 -0.16 -159.705
-3.2 4.8 -0.16 -181.434
-3.2 5 -0.16 -205.05
-3 -5 -0.15 169
-3 -4.8 -0.15 149.539
-3 -4.6 -0.15 131.634
-3 -4.4 -0.15 115.219
-3 -4.2 -0.15 100.229
-3 -4 -0.15 86.6001
-3 -3.8 -0.15 74.2673
-3 -3.6 -0.15 63.1657
-3 -3.4 -0.15 53.2305
-3 -3.2 -0.15 44.3969
-3 -3 -0.15 36.6001
-3 -2.8 -0.15 29.7752
-3 -2.6 -0.15 23.8576
-3 -2.4 -0.15 18.7824
-3 -2.2 -0.15 14.4848
-3 -2 -0.15 10.9
-3 -1.8 -0.15 7.96321
-3 -1.6 -0.15 5.60961
-3 -1.4 -0.15 3.77441
-3 -1.2 -0.15 2.3928
-3 -1 -0.15 1.4
-3 -0.8 -0.15 0.731201
-3 -0.6 -0.15 0.321601
-3 -0.4 -0.15 0.1064
-3 -0.2 -0.15 0.0208001
-3 -2.68221e-07 -0.15 1.3411e-08
-3 0.2 -0.15 -0.0208
-3 0.4 -0.15 -0.1064
-3 0.6 -0.15 -0.3216
-3 0.8 -0.15 -0.7312
-3 1 -0.15 -1.4
-3 1.2 -0.15 -2.3928
-3 1.4 -0.15 -3.7744
-3 1.6 -0.15 -5.6096
-3 1.8 -0.15 -7.9632
-3 2 -0.15 -10.9
-3 2.2 -0.15 -14.4848
-3 2.4 -0.15 -18.7824
-3 2.6 -0.15 -23.8576
-3 2.8 -0.15 -29.7752
-3 3 -0.15 -36.6
-3 3.2 -0.15 -44.3968
-3 3.4 -0.15 -53.2304
-3 3.6 -0.15 -63.1657
-3 3.8 -0.15 -74.2673
-3 4 -0.15 -86.6001
-3 4.2 -0.15 -100.229
-3 4.4 -0.15 -115.218
-3 4.6 -0.15 -131.634
-3 4.8 -0.15 -149.539
-3 5 -0.15 -169
-2.8 -5 -0.14 137.45
-2.8 -4.8 -0.14 121.626
-2.8 -4.6 -0.14 107.066
-2.8 -4.4 -0.14 93.7181
-2.8 -4.2 -0.14 81.5291
-2.8 -4 -0.14 70.4465
-2.8 -3.8 -0.14 60.4176
-2.8 -3.6 -0.14 51.3897
-2.8 -3.4 -0.14 43.3101
-2.8 -3.2 -0.14 36.1262
-2.8 -3 -0.14 29.7852
-2.8 -2.8 -0.14 24.2345
-2.8 -2.6 -0.14 19.4214
-2.8 -2.4 -0.14 15.2932
-2.8 -2.2 -0.14 11.7973
-2.8 -2 -0.14 8.88081
-2.8 -1.8 -0.14 6.49121
-2.8 -1.6 -0.14 4.57578
-2.8 -1.4 -0.14 3.08182
-2.8 -1.2 -0.14 1.95666
-2.8 -1 -0.14 1.1476
-2.8 -0.8 -0.14 0.601972
-2.8 -0.6 -0.14 0.267082
-2.8 -0.4 -0.14 0.0902466
-2.8 -0.2 -0.14 0.0187809
-2.8 -2.68221e-07 -0.14 1.3411e-08
-2.8 0.2 -0.14 -0.0187808
-2.8 0.4 -0.14 -0.0902463
-2.8 0.6 -0.14 -0.267081
-2.8 0.8 -0.14 -0.601971
-2.8 1 -0.14 -1.1476
-2.8 1.2 -0.14 -1.95665
-2.8 1.4 -0.14 -3.08181
-2.8 1.6 -0.14 -4.57577
-2.8 1.8 -0.14 -6.49121
-2.8 2 -0.14 -8.88081
-2.8 2.2 -0.14 -11.7973
-2.8 2.4 -0.14 -15.2932
-2.8 2.6 -0.14 -19.4214
-2.8 2.8 -0.14 -24.2345
-2.8 3 -0.14 -29.7852
-2.8 3.2 -0.14 -36.1262
-2.8 3.4 -0.14 -43.3101
-2.8 3.6 -0.14 -51.3897
-2.8 3.8 -0.14 -60.4176
-2.8 4 -0.14 -70.4464
-2.8 4.2 -0.14 -81.529
-2.8 4.4 -0.14 -93.718
-2.8 4.6 -0.14 -107.066
-2.8 4.8 -0.14 -121.626
-2.8 5 -0.14 -137.45
-2.6 -5 -0.13 110.1
-2.6 -4.8 -0.13 97.4283
-2.6 -4.6 -0.13 85.769
-2.6 -4.4 -0.13 75.0798
-2.6 -4.2 -0.13 65.3186
-2.6 -4 -0.13 56.4433
-2.6 -3.8 -0.13 48.4116
-2.6 -3.6 -0.13 41.1814
-2.6 -3.4 -0.13 34.7104
-2.6 -3.2 -0.13 28.9566
-2.6 -3 -0.13 23.8776
-2.6 -2.8 -0.13 19.4314
-2.6 -2.6 -0.13 15.5758
-2.6 -2.4 -0.13 12.2685
-2.6 -2.2 -0.13 9.46748
-2.6 -2 -0.13 7.13041
-2.6 -1.8 -0.13 5.21517
-2.6 -1.6 -0.13 3.67957
-2.6 -1.4 -0.13 2.48143
-2.6 -1.2 -0.13 1.57857
-2.6 -1 -0.13 0.928801
-2.6 -0.8 -0.13 0.489946
-2.6 -0.6 -0.13 0.219821
-2.6 -0.4 -0.13 0.0762434
-2.6 -0.2 -0.13 0.0170304
-2.6 -2.68221e-07 -0.13 1.3411e-08
-2.6 0.2 -0.13 -0.0170304
-2.6 0.4 -0.13 -0.0762431
-2.6 0.6 -0.13 -0.219821
-2.6 0.8 -0.13 -0.489945
-2.6 1 -0.13 -0.9288
-2.6 1.2 -0.13 -1.57857
-2.6 1.4 -0.13 -2.48143
-2.6 1.6 -0.13 -3.67957
-2.6 1.8 -0.13 -5.21516
-2.6 2 -0.13 -7.1304
-2.6 2.2 -0.13 -9.46747
-2.6 2.4 -0.13 -12.2685
-2.6 2.6 -0.13 -15.5758
-2.6 2.8 -0.13 -19.4314
-2.6 3 -0.13 -23.8776
-2.6 3.2 -0.13 -28.9565
-2.6 3.4 -0.13 -34.7104
-2.6 3.6 -0.13 -41.1813
-2.6 3.8 -0.13 -48.4116
-2.6 4 -0.13 -56.4432
-2.6 4.2 -0.13 -65.3186
-2.6 4.4 -0.13 -75.0797
-2.6 4.6 -0.13 -85.7689
-2.6 4.8 -0.13 -97.4283
-2.6 5 -0.13 -110.1
-2.4 -5 -0.12 86.6501
-2.4 -4.8 -0.12 76.6813
-2.4 -4.6 -0.12 67.5087
-2.4 -4.4 -0.12 59.0992
-2.4 -4.2 -0.12 51.4197
-2.4 -4 -0.12 44.4369
-2.4 -3.8 -0.12 38.1176
-2.4 -3.6 -0.12 32.4287
-2.4 -3.4 -0.12 27.337
-2.4 -3.2 -0.12 22.8093
-2.4 -3 -0.12 18.8124
-2.4 -2.8 -0.12 15.3132
-2.4 -2.6 -0.12 12.2785
-2.4 -2.4 -0.12 9.67516
-2.4 -2.2 -0.12 7.46991
-2.4 -2 -0.12 5.62961
-2.4 -1.8 -0.12 4.12108
-2.4 -1.6 -0.12 2.91116
-2.4 -1.4 -0.12 1.96666
-2.4 -1.2 -0.12 1.2544
-2.4 -1 -0.12 0.741201
-2.4 -0.8 -0.12 0.393895
-2.4 -0.6 -0.12 0.1793
-2.4 -0.4 -0.12 0.0642369
-2.4 -0.2 -0.12 0.0155296
-2.4 -2.68221e-07 -0.12 1.3411e-08
-2.4 0.2 -0.12 -0.0155296
-2.4 0.4 -0.12 -0.0642367
-2.4 0.6 -0.12 -0.179299
-2.4 0.8 -0.12 -0.393894
-2.4 1 -0.12 -0.7412
-2.4 1.2 -0.12 -1.25439
-2.4 1.4 -0.12 -1.96665
-2.4 1.6 -0.12 -2.91116
-2.4 1.8 -0.12 -4.12108
-2.4 2 -0.12 -5.6296
-2.4 2.2 -0.12 -7.4699
-2.4 2.4 -0.12 -9.67515
-2.4 2.6 -0.12 -12.2785
-2.4 2.8 -0.12 -15.3132
-2.4 3 -0.12 -18.8124
-2.4 3.2 -0.12 -22.8093
-2.4 3.4 -0.12 -27.3369
-2.4 3.6 -0.12 -32.4287
-2.4 3.8 -0.12 -38.1176
-2.4 4 -0.12 -44.4368
-2.4 4.2 -0.12 -51.4197
-2.4 4.4 -0.12 -59.0992
-2.4 4.6 -0.12 -67.5087
-2.4 4.8 -0.12 -76.6812
-2.4 5 -0.12 -86.65
-2.2 -5 -0.11 66.8
-2.2 -4.8 -0.11 59.1192
-2.2 -4.6 -0.11 52.0517
-2.2 -4.4 -0.11 45.572
-2.2 -4.2 -0.11 39.6545
-2.2 -4 -0.11 34.2736
-2.2 -3.8 -0.11 29.4039
-2.2 -3.6 -0.11 25.0197
-2.2 -3.4 -0.11 21.0955
-2.2 -3.2 -0.11 17.6057
-2.2 -3 -0.11 14.5248
-2.2 -2.8 -0.11 11.8273
-2.2 -2.6 -0.11 9.48748
-2.2 -2.4 -0.11 7.47991
-2.2 -2.2 -0.11 5.779
-2.2 -2 -0.11 4.35921
-2.2 -1.8 -0.11 3.19496
-2.2 -1.6 -0.11 2.26071
-2.2 -1.4 -0.11 1.53091
-2.2 -1.2 -0.11 0.979989
-2.2 -1 -0.11 0.582401
-2.2 -0.8 -0.11 0.312589
-2.2 -0.6 -0.11 0.144999
-2.2 -0.4 -0.11 0.0540737
-2.2 -0.2 -0.11 0.0142592
-2.2 -2.68221e-07 -0.11 1.3411e-08
-2.2 0.2 -0.11 -0.0142592
-2.2 0.4 -0.11 -0.0540735
-2.2 0.6 -0.11 -0.144998
-2.2 0.8 -0.11 -0.312589
-2.2 1 -0.11 -0.5824
-2.2 1.2 -0.11 -0.979987
-2.2 1.4 -0.11 -1.53091
-2.2 1.6 -0.11 -2.26071
-2.2 1.8 -0.11 -3.19496
-2.2 2 -0.11 -4.3592
-2.2 2.2 -0.11 -5.779
-2.2 2.4 -0.11 -7.4799
-2.2 2.6 -0.11 -9.48747
-2.2 2.8 -0.11 -11.8273
-2.2 3 -0.11 -14.5248
-2.2 3.2 -0.11 -17.6057
-2.2 3.4 -0.11 -21.0955
-2.2 3.6 -0.11 -25.0197
-2.2 3.8 -0.11 -29.4039
-2.2 4 -0.11 -34.2736
-2.2 4.2 -0.11 -39.6545
-2.2 4.4 -0.11 -45.572
-2.2 4.6 -0.11 -52.0517
-2.2 4.8 -0.11 -59.1192
-2.2 5 -0.11 -66.8
-2 -5 -0.1 50.25
-2 -4.8 -0.1 44.4768
-2 -4.6 -0.1 39.1644
-2 -4.4 -0.1 34.2936
-2 -4.2 -0.1 29.8452
-2 -4 -0.1 25.8
-2 -3.8 -0.1 22.1388
-2 -3.6 -0.1 18.8424
-2 -3.4 -0.1 15.8916
-2 -3.2 -0.1 13.2672
-2 -3 -0.1 10.95
-2 -2.8 -0.1 8.92081
-2 -2.6 -0.1 7.16041
-2 -2.4 -0.1 5.64961
-2 -2.2 -0.1 4.36921
-2 -2 -0.1 3.3
-2 -1.8 -0.1 2.4228
-2 -1.6 -0.1 1.7184
-2 -1.4 -0.1 1.1676
-2 -1.2 -0.1 0.751201
-2 -1 -0.1 0.450001
-2 -0.8 -0.1 0.2448
-2 -0.6 -0.1 0.1164
-2 -0.4 -0.1 0.0456001
-2 -0.2 -0.1 0.0132
-2 -2.68221e-07 -0.1 1.3411e-08
-2 0.2 -0.1 -0.0132
-2 0.4 -0.1 -0.0456
-2 0.6 -0.1 -0.1164
-2 0.8 -0.1 -0.2448
-2 1 -0.1 -0.45
-2 1.2 -0.1 -0.7512
-2 1.4 -0.1 -1.1676
-2 1.6 -0.1 -1.7184
-2 1.8 -0.1 -2.4228
-2 2 -0.1 -3.3
-2 2.2 -0.1 -4.3692
-2 2.4 -0.1 -5.6496
-2 2.6 -0.1 -7.1604
-2 2.8 -0.1 -8.92081
-2 3 -0.1 -10.95
-2 3.2 -0.1 -13.2672
-2 3.4 -0.1 -15.8916
-2 3.6 -0.1 -18.8424
-2 3.8 -0.1 -22.1388
-2 4 -0.1 -25.8
-2 4.2 -0.1 -29.8452
-2 4.4 -0.1 -34.2936
-2 4.6 -0.1 -39.1644
-2 4.8 -0.1 -44.4768
-2 5 -0.1 -50.25
-1.8 -5 -0.09 36.7
-1.8 -4.8 -0.09 32.4887
-1.8 -4.6 -0.09 28.6132
-1.8 -4.4 -0.09 25.0597
-1.8 -4.2 -0.09 21.8141
-1.8 -4 -0.09 18.8624
-1.8 -3.8 -0.09 16.1907
-1.8 -3.6 -0.09 13.7849
-1.8 -3.4 -0.09 11.6311
-1.8 -3.2 -0.09 9.71516
-1.8 -3 -0.09 8.02321
-1.8 -2.8 -0.09 6.54121
-1.8 -2.6 -0.09 5.25517
-1.8 -2.4 -0.09 4.15108
-1.8 -2.2 -0.09 3.21496
-1.8 -2 -0.09 2.4328
-1.8 -1.8 -0.09 1.79061
-1.8 -1.6 -0.09 1.2744
-1.8 -1.4 -0.09 0.870152
-1.8 -1.2 -0.09 0.563886
-1.8 -1 -0.09 0.3416
-1.8 -0.8 -0.09 0.189299
-1.8 -0.6 -0.09 0.0929857
-1.8 -0.4 -0.09 0.0386625
-1.8 -0.2 -0.09 0.0123328
-1.8 -2.68221e-07 -0.09 1.3411e-08
-1.8 0.2 -0.09 -0.0123328
-1.8 0.4 -0.09 -0.0386624
-1.8 0.6 -0.09 -0.0929855
-1.8 0.8 -0.09 -0.189299
-1.8 1 -0.09 -0.3416
-1.8 1.2 -0.09 -0.563885
-1.8 1.4 -0.09 -0.870151
-1.8 1.6 -0.09 -1.27439
-1.8 1.8 -0.09 -1.79061
-1.8 2 -0.09 -2.4328
-1.8 2.2 -0.09 -3.21496
-1.8 2.4 -0.09 -4.15108
-1.8 2.6 -0.09 -5.25516
-1.8 2.8 -0.09 -6.54121
-1.8 3 -0.09 -8.02321
-1.8 3.2 -0.09 -9.71516
-1.8 3.4 -0.09 -11.6311
-1.8 3.6 -0.09 -13.7849
-1.8 3.8 -0.09 -16.1907
-1.8 4 -0.09 -18.8624
-1.8 4.2 -0.09 -21.8141
-1.8 4.4 -0.09 -25.0597
-1.8 4.6 -0.09 -28.6132
-1.8 4.8 -0.09 -32.4886
-1.8 5 -0.09 -36.7
-1.6 -5 -0.08 25.85
-1.6 -4.8 -0.08 22.8893
-1.6 -4.6 -0.08 20.1644
-1.6 -4.4 -0.08 17.6657
-1.6 -4.2 -0.08 15.3832
-1.6 -4 -0.08 13.3072
-1.6 -3.8 -0.08 11.4278
-1.6 -3.6 -0.08 9.73516
-1.6 -3.4 -0.08 8.21947
-1.6 -3.2 -0.08 6.8709
-1.6 -3 -0.08 5.67961
-1.6 -2.8 -0.08 4.63578
-1.6 -2.6 -0.08 3.72957
-1.6 -2.4 -0.08 2.95116
-1.6 -2.2 -0.08 2.29071
-1.6 -2 -0.08 1.7384
-1.6 -1.8 -0.08 1.2844
-1.6 -1.6 -0.08 0.918862
-1.6 -1.4 -0.08 0.631972
-1.6 -1.2 -0.08 0.413895
-1.6 -1 -0.08 0.2548
-1.6 -0.8 -0.08 0.144858
-1.6 -0.6 -0.08 0.0742369
-1.6 -0.4 -0.08 0.0331073
-1.6 -0.2 -0.08 0.0116384
-1.6 -2.68221e-07 -0.08 1.3411e-08
-1.6 0.2 -0.08 -0.0116384
-1.6 0.4 -0.08 -0.0331072
-1.6 0.6 -0.08 -0.0742368
-1.6 0.8 -0.08 -0.144858
-1.6 1 -0.08 -0.2548
-1.6 1.2 -0.08 -0.413894
-1.6 1.4 -0.08 -0.631971
-1.6 1.6 -0.08 -0.918861
-1.6 1.8 -0.08 -1.28439
-1.6 2 -0.08 -1.7384
-1.6 2.2 -0.08 -2.29071
-1.6 2.4 -0.08 -2.95116
-1.6 2.6 -0.08 -3.72957
-1.6 2.8 -0.08 -4.63577
-1.6 3 -0.08 -5.6796
-1.6 3.2 -0.08 -6.87089
-1.6 3.4 -0.08 -8.21947
-1.6 3.6 -0.08 -9.73516
-1.6 3.8 -0.08 -11.4278
-1.6 4 -0.08 -13.3072
-1.6 4.2 -0.08 -15.3832
-1.6 4.4 -0.08 -17.6657
-1.6 4.6 -0.08 -20.1644
-1.6 4.8 -0.08 -22.8892
-1.6 5 -0.08 -25.85
-1.4 -5 -0.07 17.4
-1.4 -4.8 -0.07 15.4132
-1.4 -4.6 -0.07 13.5845
-1.4 -4.4 -0.07 11.9073
-1.4 -4.2 -0.07 10.3749
-1.4 -4 -0.07 8.98081
-1.4 -3.8 -0.07 7.71845
-1.4 -3.6 -0.07 6.58121
-1.4 -3.4 -0.07 5.56252
-1.4 -3.2 -0.07 4.65578
-1.4 -3 -0.07 3.85441
-1.4 -2.8 -0.07 3.15182
-1.4 -2.6 -0.07 2.54143
-1.4 -2.4 -0.07 2.01666
-1.4 -2.2 -0.07 1.57091
-1.4 -2 -0.07 1.1976
-1.4 -1.8 -0.07 0.890152
-1.4 -1.6 -0.07 0.641972
-1.4 -1.4 -0.07 0.446477
-1.4 -1.2 -0.07 0.297082
-1.4 -1 -0.07 0.1872
-1.4 -0.8 -0.07 0.110247
-1.4 -0.6 -0.07 0.0596353
-1.4 -0.4 -0.07 0.0287808
-1.4 -0.2 -0.07 0.0110976
-1.4 -2.68221e-07 -0.07 1.3411e-08
-1.4 0.2 -0.07 -0.0110976
-1.4 0.4 -0.07 -0.0287808
-1.4 0.6 -0.07 -0.0596352
-1.4 0.8 -0.07 -0.110246
-1.4 1 -0.07 -0.1872
-1.4 1.2 -0.07 -0.297082
-1.4 1.4 -0.07 -0.446477
-1.4 1.6 -0.07 -0.641971
-1.4 1.8 -0.07 -0.890151
-1.4 2 -0.07 -1.1976
-1.4 2.2 -0.07 -1.57091
-1.4 2.4 -0.07 -2.01665
-1.4 2.6 -0.07 -2.54143
-1.4 2.8 -0.07 -3.15182
-1.4 3 -0.07 -3.8544
-1.4 3.2 -0.07 -4.65577
-1.4 3.4 -0.07 -5.56251
-1.4 3.6 -0.07 -6.58121
-1.4 3.8 -0.07 -7.71844
-1.4 4 -0.07 -8.98081
-1.4 4.2 -0.07 -10.3749
-1.4 4.4 -0.07 -11.9073
-1.4 4.6 -0.07 -13.5845
-1.4 4.8 -0.07 -15.4132
-1.4 5 -0.07 -17.4
-1.2 -5 -0.06 11.05
-1.2 -4.8 -0.06 9.79516
-1.2 -4.6 -0.06 8.63984
-1.2 -4.4 -0.06 7.57991
-1.2 -4.2 -0.06 6.61121
-1.2 -4 -0.06 5.72961
-1.2 -3.8 -0.06 4.93095
-1.2 -3.6 -0.06 4.21108
-1.2 -3.4 -0.06 3.56587
-1.2 -3.2 -0.06 2.99116
-1.2 -3 -0.06 2.4828
-1.2 -2.8 -0.06 2.03666
-1.2 -2.6 -0.06 1.64857
-1.2 -2.4 -0.06 1.3144
-1.2 -2.2 -0.06 1.02999
-1.2 -2 -0.06 0.791201
-1.2 -1.8 -0.06 0.593886
-1.2 -1.6 -0.06 0.433895
-1.2 -1.4 -0.06 0.307082
-1.2 -1.2 -0.06 0.209299
-1.2 -1 -0.06 0.1364
-1.2 -0.8 -0.06 0.0842369
-1.2 -0.6 -0.06 0.0486625
-1.2 -0.4 -0.06 0.0255296
-1.2 -0.2 -0.06 0.0106912
-1.2 -2.68221e-07 -0.06 1.3411e-08
-1.2 0.2 -0.06 -0.0106912
-1.2 0.4 -0.06 -0.0255296
-1.2 0.6 -0.06 -0.0486624
-1.2 0.8 -0.06 -0.0842368
-1.2 1 -0.06 -0.1364
-1.2 1.2 -0.06 -0.209299
-1.2 1.4 -0.06 -0.307082
-1.2 1.6 -0.06 -0.433894
-1.2 1.8 -0.06 -0.593885
-1.2 2 -0.06 -0.7912
-1.2 2.2 -0.06 -1.02999
-1.2 2.4 -0.06 -1.31439
-1.2 2.6 -0.06 -1.64857
-1.2 2.8 -0.06 -2.03665
-1.2 3 -0.06 -2.4828
-1.2 3.2 -0.06 -2.99116
-1.2 3.4 -0.06 -3.56587
-1.2 3.6 -0.06 -4.21108
-1.2 3.8 -0.06 -4.93094
-1.2 4 -0.06 -5.7296
-1.2 4.2 -0.06 -6.61121
-1.2 4.4 -0.06 -7.5799
-1.2 4.6 -0.06 -8.63983
-1.2 4.8 -0.06 -9.79515
-1.2 5 -0.06 -11.05
-1 -5 -0.05 6.5
-1 -4.8 -0.05 5.7696
-1 -4.6 -0.05 5.09681
-1 -4.4 -0.05 4.4792
-1 -4.2 -0.05 3.9144
-1 -4 -0.05 3.4
-1 -3.8 -0.05 2.9336
-1 -3.6 -0.05 2.5128
-1 -3.4 -0.05 2.1352
-1 -3.2 -0.05 1.7984
-1 -3 -0.05 1.5
-1 -2.8 -0.05 1.2376
-1 -2.6 -0.05 1.0088
-1 -2.4 -0.05 0.811201
-1 -2.2 -0.05 0.642401
-1 -2 -0.05 0.500001
-1 -1.8 -0.05 0.3816
-1 -1.6 -0.05 0.2848
-1 -1.4 -0.05 0.2072
-1 -1.2 -0.05 0.1464
-1 -1 -0.05 0.1
-1 -0.8 -0.05 0.0656001
-1 -0.6 -0.05 0.0408
-1 -0.4 -0.05 0.0232
-1 -0.2 -0.05 0.0104
-1 -2.68221e-07 -0.05 1.3411e-08
-1 0.2 -0.05 -0.0104
-1 0.4 -0.05 -0.0232
-1 0.6 -0.05 -0.0408
-1 0.8 -0.05 -0.0656
-1 1 -0.05 -0.1
-1 1.2 -0.05 -0.1464
-1 1.4 -0.05 -0.2072
-1 1.6 -0.05 -0.2848
-1 1.8 -0.05 -0.3816
-1 2 -0.05 -0.5
-1 2.2 -0.05 -0.6424
-1 2.4 -0.05 -0.8112
-1 2.6 -0.05 -1.0088
-1 2.8 -0.05 -1.2376
-1 3 -0.05 -1.5
-1 3.2 -0.05 -1.7984
-1 3.4 -0.05 -2.1352
-1 3.6 -0.05 -2.5128
-1 3.8 -0.05 -2.9336
-1 4 -0.05 -3.4
-1 4.2 -0.05 -3.9144
-1 4.4 -0.05 -4.4792
-1 4.6 -0.05 -5.0968
-1 4.8 -0.05 -5.7696
-1 5 -0.05 -6.5
-0.8 -5 -0.04 3.45
-0.8 -4.8 -0.04 3.07116
-0.8 -4.6 -0.04 2.7218
-0.8 -4.4 -0.04 2.40071
-0.8 -4.2 -0.04 2.10666
-0.8 -4 -0.04 1.8384
-0.8 -3.8 -0.04 1.59473
-0.8 -3.6 -0.04 1.3744
-0.8 -3.4 -0.04 1.17618
-0.8 -3.2 -0.04 0.998862
-0.8 -3 -0.04 0.841201
-0.8 -2.8 -0.04 0.701972
-0.8 -2.6 -0.04 0.579946
-0.8 -2.4 -0.04 0.473895
-0.8 -2.2 -0.04 0.382589
-0.8 -2 -0.04 0.3048
-0.8 -1.8 -0.04 0.239299
-0.8 -1.6 -0.04 0.184858
-0.8 -1.4 -0.04 0.140247
-0.8 -1.2 -0.04 0.104237
-0.8 -1 -0.04 0.0756001
-0.8 -0.8 -0.04 0.0531072
-0.8 -0.6 -0.04 0.0355296
-0.8 -0.4 -0.04 0.0216384
-0.8 -0.2 -0.04 0.0102048
-0.8 -2.68221e-07 -0.04 1.3411e-08
-0.8 0.2 -0.04 -0.0102048
-0.8 0.4 -0.04 -0.0216384
-0.8 0.6 -0.04 -0.0355296
-0.8 0.8 -0.04 -0.0531072
-0.8 1 -0.04 -0.0756
-0.8 1.2 -0.04 -0.104237
-0.8 1.4 -0.04 -0.140246
-0.8 1.6 -0.04 -0.184858
-0.8 1.8 -0.04 -0.239299
-0.8 2 -0.04 -0.3048
-0.8 2.2 -0.04 -0.382589
-0.8 2.4 -0.04 -0.473895
-0.8 2.6 -0.04 -0.579946
-0.8 2.8 -0.04 -0.701972
-0.8 3 -0.04 -0.841201
-0.8 3.2 -0.04 -0.998862
-0.8 3.4 -0.04 -1.17618
-0.8 3.6 -0.04 -1.37439
-0.8 3.8 -0.04 -1.59472
-0.8 4 -0.04 -1.8384
-0.8 4.2 -0.04 -2.10665
-0.8 4.4 -0.04 -2.40071
-0.8 4.6 -0.04 -2.7218
-0.8 4.8 -0.04 -3.07116
-0.8 5 -0.04 -3.45
-0.6 -5 -0.03 1.6
-0.6 -4.8 -0.03 1.4344
-0.6 -4.6 -0.03 1.28123
-0.6 -4.4 -0.03 1.13999
-0.6 -4.2 -0.03 1.01015
-0.6 -4 -0.03 0.891201
-0.6 -3.8 -0.03 0.782619
-0.6 -3.6 -0.03 0.683886
-0.6 -3.4 -0.03 0.594484
-0.6 -3.2 -0.03 0.513895
-0.6 -3 -0.03 0.441601
-0.6 -2.8 -0.03 0.377082
-0.6 -2.6 -0.03 0.319821
-0.6 -2.4 -0.03 0.2693
-0.6 -2.2 -0.03 0.224999
-0.6 -2 -0.03 0.1864
-0.6 -1.8 -0.03 0.152986
-0.6 -1.6 -0.03 0.124237
-0.6 -1.4 -0.03 0.0996353
-0.6 -1.2 -0.03 0.0786625
-0.6 -1 -0.03 0.0608
-0.6 -0.8 -0.03 0.0455296
-0.6 -0.6 -0.03 0.0323328
-0.6 -0.4 -0.03 0.0206912
-0.6 -0.2 -0.03 0.0100864
-0.6 -2.68221e-07 -0.03 1.3411e-08
-0.6 0.2 -0.03 -0.0100864
-0.6 0.4 -0.03 -0.0206912
-0.6 0.6 -0.03 -0.0323328
-0.6 0.8 -0.03 -0.0455296
-0.6 1 -0.03 -0.0608
-0.6 1.2 -0.03 -0.0786624
-0.6 1.4 -0.03 -0.0996352
-0.6 1.6 -0.03 -0.124237
-0.6 1.8 -0.03 -0.152986
-0.6 2 -0.03 -0.1864
-0.6 2.2 -0.03 -0.224999
-0.6 2.4 -0.03 -0.269299
-0.6 2.6 -0.03 -0.319821
-0.6 2.8 -0.03 -0.377082
-0.6 3 -0.03 -0.4416
-0.6 3.2 -0.03 -0.513895
-0.6 3.4 -0.03 -0.594484
-0.6 3.6 -0.03 -0.683886
-0.6 3.8 -0.03 -0.782618
-0.6 4 -0.03 -0.891201
-0.6 4.2 -0.03 -1.01015
-0.6 4.4 -0.03 -1.13999
-0.6 4.6 -0.03 -1.28123
-0.6 4.8 -0.03 -1.43439
-0.6 5 -0.03 -1.6
-0.4 -5 -0.02 0.650001
-0.4 -4.8 -0.02 0.593895
-0.4 -4.6 -0.02 0.541476
-0.4 -4.4 -0.02 0.492589
-0.4 -4.2 -0.02 0.447082
-0.4 -4 -0.02 0.404801
-0.4 -3.8 -0.02 0.365591
-0.4 -3.6 -0.02 0.3293
-0.4 -3.4 -0.02 0.295773
-0.4 -3.2 -0.02 0.264858
-0.4 -3 -0.02 0.2364
-0.4 -2.8 -0.02 0.210247
-0.4 -2.6 -0.02 0.186243
-0.4 -2.4 -0.02 0.164237
-0.4 -2.2 -0.02 0.144074
-0.4 -2 -0.02 0.1256
-0.4 -1.8 -0.02 0.108662
-0.4 -1.6 -0.02 0.0931073
-0.4 -1.4 -0.02 0.0787808
-0.4 -1.2 -0.02 0.0655296
-0.4 -1 -0.02 0.0532
-0.4 -0.8 -0.02 0.0416384
-0.4 -0.6 -0.02 0.0306912
-0.4 -0.4 -0.02 0.0202048
-0.4 -0.2 -0.02 0.0100256
-0.4 -2.68221e-07 -0.02 1.3411e-08
-0.4 0.2 -0.02 -0.0100256
-0.4 0.4 -0.02 -0.0202048
-0.4 0.6 -0.02 -0.0306912
-0.4 0.8 -0.02 -0.0416384
-0.4 1 -0.02 -0.0532
-0.4 1.2 -0.02 -0.0655296
-0.4 1.4 -0.02 -0.0787808
-0.4 1.6 -0.02 -0.0931072
-0.4 1.8 -0.02 -0.108662
-0.4 2 -0.02 -0.1256
-0.4 2.2 -0.02 -0.144074
-0.4 2.4 -0.02 -0.164237
-0.4 2.6 -0.02 -0.186243
-0.4 2.8 -0.02 -0.210247
-0.4 3 -0.02 -0.2364
-0.4 3.2 -0.02 -0.264858
-0.4 3.4 -0.02 -0.295773
-0.4 3.6 -0.02 -0.3293
-0.4 3.8 -0.02 -0.365591
-0.4 4 -0.02 -0.4048
-0.4 4.2 -0.02 -0.447082
-0.4 4.4 -0.02 -0.492589
-0.4 4.6 -0.02 -0.541476
-0.4 4.8 -0.02 -0.593895
-0.4 5 -0.02 -0.650001
-0.2 -5 -0.01 0.3
-0.2 -4.8 -0.01 0.284237
-0.2 -4.6 -0.01 0.268935
-0.2 -4.4 -0.01 0.254074
-0.2 -4.2 -0.01 0.239635
-0.2 -4 -0.01 0.2256
-0.2 -3.8 -0.01 0.211949
-0.2 -3.6 -0.01 0.198663
-0.2 -3.4 -0.01 0.185722
-0.2 -3.2 -0.01 0.173107
-0.2 -3 -0.01 0.1608
-0.2 -2.8 -0.01 0.148781
-0.2 -2.6 -0.01 0.13703
-0.2 -2.4 -0.01 0.12553
-0.2 -2.2 -0.01 0.114259
-0.2 -2 -0.01 0.1032
-0.2 -1.8 -0.01 0.0923328
-0.2 -1.6 -0.01 0.0816384
-0.2 -1.4 -0.01 0.0710976
-0.2 -1.2 -0.01 0.0606912
-0.2 -1 -0.01 0.0504
-0.2 -0.8 -0.01 0.0402048
-0.2 -0.6 -0.01 0.0300864
-0.2 -0.4 -0.01 0.0200256
-0.2 -0.2 -0.01 0.0100032
-0.2 -2.68221e-07 -0.01 1.3411e-08
-0.2 0.2 -0.01 -0.0100032
-0.2 0.4 -0.01 -0.0200256
-0.2 0.6 -0.01 -0.0300864
-0.2 0.8 -0.01 -0.0402048
-0.2 1 -0.01 -0.0504
-0.2 1.2 -0.01 -0.0606912
-0.2 1.4 -0.01 -0.0710976
-0.2 1.6 -0.01 -0.0816384
-0.2 1.8 -0.01 -0.0923328
-0.2 2 -0.01 -0.1032
-0.2 2.2 -0.01 -0.114259
-0.2 2.4 -0.01 -0.12553
-0.2 2.6 -0.01 -0.13703
-0.2 2.8 -0.01 -0.148781
-0.2 3 -0.01 -0.1608
-0.2 3.2 -0.01 -0.173107
-0.2 3.4 -0.01 -0.185722
-0.2 3.6 -0.01 -0.198662
-0.2 3.8 -0.01 -0.211949
-0.2 4 -0.01 -0.2256
-0.2 4.2 -0.01 -0.239635
-0.2 4.4 -0.01 -0.254074
-0.2 4.6 -0.01 -0.268935
-0.2 4.8 -0.01 -0.284237
-0.2 5 -0.01 -0.3
-2.68221e-07 -5 -1.3411e-08 0.25
-2.68221e-07 -4.8 -1.3411e-08 0.24
-2.68221e-07 -4.6 -1.3411e-08 0.23
-2.68221e-07 -4.4 -1.3411e-08 0.22
-2.68221e-07 -4.2 -1.3411e-08 0.21
-2.68221e-07 -4 -1.3411e-08 0.2
-2.68221e-07 -3.8 -1.3411e-08 0.19
-2.68221e-07 -3.6 -1.3411e-08 0.18
-2.68221e-07 -3.4 -1.3411e-08 0.17
-2.68221e-07 -3.2 -1.3411e-08 0.16
-2.68221e-07 -3 -1.3411e-08 0.15
-2.68221e-07 -2.8 -1.3411e-08 0.14
-2.68221e-07 -2.6 -1.3411e-08 0.13
-2.68221e-07 -2.4 -1.3411e-08 0.12
-2.68221e-07 -2.2 -1.3411e-08 0.11
-2.68221e-07 -2 -1.3411e-08 0.1
-2.68221e-07 -1.8 -1.3411e-08 0.09
-2.68221e-07 -1.6 -1.3411e-08 0.08
-2.68221e-07 -1.4 -1.3411e-08 0.07
-2.68221e-07 -1.2 -1.3411e-08 0.06
-2.68221e-07 -1 -1.3411e-08 0.05
-2.68221e-07 -0.8 -1.3411e-08 0.04
-2.68221e-07 -0.6 -1.3411e-08 0.03
-2.68221e-07 -0.4 -1.3411e-08 0.02
-2.68221e-07 -0.2 -1.3411e-08 0.01
-2.68221e-07 -2.68221e-07 -1.3411e-08 1.3411e-08
-2.68221e-07 0.2 -1.3411e-08 -0.00999999
-2.68221e-07 0.4 -1.3411e-08 -0.02
-2.68221e-07 0.6 -1.3411e-08 -0.03
-2.68221e-07 0.8 -1.3411e-08 -0.04
-2.68221e-07 1 -1.3411e-08 -0.05
-2.68221e-07 1.2 -1.3411e-08 -0.06
-2.68221e-07 1.4 -1.3411e-08 -0.07
-2.68221e-07 1.6 -1.3411e-08 -0.08
-2.68221e-07 1.8 -1.3411e-08 -0.09
-2.68221e-07 2 -1.3411e-08 -0.1
-2.68221e-07 2.2 -1.3411e-08 -0.11
-2.68221e-07 2.4 -1.3411e-08 -0.12
-2.68221e-07 2.6 -1.3411e-08 -0.13
-2.68221e-07 2.8 -1.3411e-08 -0.14
-2.68221e-07 3 -1.3411e-08 -0.15
-2.68221e-07 3.2 -1.3411e-08 -0.16
-2.68221e-07 3.4 -1.3411e-08 -0.17
-2.68221e-07 3.6 -1.3411e-08 -0.18
-2.68221e-07 3.8 -1.3411e-08 -0.19
-2.68221e-07 4 -1.3411e-08 -0.2
-2.68221e-07 4.2 -1.3411e-08 -0.21
-2.68221e-07 4.4 -1.3411e-08 -0.22
-2.68221e-07 4.6 -1.3411e-08 -0.23
-2.68221e-07 4.8 -1.3411e-08 -0.24
-2.68221e-07 5 -1.3411e-08 -0.25
0.2 -5 0.00999999 0.2
0.2 -4.8 0.00999999 0.195763
0.2 -4.6 0.00999999 0.191066
0.2 -4.4 0.00999999 0.185927
0.2 -4.2 0.00999999 0.180365
0.2 -4 0.00999999 0.1744
0.2 -3.8 0.00999999 0.168051
0.2 -3.6 0.00999999 0.161338
0.2 -3.4 0.00999999 0.154279
0.2 -3.2 0.00999999 0.146893
0.2 -3 0.00999999 0.1392
0.2 -2.8 0.00999999 0.131219
0.2 -2.6 0.00999999 0.12297
0.2 -2.4 0.00999999 0.11447
0.2 -2.2 0.00999999 0.105741
0.2 -2 0.00999999 0.0968
0.2 -1.8 0.00999999 0.0876672
0.2 -1.6 0.00999999 0.0783616
0.2 -1.4 0.00999999 0.0689024
0.2 -1.2 0.00999999 0.0593088
0.2 -1 0.00999999 0.0496
0.2 -0.8 0.00999999 0.0397952
0.2 -0.6 0.00999999 0.0299136
0.2 -0.4 0.00999999 0.0199744
0.2 -0.2 0.00999999 0.00999681
0.2 -2.68221e-07 0.00999999 1.3411e-08
0.2 0.2 0.00999999 -0.00999679
0.2 0.4 0.00999999 -0.0199744
0.2 0.6 0.00999999 -0.0299136
0.2 0.8 0.00999999 -0.0397952
0.2 1 0.00999999 -0.0496
0.2 1.2 0.00999999 -0.0593088
0.2 1.4 0.00999999 -0.0689024
0.2 1.6 0.00999999 -0.0783616
0.2 1.8 0.00999999 -0.0876672
0.2 2 0.00999999 -0.0968
0.2 2.2 0.00999999 -0.105741
0.2 2.4 0.00999999 -0.11447
0.2 2.6 0.00999999 -0.12297
0.2 2.8 0.00999999 -0.131219
0.2 3 0.00999999 -0.1392
0.2 3.2 0.00999999 -0.146893
0.2 3.4 0.00999999 -0.154278
0.2 3.6 0.00999999 -0.161338
0.2 3.8 0.00999999 -0.168051
0.2 4 0.00999999 -0.1744
0.2 4.2 0.00999999 -0.180365
0.2 4.4 0.00999999 -0.185927
0.2 4.6 0.00999999 -0.191066
0.2 4.8 0.00999999 -0.195763
0.2 5 0.00999999 -0.2
0.4 -5 0.02 -0.149999
0.4 -4.8 0.02 -0.113894
0.4 -4.6 0.02 -0.0814746
0.4 -4.4 0.02 -0.0525883
0.4 -4.2 0.02 -0.0270812
0.4 -4 0.02 -0.0047997
0.4 -3.8 0.02 0.0144099
0.4 -3.6 0.02 0.030701
0.4 -3.4 0.02 0.0442274
0.4 -3.2 0.02 0.0551426
0.4 -3 0.02 0.0636001
0.4 -2.8 0.02 0.0697537
0.4 -2.6 0.02 0.0737569
0.4 -2.4 0.02 0.0757633
0.4 -2.2 0.02 0.0759265
0.4 -2 0.02 0.0744001
0.4 -1.8 0.02 0.0713376
0.4 -1.6 0.02 0.0668928
0.4 -1.4 0.02 0.0612192
0.4 -1.2 0.02 0.0544704
0.4 -1 0.02 0.0468
0.4 -0.8 0.02 0.0383616
0.4 -0.6 0.02 0.0293088
0.4 -0.4 0.02 0.0197952
0.4 -0.2 0.02 0.00997441
0.4 -2.68221e-07 0.02 1.3411e-08
0.4 0.2 0.02 -0.00997439
0.4 0.4 0.02 -0.0197952
0.4 0.6 0.02 -0.0293088
0.4 0.8 0.02 -0.0383616
0.4 1 0.02 -0.0468
0.4 1.2 0.02 -0.0544704
0.4 1.4 0.02 -0.0612192
0.4 1.6 0.02 -0.0668928
0.4 1.8 0.02 -0.0713376
0.4 2 0.02 -0.0744001
0.4 2.2 0.02 -0.0759265
0.4 2.4 0.02 -0.0757633
0.4 2.6 0.02 -0.0737569
0.4 2.8 0.02 -0.0697537
0.4 3 0.02 -0.0636002
0.4 3.2 0.02 -0.0551426
0.4 3.4 0.02 -0.0442274
0.4 3.6 0.02 -0.0307011
0.4 3.8 0.02 -0.0144099
0.4 4 0.02 0.0047996
0.4 4.2 0.02 0.0270811
0.4 4.4 0.02 0.0525882
0.4 4.6 0.02 0.0814745
0.4 4.8 0.02 0.113894
0.4 5 0.02 0.149999
0.6 -5 0.03 -1.1
0.6 -4.8 0.03 -0.954392
0.6 -4.6 0.03 -0.821228
0.6 -4.4 0.03 -0.699986
0.6 -4.2 0.03 -0.59015
0.6 -4 0.03 -0.491199
0.6 -3.8 0.03 -0.402617
0.6 -3.6 0.03 -0.323884
0.6 -3.4 0.03 -0.254483
0.6 -3.2 0.03 -0.193894
0.6 -3 0.03 -0.1416
0.6 -2.8 0.03 -0.0970814
0.6 -2.6 0.03 -0.0598206
0.6 -2.4 0.03 -0.0292991
0.6 -2.2 0.03 -0.0049983
0.6 -2 0.03 0.0136001
0.6 -1.8 0.03 0.0270145
0.6 -1.6 0.03 0.0357632
0.6 -1.4 0.03 0.0403648
0.6 -1.2 0.03 0.0413376
0.6 -1 0.03 0.0392
0.6 -0.8 0.03 0.0344704
0.6 -0.6 0.03 0.0276672
0.6 -0.4 0.03 0.0193088
0.6 -0.2 0.03 0.00991361
0.6 -2.68221e-07 0.03 1.3411e-08
0.6 0.2 0.03 -0.00991359
0.6 0.4 0.03 -0.0193088
0.6 0.6 0.03 -0.0276672
0.6 0.8 0.03 -0.0344704
0.6 1 0.03 -0.0392
0.6 1.2 0.03 -0.0413376
0.6 1.4 0.03 -0.0403648
0.6 1.6 0.03 -0.0357633
0.6 1.8 0.03 -0.0270145
0.6 2 0.03 -0.0136001
0.6 2.2 0.03 0.00499822
0.6 2.4 0.03 0.029299
0.6 2.6 0.03 0.0598205
0.6 2.8 0.03 0.0970813
0.6 3 0.03 0.1416
0.6 3.2 0.03 0.193894
0.6 3.4 0.03 0.254483
0.6 3.6 0.03 0.323884
0.6 3.8 0.03 0.402617
0.6 4 0.03 0.491199
0.6 4.2 0.03 0.590149
0.6 4.4 0.03 0.699986
0.6 4.6 0.03 0.821227
0.6 4.8 0.03 0.954391
0.6 5 0.03 1.1
0.8 -5 0.04 -2.95
0.8 -4.8 0.04 -2.59115
0.8 -4.6 0.04 -2.2618
0.8 -4.4 0.04 -1.96071
0.8 -4.2 0.04 -1.68665
0.8 -4 0.04 -1.4384
0.8 -3.8 0.04 -1.21472
0.8 -3.6 0.04 -1.01439
0.8 -3.4 0.04 -0.836182
0.8 -3.2 0.04 -0.67886
0.8 -3 0.04 -0.5412
0.8 -2.8 0.04 -0.421971
0.8 -2.6 0.04 -0.319945
0.8 -2.4 0.04 -0.233894
0.8 -2.2 0.04 -0.162589
0.8 -2 0.04 -0.1048
0.8 -1.8 0.04 -0.0592991
0.8 -1.6 0.04 -0.0248575
0.8 -1.4 0.04 -0.000246358
0.8 -1.2 0.04 0.0157632
0.8 -1 0.04 0.0244
0.8 -0.8 0.04 0.0268928
0.8 -0.6 0.04 0.0244704
0.8 -0.4 0.04 0.0183616
0.8 -0.2 0.04 0.00979521
0.8 -2.68221e-07 0.04 1.3411e-08
0.8 0.2 0.04 -0.00979519
0.8 0.4 0.04 -0.0183616
0.8 0.6 0.04 -0.0244704
0.8 0.8 0.04 -0.0268928
0.8 1 0.04 -0.0244
0.8 1.2 0.04 -0.0157633
0.8 1.4 0.04 0.000246298
0.8 1.6 0.04 0.0248575
0.8 1.8 0.04 0.059299
0.8 2 0.04 0.1048
0.8 2.2 0.04 0.162588
0.8 2.4 0.04 0.233894
0.8 2.6 0.04 0.319945
0.8 2.8 0.04 0.421971
0.8 3 0.04 0.541199
0.8 3.2 0.04 0.67886
0.8 3.4 0.04 0.836181
0.8 3.6 0.04 1.01439
0.8 3.8 0.04 1.21472
0.8 4 0.04 1.4384
0.8 4.2 0.04 1.68665
0.8 4.4 0.04 1.96071
0.8 4.6 0.04 2.2618
0.8 4.8 0.04 2.59115
0.8 5 0.04 2.94999
1 -5 0.05 -5.99999
1 -4.8 0.05 -5.2896
1 -4.6 0.05 -4.6368
1 -4.4 0.05 -4.0392
1 -4.2 0.05 -3.4944
1 -4 0.05 -3
1 -3.8 0.05 -2.5536
1 -3.6 0.05 -2.1528
1 -3.4 0.05 -1.7952
1 -3.2 0.05 -1.4784
1 -3 0.05 -1.2
1 -2.8 0.05 -0.9576
1 -2.6 0.05 -0.7488
1 -2.4 0.05 -0.5712
1 -2.2 0.05 -0.4224
1 -2 0.05 -0.3
1 -1.8 0.05 -0.2016
1 -1.6 0.05 -0.1248
1 -1.4 0.05 -0.0672
1 -1.2 0.05 -0.0264
1 -1 0.05 2.08616e-08
1 -0.8 0.05 0.0144
1 -0.6 0.05 0.0192
1 -0.4 0.05 0.0168
1 -0.2 0.05 0.00960001
1 -2.68221e-07 0.05 1.3411e-08
1 0.2 0.05 -0.00959999
1 0.4 0.05 -0.0168
1 0.6 0.05 -0.0192
1 0.8 0.05 -0.0144
1 1 0.05 -7.45057e-08
1 1.2 0.05 0.0263999
1 1.4 0.05 0.0671998
1 1.6 0.05 0.1248
1 1.8 0.05 0.2016
1 2 0.05 0.3
1 2.2 0.05 0.422399
1 2.4 0.05 0.571199
1 2.6 0.05 0.748799
1 2.8 0.05 0.957599
1 3 0.05 1.2
1 3.2 0.05 1.4784
1 3.4 0.05 1.7952
1 3.6 0.05 2.1528
1 3.8 0.05 2.5536
1 4 0.05 3
1 4.2 0.05 3.4944
1 4.4 0.05 4.0392
1 4.6 0.05 4.63679
1 4.8 0.05 5.28959
1 5 0.05 5.99999
1.2 -5 0.06 -10.55
1.2 -4.8 0.06 -9.31514
1.2 -4.6 0.06 -8.17983
1.2 -4.4 0.06 -7.13989
1.2 -4.2 0.06 -6.1912
1.2 -4 0.06 -5.3296
1.2 -3.8 0.06 -4.55094
1.2 -3.6 0.06 -3.85108
1.2 -3.4 0.06 -3.22587
1.2 -3.2 0.06 -2.67115
1.2 -3 0.06 -2.1828
1.2 -2.8 0.06 -1.75665
1.2 -2.6 0.06 -1.38857
1.2 -2.4 0.06 -1.07439
1.2 -2.2 0.06 -0.809987
1.2 -2 0.06 -0.5912
1.2 -1.8 0.06 -0.413885
1.2 -1.6 0.06 -0.273894
1.2 -1.4 0.06 -0.167082
1.2 -1.2 0.06 -0.0892992
1.2 -1 0.06 -0.0364
1.2 -0.8 0.06 -0.00423679
1.2 -0.6 0.06 0.0113376
1.2 -0.4 0.06 0.0144704
1.2 -0.2 0.06 0.00930881
1.2 -2.68221e-07 0.06 1.3411e-08
1.2 0.2 0.06 -0.00930879
1.2 0.4 0.06 -0.0144704
1.2 0.6 0.06 -0.0113376
1.2 0.8 0.06 0.00423673
1.2 1 0.06 0.0363999
1.2 1.2 0.06 0.089299
1.2 1.4 0.06 0.167081
1.2 1.6 0.06 0.273894
1.2 1.8 0.06 0.413884
1.2 2 0.06 0.591199
1.2 2.2 0.06 0.809986
1.2 2.4 0.06 1.07439
1.2 2.6 0.06 1.38857
1.2 2.8 0.06 1.75665
1.2 3 0.06 2.1828
1.2 3.2 0.06 2.67115
1.2 3.4 0.06 3.22586
1.2 3.6 0.06 3.85108
1.2 3.8 0.06 4.55094
1.2 4 0.06 5.3296
1.2 4.2 0.06 6.1912
1.2 4.4 0.06 7.13989
1.2 4.6 0.06 8.17982
1.2 4.8 0.06 9.31514
1.2 5 0.06 10.55
1.4 -5 0.07 -16.9
1.4 -4.8 0.07 -14.9332
1.4 -4.6 0.07 -13.1245
1.4 -4.4 0.07 -11.4672
1.4 -4.2 0.07 -9.95487
1.4 -4 0.07 -8.5808
1.4 -3.8 0.07 -7.33844
1.4 -3.6 0.07 -6.2212
1.4 -3.4 0.07 -5.22251
1.4 -3.2 0.07 -4.33577
1.4 -3 0.07 -3.5544
1.4 -2.8 0.07 -2.87181
1.4 -2.6 0.07 -2.28143
1.4 -2.4 0.07 -1.77665
1.4 -2.2 0.07 -1.35091
1.4 -2 0.07 -0.9976
1.4 -1.8 0.07 -0.71015
1.4 -1.6 0.07 -0.481971
1.4 -1.4 0.07 -0.306477
1.4 -1.2 0.07 -0.177082
1.4 -1 0.07 -0.0872
1.4 -0.8 0.07 -0.0302464
1.4 -0.6 0.07 0.000364791
1.4 -0.4 0.07 0.0112192
1.4 -0.2 0.07 0.00890241
1.4 -2.68221e-07 0.07 1.3411e-08
1.4 0.2 0.07 -0.00890239
1.4 0.4 0.07 -0.0112192
1.4 0.6 0.07 -0.000364844
1.4 0.8 0.07 0.0302463
1.4 1 0.07 0.0871998
1.4 1.2 0.07 0.177081
1.4 1.4 0.07 0.306476
1.4 1.6 0.07 0.481971
1.4 1.8 0.07 0.71015
1.4 2 0.07 0.997599
1.4 2.2 0.07 1.3509
1.4 2.4 0.07 1.77665
1.4 2.6 0.07 2.28143
1.4 2.8 0.07 2.87181
1.4 3 0.07 3.5544
1.4 3.2 0.07 4.33577
1.4 3.4 0.07 5.22251
1.4 3.6 0.07 6.2212
1.4 3.8 0.07 7.33844
1.4 4 0.07 8.5808
1.4 4.2 0.07 9.95487
1.4 4.4 0.07 11.4672
1.4 4.6 0.07 13.1245
1.4 4.8 0.07 14.9332
1.4 5 0.07 16.9
1.6 -5 0.08 -25.35
1.6 -4.8 0.08 -22.4092
1.6 -4.6 0.08 -19.7044
1.6 -4.4 0.08 -17.2257
1.6 -4.2 0.08 -14.9632
1.6 -4 0.08 -12.9072
1.6 -3.8 0.08 -11.0478
1.6 -3.6 0.08 -9.37515
1.6 -3.4 0.08 -7.87946
1.6 -3.2 0.08 -6.55089
1.6 -3 0.08 -5.3796
1.6 -2.8 0.08 -4.35577
1.6 -2.6 0.08 -3.46957
1.6 -2.4 0.08 -2.71116
1.6 -2.2 0.08 -2.07071
1.6 -2 0.08 -1.5384
1.6 -1.8 0.08 -1.10439
1.6 -1.6 0.08 -0.758861
1.6 -1.4 0.08 -0.491971
1.6 -1.2 0.08 -0.293894
1.6 -1 0.08 -0.1548
1.6 -0.8 0.08 -0.0648576
1.6 -0.6 0.08 -0.0142368
1.6 -0.4 0.08 0.00689279
1.6 -0.2 0.08 0.00836161
1.6 -2.68221e-07 0.08 1.3411e-08
1.6 0.2 0.08 -0.00836159
1.6 0.4 0.08 -0.00689282
1.6 0.6 0.08 0.0142367
1.6 0.8 0.08 0.0648575
1.6 1 0.08 0.1548
1.6 1.2 0.08 0.293894
1.6 1.4 0.08 0.491971
1.6 1.6 0.08 0.75886
1.6 1.8 0.08 1.10439
1.6 2 0.08 1.5384
1.6 2.2 0.08 2.07071
1.6 2.4 0.08 2.71115
1.6 2.6 0.08 3.46956
1.6 2.8 0.08 4.35577
1.6 3 0.08 5.3796
1.6 3.2 0.08 6.55088
1.6 3.4 0.08 7.87946
1.6 3.6 0.08 9.37515
1.6 3.8 0.08 11.0478
1.6 4 0.08 12.9072
1.6 4.2 0.08 14.9632
1.6 4.4 0.08 17.2257
1.6 4.6 0.08 19.7044
1.6 4.8 0.08 22.4092
1.6 5 0.08 25.35
1.8 -5 0.09 -36.2
1.8 -4.8 0.09 -32.0086
1.8 -4.6 0.09 -28.1532
1.8 -4.4 0.09 -24.6197
1.8 -4.2 0.09 -21.3941
1.8 -4 0.09 -18.4624
1.8 -3.8 0.09 -15.8107
1.8 -3.6 0.09 -13.4249
1.8 -3.4 0.09 -11.2911
1.8 -3.2 0.09 -9.39515
1.8 -3 0.09 -7.7232
1.8 -2.8 0.09 -6.26121
1.8 -2.6 0.09 -4.99516
1.8 -2.4 0.09 -3.91108
1.8 -2.2 0.09 -2.99496
1.8 -2 0.09 -2.2328
1.8 -1.8 0.09 -1.61061
1.8 -1.6 0.09 -1.11439
1.8 -1.4 0.09 -0.730151
1.8 -1.2 0.09 -0.443885
1.8 -1 0.09 -0.2416
1.8 -0.8 0.09 -0.109299
1.8 -0.6 0.09 -0.0329857
1.8 -0.4 0.09 0.00133758
1.8 -0.2 0.09 0.0076672
1.8 -2.68221e-07 0.09 1.3411e-08
1.8 0.2 0.09 -0.0076672
1.8 0.4 0.09 -0.00133763
1.8 0.6 0.09 0.0329855
1.8 0.8 0.09 0.109299
1.8 1 0.09 0.2416
1.8 1.2 0.09 0.443884
1.8 1.4 0.09 0.73015
1.8 1.6 0.09 1.11439
1.8 1.8 0.09 1.61061
1.8 2 0.09 2.2328
1.8 2.2 0.09 2.99496
1.8 2.4 0.09 3.91108
1.8 2.6 0.09 4.99516
1.8 2.8 0.09 6.2612
1.8 3 0.09 7.7232
1.8 3.2 0.09 9.39515
1.8 3.4 0.09 11.291
1.8 3.6 0.09 13.4249
1.8 3.8 0.09 15.8107
1.8 4 0.09 18.4624
1.8 4.2 0.09 21.3941
1.8 4.4 0.09 24.6196
1.8 4.6 0.09 28.1532
1.8 4.8 0.09 32.0086
1.8 5 0.09 36.2
2 -5 0.1 -49.75
2 -4.8 0.1 -43.9968
2 -4.6 0.1 -38.7044
2 -4.4 0.1 -33.8536
2 -4.2 0.1 -29.4252
2 -4 0.1 -25.4
2 -3.8 0.1 -21.7588
2 -3.6 0.1 -18.4824
2 -3.4 0.1 -15.5516
2 -3.2 0.1 -12.9472
2 -3 0.1 -10.65
2 -2.8 0.1 -8.64081
2 -2.6 0.1 -6.9004
2 -2.4 0.1 -5.4096
2 -2.2 0.1 -4.1492
2 -2 0.1 -3.1
2 -1.8 0.1 -2.2428
2 -1.6 0.1 -1.5584
2 -1.4 0.1 -1.0276
2 -1.2 0.1 -0.6312
2 -1 0.1 -0.35
2 -0.8 0.1 -0.1648
2 -0.6 0.1 -0.0564001
2 -0.4 0.1 -0.00560003
2 -0.2 0.1 0.0068
2 -2.68221e-07 0.1 1.3411e-08
2 0.2 0.1 -0.0068
2 0.4 0.1 0.00559996
2 0.6 0.1 0.0563999
2 0.8 0.1 0.1648
2 1 0.1 0.35
2 1.2 0.1 0.631199
2 1.4 0.1 1.0276
2 1.6 0.1 1.5584
2 1.8 0.1 2.2428
2 2 0.1 3.1
2 2.2 0.1 4.1492
2 2.4 0.1 5.4096
2 2.6 0.1 6.9004
2 2.8 0.1 8.6408
2 3 0.1 10.65
2 3.2 0.1 12.9472
2 3.4 0.1 15.5516
2 3.6 0.1 18.4824
2 3.8 0.1 21.7588
2 4 0.1 25.4
2 4.2 0.1 29.4252
2 4.4 0.1 33.8536
2 4.6 0.1 38.7044
2 4.8 0.1 43.9968
2 5 0.1 49.75
2.2 -5 0.11 -66.3
2.2 -4.8 0.11 -58.6392
2.2 -4.6 0.11 -51.5917
2.2 -4.4 0.11 -45.132
2.2 -4.2 0.11 -39.2345
2.2 -4 0.11 -33.8736
2.2 -3.8 0.11 -29.0239
2.2 -3.6 0.11 -24.6597
2.2 -3.4 0.11 -20.7555
2.2 -3.2 0.11 -17.2857
2.2 -3 0.11 -14.2248
2.2 -2.8 0.11 -11.5473
2.2 -2.6 0.11 -9.22747
2.2 -2.4 0.11 -7.2399
2.2 -2.2 0.11 -5.559
2.2 -2 0.11 -4.1592
2.2 -1.8 0.11 -3.01496
2.2 -1.6 0.11 -2.10071
2.2 -1.4 0.11 -1.39091
2.2 -1.2 0.11 -0.859988
2.2 -1 0.11 -0.4824
2.2 -0.8 0.11 -0.232589
2.2 -0.6 0.11 -0.0849985
2.2 -0.4 0.11 -0.0140736
2.2 -0.2 0.11 0.0057408
2.2 -2.68221e-07 0.11 1.3411e-08
2.2 0.2 0.11 -0.00574081
2.2 0.4 0.11 0.0140735
2.2 0.6 0.11 0.0849982
2.2 0.8 0.11 0.232588
2.2 1 0.11 0.482399
2.2 1.2 0.11 0.859986
2.2 1.4 0.11 1.3909
2.2 1.6 0.11 2.10071
2.2 1.8 0.11 3.01496
2.2 2 0.11 4.1592
2.2 2.2 0.11 5.55899
2.2 2.4 0.11 7.23989
2.2 2.6 0.11 9.22746
2.2 2.8 0.11 11.5472
2.2 3 0.11 14.2248
2.2 3.2 0.11 17.2857
2.2 3.4 0.11 20.7554
2.2 3.6 0.11 24.6597
2.2 3.8 0.11 29.0238
2.2 4 0.11 33.8736
2.2 4.2 0.11 39.2344
2.2 4.4 0.11 45.1319
2.2 4.6 0.11 51.5917
2.2 4.8 0.11 58.6391
2.2 5 0.11 66.2999
2.4 -5 0.12 -86.15
2.4 -4.8 0.12 -76.2012
2.4 -4.6 0.12 -67.0486
2.4 -4.4 0.12 -58.6592
2.4 -4.2 0.12 -50.9996
2.4 -4 0.12 -44.0368
2.4 -3.8 0.12 -37.7375
2.4 -3.6 0.12 -32.0686
2.4 -3.4 0.12 -26.9969
2.4 -3.2 0.12 -22.4893
2.4 -3 0.12 -18.5124
2.4 -2.8 0.12 -15.0332
2.4 -2.6 0.12 -12.0185
2.4 -2.4 0.12 -9.43515
2.4 -2.2 0.12 -7.2499
2.4 -2 0.12 -5.4296
2.4 -1.8 0.12 -3.94108
2.4 -1.6 0.12 -2.75116
2.4 -1.4 0.12 -1.82665
2.4 -1.2 0.12 -1.13439
2.4 -1 0.12 -0.6412
2.4 -0.8 0.12 -0.313895
2.4 -0.6 0.12 -0.119299
2.4 -0.4 0.12 -0.0242369
2.4 -0.2 0.12 0.00447039
2.4 -2.68221e-07 0.12 1.3411e-08
2.4 0.2 0.12 -0.00447041
2.4 0.4 0.12 0.0242367
2.4 0.6 0.12 0.119299
2.4 0.8 0.12 0.313894
2.4 1 0.12 0.641199
2.4 1.2 0.12 1.13439
2.4 1.4 0.12 1.82665
2.4 1.6 0.12 2.75115
2.4 1.8 0.12 3.94108
2.4 2 0.12 5.4296
2.4 2.2 0.12 7.24989
2.4 2.4 0.12 9.43515
2.4 2.6 0.12 12.0185
2.4 2.8 0.12 15.0332
2.4 3 0.12 18.5124
2.4 3.2 0.12 22.4892
2.4 3.4 0.12 26.9969
2.4 3.6 0.12 32.0686
2.4 3.8 0.12 37.7375
2.4 4 0.12 44.0368
2.4 4.2 0.12 50.9996
2.4 4.4 0.12 58.6592
2.4 4.6 0.12 67.0486
2.4 4.8 0.12 76.2011
2.4 5 0.12 86.1499
2.6 -5 0.13 -109.6
2.6 -4.8 0.13 -96.9482
2.6 -4.6 0.13 -85.3089
2.6 -4.4 0.13 -74.6397
2.6 -4.2 0.13 -64.8986
2.6 -4 0.13 -56.0432
2.6 -3.8 0.13 -48.0315
2.6 -3.6 0.13 -40.8213
2.6 -3.4 0.13 -34.3704
2.6 -3.2 0.13 -28.6365
2.6 -3 0.13 -23.5776
2.6 -2.8 0.13 -19.1514
2.6 -2.6 0.13 -15.3158
2.6 -2.4 0.13 -12.0285
2.6 -2.2 0.13 -9.24747
2.6 -2 0.13 -6.9304
2.6 -1.8 0.13 -5.03516
2.6 -1.6 0.13 -3.51957
2.6 -1.4 0.13 -2.34143
2.6 -1.2 0.13 -1.45857
2.6 -1 0.13 -0.8288
2.6 -0.8 0.13 -0.409946
2.6 -0.6 0.13 -0.159821
2.6 -0.4 0.13 -0.0362433
2.6 -0.2 0.13 0.00296959
2.6 -2.68221e-07 0.13 1.3411e-08
2.6 0.2 0.13 -0.00296962
2.6 0.4 0.13 0.0362431
2.6 0.6 0.13 0.159821
2.6 0.8 0.13 0.409945
2.6 1 0.13 0.828799
2.6 1.2 0.13 1.45857
2.6 1.4 0.13 2.34143
2.6 1.6 0.13 3.51956
2.6 1.8 0.13 5.03516
2.6 2 0.13 6.9304
2.6 2.2 0.13 9.24746
2.6 2.4 0.13 12.0285
2.6 2.6 0.13 15.3158
2.6 2.8 0.13 19.1514
2.6 3 0.13 23.5776
2.6 3.2 0.13 28.6365
2.6 3.4 0.13 34.3704
2.6 3.6 0.13 40.8213
2.6 3.8 0.13 48.0315
2.6 4 0.13 56.0432
2.6 4.2 0.13 64.8985
2.6 4.4 0.13 74.6397
2.6 4.6 0.13 85.3088
2.6 4.8 0.13 96.9482
2.6 5 0.13 109.6
2.8 -5 0.14 -136.95
2.8 -4.8 0.14 -121.146
2.8 -4.6 0.14 -106.606
2.8 -4.4 0.14 -93.278
2.8 -4.2 0.14 -81.109
2.8 -4 0.14 -70.0464
2.8 -3.8 0.14 -60.0375
2.8 -3.6 0.14 -51.0297
2.8 -3.4 0.14 -42.9701
2.8 -3.2 0.14 -35.8062
2.8 -3 0.14 -29.4852
2.8 -2.8 0.14 -23.9545
2.8 -2.6 0.14 -19.1614
2.8 -2.4 0.14 -15.0532
2.8 -2.2 0.14 -11.5773
2.8 -2 0.14 -8.68081
2.8 -1.8 0.14 -6.31121
2.8 -1.6 0.14 -4.41577
2.8 -1.4 0.14 -2.94182
2.8 -1.2 0.14 -1.83665
2.8 -1 0.14 -1.0476
2.8 -0.8 0.14 -0.521972
2.8 -0.6 0.14 -0.207082
2.8 -0.4 0.14 -0.0502465
2.8 -0.2 0.14 0.00121918
2.8 -2.68221e-07 0.14 1.3411e-08
2.8 0.2 0.14 -0.00121922
2.8 0.4 0.14 0.0502463
2.8 0.6 0.14 0.207081
2.8 0.8 0.14 0.521971
2.8 1 0.14 1.0476
2.8 1.2 0.14 1.83665
2.8 1.4 0.14 2.94181
2.8 1.6 0.14 4.41577
2.8 1.8 0.14 6.3112
2.8 2 0.14 8.6808
2.8 2.2 0.14 11.5772
2.8 2.4 0.14 15.0532
2.8 2.6 0.14 19.1614
2.8 2.8 0.14 23.9545
2.8 3 0.14 29.4852
2.8 3.2 0.14 35.8062
2.8 3.4 0.14 42.9701
2.8 3.6 0.14 51.0296
2.8 3.8 0.14 60.0375
2.8 4 0.14 70.0464
2.8 4.2 0.14 81.109
2.8 4.4 0.14 93.2779
2.8 4.6 0.14 106.606
2.8 4.8 0.14 121.146
2.8 5 0.14 136.95
3 -5 0.15 -168.5
3 -4.8 0.15 -149.059
3 -4.6 0.15 -131.174
3 -4.4 0.15 -114.778
3 -4.2 0.15 -99.8089
3 -4 0.15 -86.2001
3 -3.8 0.15 -73.8873
3 -3.6 0.15 -62.8056
3 -3.4 0.15 -52.8904
3 -3.2 0.15 -44.0768
3 -3 0.15 -36.3
3 -2.8 0.15 -29.4952
3 -2.6 0.15 -23.5976
3 -2.4 0.15 -18.5424
3 -2.2 0.15 -14.2648
3 -2 0.15 -10.7
3 -1.8 0.15 -7.78321
3 -1.6 0.15 -5.4496
3 -1.4 0.15 -3.6344
3 -1.2 0.15 -2.2728
3 -1 0.15 -1.3
3 -0.8 0.15 -0.651201
3 -0.6 0.15 -0.2616
3 -0.4 0.15 -0.0664002
3 -0.2 0.15 -0.00080003
3 -2.68221e-07 0.15 1.3411e-08
3 0.2 0.15 0.00079997
3 0.4 0.15 0.0663998
3 0.6 0.15 0.2616
3 0.8 0.15 0.651199
3 1 0.15 1.3
3 1.2 0.15 2.2728
3 1.4 0.15 3.6344
3 1.6 0.15 5.4496
3 1.8 0.15 7.7832
3 2 0.15 10.7
3 2.2 0.15 14.2648
3 2.4 0.15 18.5424
3 2.6 0.15 23.5976
3 2.8 0.15 29.4952
3 3 0.15 36.3
3 3.2 0.15 44.0768
3 3.4 0.15 52.8904
3 3.6 0.15 62.8056
3 3.8 0.15 73.8872
3 4 0.15 86.2
3 4.2 0.15 99.8088
3 4.4 0.15 114.778
3 4.6 0.15 131.174
3 4.8 0.15 149.059
3 5 0.15 168.5
3.2 -5 0.16 -204.55
3.2 -4.8 0.16 -180.954
3.2 -4.6 0.16 -159.245
3.2 -4.4 0.16 -139.346
3.2 -4.2 0.16 -121.176
3.2 -4 0.16 -104.658
3.2 -3.8 0.16 -89.7124
3.2 -3.6 0.16 -76.2613
3.2 -3.4 0.16 -64.2257
3.2 -3.2 0.16 -53.5271
3.2 -3 0.16 -44.0868
3.2 -2.8 0.16 -35.8262
3.2 -2.6 0.16 -28.6665
3.2 -2.4 0.16 -22.5293
3.2 -2.2 0.16 -17.3357
3.2 -2 0.16 -13.0072
3.2 -1.8 0.16 -9.46516
3.2 -1.6 0.16 -6.63089
3.2 -1.4 0.16 -4.42577
3.2 -1.2 0.16 -2.77116
3.2 -1 0.16 -1.5884
3.2 -0.8 0.16 -0.798862
3.2 -0.6 0.16 -0.323895
3.2 -0.4 0.16 -0.0848578
3.2 -0.2 0.16 -0.00310724
3.2 -2.68221e-07 0.16 1.3411e-08
3.2 0.2 0.16 0.00310716
3.2 0.4 0.16 0.0848574
3.2 0.6 0.16 0.323894
3.2 0.8 0.16 0.79886
3.2 1 0.16 1.5884
3.2 1.2 0.16 2.77115
3.2 1.4 0.16 4.42577
3.2 1.6 0.16 6.63088
3.2 1.8 0.16 9.46515
3.2 2 0.16 13.0072
3.2 2.2 0.16 17.3357
3.2 2.4 0.16 22.5292
3.2 2.6 0.16 28.6665
3.2 2.8 0.16 35.8262
3.2 3 0.16 44.0868
3.2 3.2 0.16 53.5271
3.2 3.4 0.16 64.2257
3.2 3.6 0.16 76.2612
3.2 3.8 0.16 89.7123
3.2 4 0.16 104.658
3.2 4.2 0.16 121.176
3.2 4.4 0.16 139.345
3.2 4.6 0.16 159.245
3.2 4.8 0.16 180.954
3.2 5 0.16 204.55
3.4 -5 0.17 -245.4
3.4 -4.8 0.17 -217.095
3.4 -4.6 0.17 -191.055
3.4 -4.4 0.17 -167.184
3.4 -4.2 0.17 -145.388
3.4 -4 0.17 -125.573
3.4 -3.8 0.17 -107.645
3.4 -3.6 0.17 -91.5084
3.4 -3.4 0.17 -77.0703
3.4 -3.2 0.17 -64.2357
3.4 -3 0.17 -52.9104
3.4 -2.8 0.17 -43.0001
3.4 -2.6 0.17 -34.4104
3.4 -2.4 0.17 -27.0469
3.4 -2.2 0.17 -20.8155
3.4 -2 0.17 -15.6216
3.4 -1.8 0.17 -11.3711
3.4 -1.6 0.17 -7.96947
3.4 -1.4 0.17 -5.32251
3.4 -1.2 0.17 -3.33587
3.4 -1 0.17 -1.9152
3.4 -0.8 0.17 -0.966183
3.4 -0.6 0.17 -0.394484
3.4 -0.4 0.17 -0.105773
3.4 -0.2 0.17 -0.00572165
3.4 -2.68221e-07 0.17 1.3411e-08
3.4 0.2 0.17 0.00572155
3.4 0.4 0.17 0.105773
3.4 0.6 0.17 0.394483
3.4 0.8 0.17 0.966181
3.4 1 0.17 1.9152
3.4 1.2 0.17 3.33586
3.4 1.4 0.17 5.32251
3.4 1.6 0.17 7.96946
3.4 1.8 0.17 11.371
3.4 2 0.17 15.6216
3.4 2.2 0.17 20.8154
3.4 2.4 0.17 27.0469
3.4 2.6 0.17 34.4104
3.4 2.8 0.17 43.0001
3.4 3 0.17 52.9104
3.4 3.2 0.17 64.2357
3.4 3.4 0.17 77.0702
3.4 3.6 0.17 91.5084
3.4 3.8 0.17 107.644
3.4 4 0.17 125.573
3.4 4.2 0.17 145.388
3.4 4.4 0.17 167.184
3.4 4.6 0.17 191.055
3.4 4.8 0.17 217.095
3.4 5 0.17 245.4
3.6 -5 0.18 -291.35
3.6 -4.8 0.18 -257.749
3.6 -4.6 0.18 -226.835
3.6 -4.4 0.18 -198.497
3.6 -4.2 0.18 -172.623
3.6 -4 0.18 -149.099
3.6 -3.8 0.18 -127.816
3.6 -3.6 0.18 -108.659
3.6 -3.4 0.18 -91.5184
3.6 -3.2 0.18 -76.2813
3.6 -3 0.18 -62.8357
3.6 -2.8 0.18 -51.0697
3.6 -2.6 0.18 -40.8713
3.6 -2.4 0.18 -32.1287
3.6 -2.2 0.18 -24.7297
3.6 -2 0.18 -18.5624
3.6 -1.8 0.18 -13.5149
3.6 -1.6 0.18 -9.47516
3.6 -1.4 0.18 -6.33121
3.6 -1.2 0.18 -3.97108
3.6 -1 0.18 -2.2828
3.6 -0.8 0.18 -1.15439
3.6 -0.6 0.18 -0.473886
3.6 -0.4 0.18 -0.1293
3.6 -0.2 0.18 -0.00866247
3.6 -2.68221e-07 0.18 1.3411e-08
3.6 0.2 0.18 0.00866234
3.6 0.4 0.18 0.129299
3.6 0.6 0.18 0.473884
3.6 0.8 0.18 1.15439
3.6 1 0.18 2.2828
3.6 1.2 0.18 3.97108
3.6 1.4 0.18 6.3312
3.6 1.6 0.18 9.47515
3.6 1.8 0.18 13.5149
3.6 2 0.18 18.5624
3.6 2.2 0.18 24.7297
3.6 2.4 0.18 32.1286
3.6 2.6 0.18 40.8713
3.6 2.8 0.18 51.0696
3.6 3 0.18 62.8356
3.6 3.2 0.18 76.2812
3.6 3.4 0.18 91.5184
3.6 3.6 0.18 108.659
3.6 3.8 0.18 127.815
3.6 4 0.18 149.099
3.6 4.2 0.18 172.622
3.6 4.4 0.18 198.497
3.6 4.6 0.18 226.835
3.6 4.8 0.18 257.749
3.6 5 0.18 291.35
3.8 -5 0.19 -342.7
3.8 -4.8 0.19 -303.18
3.8 -4.6 0.19 -266.821
3.8 -4.4 0.19 -233.491
3.8 -4.2 0.19 -203.058
3.8 -4 0.19 -175.391
3.8 -3.8 0.19 -150.357
3.8 -3.6 0.19 -127.826
3.8 -3.4 0.19 -107.665
3.8 -3.2 0.19 -89.7424
3.8 -3 0.19 -73.9273
3.8 -2.8 0.19 -60.0876
3.8 -2.6 0.19 -48.0916
3.8 -2.4 0.19 -37.8076
3.8 -2.2 0.19 -29.1039
3.8 -2 0.19 -21.8488
3.8 -1.8 0.19 -15.9107
3.8 -1.6 0.19 -11.1578
3.8 -1.4 0.19 -7.45845
3.8 -1.2 0.19 -4.68094
3.8 -1 0.19 -2.6936
3.8 -0.8 0.19 -1.36472
3.8 -0.6 0.19 -0.562618
3.8 -0.4 0.19 -0.155591
3.8 -0.2 0.19 -0.0119489
3.8 -2.68221e-07 0.19 1.3411e-08
3.8 0.2 0.19 0.0119487
3.8 0.4 0.19 0.15559
3.8 0.6 0.19 0.562617
3.8 0.8 0.19 1.36472
3.8 1 0.19 2.6936
3.8 1.2 0.19 4.68094
3.8 1.4 0.19 7.45844
3.8 1.6 0.19 11.1578
3.8 1.8 0.19 15.9107
3.8 2 0.19 21.8488
3.8 2.2 0.19 29.1038
3.8 2.4 0.19 37.8075
3.8 2.6 0.19 48.0915
3.8 2.8 0.19 60.0875
3.8 3 0.19 73.9272
3.8 3.2 0.19 89.7423
3.8 3.4 0.19 107.664
3.8 3.6 0.19 127.825
3.8 3.8 0.19 150.357
3.8 4 0.19 175.39
3.8 4.2 0.19 203.058
3.8 4.4 0.19 233.491
3.8 4.6 0.19 266.821
3.8 4.8 0.19 303.18
3.8 5 0.19 342.7
4 -5 0.2 -399.75
4 -4.8 0.2 -353.654
4 -4.6 0.2 -311.245
4 -4.4 0.2 -272.369
4 -4.2 0.2 -236.872
4 -4 0.2 -204.6
4 -3.8 0.2 -175.401
4 -3.6 0.2 -149.119
4 -3.4 0.2 -125.603
4 -3.2 0.2 -104.698
4 -3 0.2 -86.2501
4 -2.8 0.2 -70.1065
4 -2.6 0.2 -56.1132
4 -2.4 0.2 -44.1168
4 -2.2 0.2 -33.9636
4 -2 0.2 -25.5
4 -1.8 0.2 -18.5724
4 -1.6 0.2 -13.0272
4 -1.4 0.2 -8.71081
4 -1.2 0.2 -5.4696
4 -1 0.2 -3.15
4 -0.8 0.2 -1.5984
4 -0.6 0.2 -0.661201
4 -0.4 0.2 -0.1848
4 -0.2 0.2 -0.0156001
4 -2.68221e-07 0.2 1.3411e-08
4 0.2 0.2 0.0155999
4 0.4 0.2 0.1848
4 0.6 0.2 0.661199
4 0.8 0.2 1.5984
4 1 0.2 3.15
4 1.2 0.2 5.4696
4 1.4 0.2 8.7108
4 1.6 0.2 13.0272
4 1.8 0.2 18.5724
4 2 0.2 25.5
4 2.2 0.2 33.9636
4 2.4 0.2 44.1168
4 2.6 0.2 56.1132
4 2.8 0.2 70.1064
4 3 0.2 86.25
4 3.2 0.2 104.698
4 3.4 0.2 125.603
4 3.6 0.2 149.119
4 3.8 0.2 175.4
4 4 0.2 204.6
4 4.2 0.2 236.872
4 4.4 0.2 272.369
4 4.6 0.2 311.245
4 4.8 0.2 353.654
4 5 0.2 399.75
4.2 -5 0.21 -462.8
4.2 -4.8 0.21 -409.437
4.2 -4.6 0.21 -360.342
4.2 -4.4 0.21 -315.336
4.2 -4.2 0.21 -274.242
4.2 -4 0.21 -236.882
4.2 -3.8 0.21 -203.078
4.2 -3.6 0.21 -172.653
4.2 -3.4 0.21 -145.428
4.2 -3.2 0.21 -121.226
4.2 -3 0.21 -99.8689
4.2 -2.8 0.21 -81.179
4.2 -2.6 0.21 -64.9786
4.2 -2.4 0.21 -51.0897
4.2 -2.2 0.21 -39.3345
4.2 -2 0.21 -29.5352
4.2 -1.8 0.21 -21.5141
4.2 -1.6 0.21 -15.0932
4.2 -1.4 0.21 -10.0949
4.2 -1.2 0.21 -6.34121
4.2 -1 0.21 -3.6544
4.2 -0.8 0.21 -1.85665
4.2 -0.6 0.21 -0.770151
4.2 -0.4 0.21 -0.217082
4.2 -0.2 0.21 -0.0196353
4.2 -2.68221e-07 0.21 1.3411e-08
4.2 0.2 0.21 0.0196351
4.2 0.4 0.21 0.217081
4.2 0.6 0.21 0.770149
4.2 0.8 0.21 1.85665
4.2 1 0.21 3.6544
4.2 1.2 0.21 6.3412
4.2 1.4 0.21 10.0949
4.2 1.6 0.21 15.0932
4.2 1.8 0.21 21.5141
4.2 2 0.21 29.5352
4.2 2.2 0.21 39.3344
4.2 2.4 0.21 51.0896
4.2 2.6 0.21 64.9785
4.2 2.8 0.21 81.179
4.2 3 0.21 99.8688
4.2 3.2 0.21 121.226
4.2 3.4 0.21 145.428
4.2 3.6 0.21 172.652
4.2 3.8 0.21 203.078
4.2 4 0.21 236.882
4.2 4.2 0.21 274.242
4.2 4.4 0.21 315.335
4.2 4.6 0.21 360.341
4.2 4.8 0.21 409.437
4.2 5 0.21 462.8
4.4 -5 0.22 -532.15
4.4 -4.8 0.22 -470.793
4.4 -4.6 0.22 -414.344
4.4 -4.4 0.22 -362.596
4.4 -4.2 0.22 -315.346
4.4 -4 0.22 -272.389
4.4 -3.8 0.22 -233.521
4.4 -3.6 0.22 -198.537
4.4 -3.4 0.22 -167.234
4.4 -3.2 0.22 -139.406
4.4 -3 0.22 -114.848
4.4 -2.8 0.22 -93.358
4.4 -2.6 0.22 -74.7297
4.4 -2.4 0.22 -58.7592
4.4 -2.2 0.22 -45.242
4.4 -2 0.22 -33.9736
4.4 -1.8 0.22 -24.7497
4.4 -1.6 0.22 -17.3657
4.4 -1.4 0.22 -11.6173
4.4 -1.2 0.22 -7.2999
4.4 -1 0.22 -4.2092
4.4 -0.8 0.22 -2.14071
4.4 -0.6 0.22 -0.889988
4.4 -0.4 0.22 -0.252589
4.4 -0.2 0.22 -0.0240737
4.4 -2.68221e-07 0.22 1.3411e-08
4.4 0.2 0.22 0.0240735
4.4 0.4 0.22 0.252588
4.4 0.6 0.22 0.889986
4.4 0.8 0.22 2.14071
4.4 1 0.22 4.2092
4.4 1.2 0.22 7.29989
4.4 1.4 0.22 11.6172
4.4 1.6 0.22 17.3657
4.4 1.8 0.22 24.7496
4.4 2 0.22 33.9736
4.4 2.2 0.22 45.2419
4.4 2.4 0.22 58.7592
4.4 2.6 0.22 74.7297
4.4 2.8 0.22 93.3579
4.4 3 0.22 114.848
4.4 3.2 0.22 139.405
4.4 3.4 0.22 167.234
4.4 3.6 0.22 198.537
4.4 3.8 0.22 233.521
4.4 4 0.22 272.389
4.4 4.2 0.22 315.345
4.4 4.4 0.22 362.596
4.4 4.6 0.22 414.343
4.4 4.8 0.22 470.793
4.4 5 0.22 532.15
4.6 -5 0.23 -608.1
4.6 -4.8 0.23 -537.989
4.6 -4.6 0.23 -473.485
4.6 -4.4 0.23 -414.354
4.6 -4.2 0.23 -360.362
4.6 -4 0.23 -311.275
4.6 -3.8 0.23 -266.861
4.6 -3.6 0.23 -226.885
4.6 -3.4 0.23 -191.115
4.6 -3.2 0.23 -159.315
4.6 -3 0.23 -131.254
4.6 -2.8 0.23 -106.696
4.6 -2.6 0.23 -85.4089
4.6 -2.4 0.23 -67.1587
4.6 -2.2 0.23 -51.7117
4.6 -2 0.23 -38.8344
4.6 -1.8 0.23 -28.2932
4.6 -1.6 0.23 -19.8544
4.6 -1.4 0.23 -13.2845
4.6 -1.2 0.23 -8.34983
4.6 -1 0.23 -4.8168
4.6 -0.8 0.23 -2.4518
4.6 -0.6 0.23 -1.02123
4.6 -0.4 0.23 -0.291476
4.6 -0.2 0.23 -0.0289345
4.6 -2.68221e-07 0.23 1.3411e-08
4.6 0.2 0.23 0.0289342
4.6 0.4 0.23 0.291474
4.6 0.6 0.23 1.02123
4.6 0.8 0.23 2.4518
4.6 1 0.23 4.81679
4.6 1.2 0.23 8.34982
4.6 1.4 0.23 13.2845
4.6 1.6 0.23 19.8544
4.6 1.8 0.23 28.2932
4.6 2 0.23 38.8344
4.6 2.2 0.23 51.7117
4.6 2.4 0.23 67.1586
4.6 2.6 0.23 85.4088
4.6 2.8 0.23 106.696
4.6 3 0.23 131.254
4.6 3.2 0.23 159.315
4.6 3.4 0.23 191.115
4.6 3.6 0.23 226.885
4.6 3.8 0.23 266.861
4.6 4 0.23 311.275
4.6 4.2 0.23 360.361
4.6 4.4 0.23 414.353
4.6 4.6 0.23 473.484
4.6 4.8 0.23 537.989
4.6 5 0.23 608.099
4.8 -5 0.24 -690.95
4.8 -4.8 0.24 -611.289
4.8 -4.6 0.24 -537.999
4.8 -4.4 0.24 -470.813
4.8 -4.2 0.24 -409.467
4.8 -4 0.24 -353.694
4.8 -3.8 0.24 -303.23
4.8 -3.6 0.24 -257.809
4.8 -3.4 0.24 -217.165
4.8 -3.2 0.24 -181.034
4.8 -3 0.24 -149.149
4.8 -2.8 0.24 -121.246
4.8 -2.6 0.24 -97.0583
4.8 -2.4 0.24 -76.3212
4.8 -2.2 0.24 -58.7692
4.8 -2 0.24 -44.1368
4.8 -1.8 0.24 -32.1586
4.8 -1.6 0.24 -22.5692
4.8 -1.4 0.24 -15.1032
4.8 -1.2 0.24 -9.49515
4.8 -1 0.24 -5.4796
4.8 -0.8 0.24 -2.79116
4.8 -0.6 0.24 -1.16439
4.8 -0.4 0.24 -0.333895
4.8 -0.2 0.24 -0.0342369
4.8 -2.68221e-07 0.24 1.3411e-08
4.8 0.2 0.24 0.0342366
4.8 0.4 0.24 0.333894
4.8 0.6 0.24 1.16439
4.8 0.8 0.24 2.79115
4.8 1 0.24 5.47959
4.8 1.2 0.24 9.49514
4.8 1.4 0.24 15.1032
4.8 1.6 0.24 22.5692
4.8 1.8 0.24 32.1586
4.8 2 0.24 44.1368
4.8 2.2 0.24 58.7691
4.8 2.4 0.24 76.3211
4.8 2.6 0.24 97.0582
4.8 2.8 0.24 121.246
4.8 3 0.24 149.149
4.8 3.2 0.24 181.034
4.8 3.4 0.24 217.165
4.8 3.6 0.24 257.809
4.8 3.8 0.24 303.23
4.8 4 0.24 353.694
4.8 4.2 0.24 409.467
4.8 4.4 0.24 470.813
4.8 4.6 0.24 537.999
4.8 4.8 0.24 611.289
4.8 5 0.24 690.949
5 -5 0.25 -781
5 -4.8 0.25 -690.96
5 -4.6 0.25 -608.12
5 -4.4 0.25 -532.18
5 -4.2 0.25 -462.84
5 -4 0.25 -399.8
5 -3.8 0.25 -342.76
5 -3.6 0.25 -291.42
5 -3.4 0.25 -245.48
5 -3.2 0.25 -204.64
5 -3 0.25 -168.6
5 -2.8 0.25 -137.06
5 -2.6 0.25 -109.72
5 -2.4 0.25 -86.28
5 -2.2 0.25 -66.44
5 -2 0.25 -49.9
5 -1.8 0.25 -36.36
5 -1.6 0.25 -25.52
5 -1.4 0.25 -17.08
5 -1.2 0.25 -10.74
5 -1 0.25 -6.2
5 -0.8 0.25 -3.16
5 -0.6 0.25 -1.32
5 -0.4 0.25 -0.380001
5 -0.2 0.25 -0.0400002
5 -2.68221e-07 0.25 1.3411e-08
5 0.2 0.25 0.0399998
5 0.4 0.25 0.379999
5 0.6 0.25 1.32
5 0.8 0.25 3.15999
5 1 0.25 6.19999
5 1.2 0.25 10.74
5 1.4 0.25 17.08
5 1.6 0.25 25.52
5 1.8 0.25 36.36
5 2 0.25 49.9
5 2.2 0.25 66.4399
5 2.4 0.25 86.2799
5 2.6 0.25 109.72
5 2.8 0.25 137.06
5 3 0.25 168.6
5 3.2 0.25 204.64
5 3.4 0.25 245.48
5 3.6 0.25 291.42
5 3.8 0.25 342.76
5 4 0.25 399.8
5 4.2 0.25 462.84
5 4.4 0.25 532.18
5 4.6 0.25 608.119
5 4.8 0.25 690.959
5 5 0.25 780.999
