0 1.00333 0.990194
0.02 1.02314 0.980963
0.04 1.04276 0.972333
0.06 1.0622 0.964303
0.08 1.08149 0.956872
0.1 1.10063 0.950035
0.12 1.11963 0.943786
0.14 1.1385 0.93812
0.16 1.15727 0.933028
0.18 1.17593 0.928501
0.2 1.1945 0.924528
0.22 1.21299 0.921098
0.24 1.23141 0.918196
0.26 1.24977 0.915809
0.28 1.26809 0.91392
0.3 1.28637 0.912514
0.32 1.30462 0.911571
0.34 1.32285 0.911073
0.36 1.34107 0.911
0.38 1.35929 0.911329
0.4 1.37752 0.91204
0.42 1.39576 0.913107
0.44 1.41402 0.914508
0.46 1.43231 0.916217
0.48 1.45063 0.918208
0.5 1.469 0.920455
0.52 1.48741 0.922929
0.54 1.50587 0.925602
0.56 1.52438 0.928447
0.58 1.54295 0.931432
0.6 1.56158 0.934528
0.62 1.58027 0.937705
0.64 1.59902 0.940931
0.66 1.61784 0.944175
0.68 1.63672 0.947406
0.7 1.65567 0.950591
0.72 1.67468 0.953698
0.74 1.69376 0.956695
0.76 1.71289 0.959549
0.78 1.73208 0.962228
0.8 1.75133 0.964699
0.82 1.77062 0.96693
0.84 1.78996 0.968888
0.86 1.80934 0.970541
0.88 1.82875 0.971858
0.9 1.84818 0.972806
0.92 1.86764 0.973355
0.94 1.88711 0.973473
0.96 1.90658 0.973131
0.98 1.92604 0.972297
1 1.94549 0.970944
1.02 1.9649 0.969042
1.04 1.98428 0.966563
1.06 2.00362 0.96348
1.08 2.02289 0.959767
1.1 2.04208 0.955397
1.12 2.06119 0.950347
1.14 2.0802 0.944591
1.16 2.09909 0.938108
1.18 2.11785 0.930874
1.2 2.13647 0.922871
1.22 2.15492 0.914077
1.24 2.17321 0.904473
1.26 2.1913 0.894044
1.28 2.20918 0.882771
1.3 2.22683 0.870641
1.32 2.24425 0.857639
1.34 2.2614 0.843753
1.36 2.27827 0.828971
1.38 2.29485 0.813285
1.4 2.31112 0.796685
1.42 2.32705 0.779164
1.44 2.34263 0.760716
1.46 2.35785 0.741338
1.48 2.37268 0.721026
1.5 2.3871 0.69978
1.52 2.40109 0.677598
1.54 2.41464 0.654483
1.56 2.42773 0.630438
1.58 2.44034 0.605466
1.6 2.45245 0.579575
1.62 2.46404 0.55277
1.64 2.4751 0.525062
1.66 2.4856 0.496461
1.68 2.49553 0.466977
1.7 2.50487 0.436624
1.72 2.5136 0.405418
1.74 2.52171 0.373373
1.76 2.52918 0.340507
1.78 2.53599 0.306839
1.8 2.54212 0.272389
1.82 2.54757 0.237177
1.84 2.55232 0.201228
1.86 2.55634 0.164564
1.88 2.55963 0.127211
1.9 2.56218 0.0891947
1.92 2.56396 0.0505429
1.94 2.56497 0.011284
1.96 2.5652 -0.0285522
1.98 2.56462 -0.0689353
2 2.56325 -0.109834
2.02 2.56105 -0.151215
2.04 2.55802 -0.193044
2.06 2.55416 -0.235289
2.08 2.54946 -0.277912
2.1 2.5439 -0.32088
2.12 2.53748 -0.364154
2.14 2.5302 -0.407698
2.16 2.52205 -0.451473
2.18 2.51302 -0.495442
2.2 2.50311 -0.539566
2.22 2.49232 -0.583804
2.24 2.48064 -0.628117
2.26 2.46808 -0.672466
2.28 2.45463 -0.716809
2.3 2.44029 -0.761107
2.32 2.42507 -0.805319
2.34 2.40896 -0.849403
2.36 2.39198 -0.893319
2.38 2.37411 -0.937027
2.4 2.35537 -0.980485
2.42 2.33576 -1.02365
2.44 2.31529 -1.06649
2.46 2.29396 -1.10896
2.48 2.27178 -1.15102
2.5 2.24876 -1.19262
2.52 2.2249 -1.23374
2.54 2.20023 -1.27434
2.56 2.17474 -1.31436
2.58 2.14846 -1.35379
2.6 2.12138 -1.39258
2.62 2.09353 -1.43069
2.64 2.06491 -1.4681
2.66 2.03555 -1.50476
2.68 2.00546 -1.54064
2.7 1.97464 -1.57571
2.72 1.94313 -1.60995
2.74 1.91093 -1.64331
2.76 1.87807 -1.67577
2.78 1.84455 -1.7073
2.8 1.8104 -1.73787
2.82 1.77565 -1.76746
2.84 1.7403 -1.79605
2.86 1.70438 -1.8236
2.88 1.6679 -1.8501
2.9 1.6309 -1.87552
2.92 1.59339 -1.89985
2.94 1.5554 -1.92306
2.96 1.51693 -1.94515
2.98 1.47803 -1.96609
3 1.43871 -1.98588
3.02 1.39899 -2.00449
3.04 1.3589 -2.02192
3.06 1.31846 -2.03815
3.08 1.2777 -2.05319
3.1 1.23664 -2.06702
3.12 1.1953 -2.07963
3.14 1.1537 -2.09103
3.16 1.11188 -2.10122
3.18 1.06986 -2.11018
3.2 1.02766 -2.11793
3.22 0.985297 -2.12446
3.24 0.942808 -2.12978
3.26 0.900212 -2.1339
3.28 0.857535 -2.13682
3.3 0.814798 -2.13854
3.32 0.772027 -2.13909
3.34 0.729246 -2.13847
3.36 0.686476 -2.13669
3.38 0.643742 -2.13378
3.4 0.601067 -2.12973
3.42 0.558472 -2.12458
3.44 0.515981 -2.11833
3.46 0.473614 -2.11102
3.48 0.431394 -2.10265
3.5 0.389341 -2.09325
3.52 0.347476 -2.08285
3.54 0.305819 -2.07147
3.56 0.26439 -2.05913
3.58 0.223207 -2.04586
3.6 0.18229 -2.03169
3.62 0.141657 -2.01664
3.64 0.101324 -2.00075
3.66 0.0613087 -1.98405
3.68 0.0216277 -1.96656
3.7 -0.0177035 -1.94833
3.72 -0.05667 -1.92937
3.74 -0.0952574 -1.90973
3.76 -0.133452 -1.88943
3.78 -0.171241 -1.86852
3.8 -0.208611 -1.84703
3.82 -0.245552 -1.82499
3.84 -0.282051 -1.80244
3.86 -0.3181 -1.77941
3.88 -0.353688 -1.75594
3.9 -0.388807 -1.73208
3.92 -0.423449 -1.70784
3.94 -0.457605 -1.68328
3.96 -0.491271 -1.65843
3.98 -0.524439 -1.63332
4 -0.557106 -1.60799
4.02 -0.589267 -1.58248
4.04 -0.620917 -1.55682
4.06 -0.652054 -1.53106
4.08 -0.682676 -1.50522
4.1 -0.712781 -1.47935
4.12 -0.742369 -1.45347
4.14 -0.771439 -1.42763
4.16 -0.799992 -1.40185
4.18 -0.82803 -1.37618
4.2 -0.855554 -1.35063
4.22 -0.882567 -1.32525
4.24 -0.909073 -1.30007
4.26 -0.935075 -1.27512
4.28 -0.960578 -1.25043
4.3 -0.985587 -1.22602
4.32 -1.01011 -1.20193
4.34 -1.03415 -1.17818
4.36 -1.05771 -1.1548
4.38 -1.08081 -1.13181
4.4 -1.10344 -1.10924
4.42 -1.12563 -1.08711
4.44 -1.14737 -1.06544
4.46 -1.16868 -1.04426
4.48 -1.18957 -1.02358
4.5 -1.21004 -1.00342
4.52 -1.23011 -0.983794
4.54 -1.24978 -0.964725
4.56 -1.26908 -0.946224
4.58 -1.288 -0.928303
4.6 -1.30657 -0.910975
4.62 -1.32479 -0.89425
4.64 -1.34268 -0.878136
4.66 -1.36024 -0.862641
4.68 -1.37749 -0.847771
4.7 -1.39445 -0.833531
4.72 -1.41112 -0.819924
4.74 -1.42752 -0.806953
4.76 -1.44366 -0.794617
4.78 -1.45955 -0.782916
4.8 -1.47521 -0.771848
4.82 -1.49065 -0.761408
4.84 -1.50587 -0.751592
4.86 -1.52091 -0.742393
4.88 -1.53576 -0.733804
4.9 -1.55043 -0.725816
4.92 -1.56495 -0.718417
4.94 -1.57932 -0.711596
4.96 -1.59355 -0.705341
4.98 -1.60766 -0.699637
5 -1.62165 -0.694469
5.02 -1.63554 -0.689819
5.04 -1.64934 -0.685671
5.06 -1.66305 -0.682005
5.08 -1.67669 -0.678801
5.1 -1.69027 -0.676038
5.12 -1.70379 -0.673695
5.14 -1.71726 -0.671747
5.16 -1.7307 -0.670172
5.18 -1.7441 -0.668944
5.2 -1.75748 -0.668037
5.22 -1.77084 -0.667425
5.24 -1.78419 -0.667082
5.26 -1.79753 -0.666978
5.28 -1.81087 -0.667085
5.3 -1.82421 -0.667375
5.32 -1.83756 -0.667817
5.34 -1.85092 -0.668381
5.36 -1.86429 -0.669037
5.38 -1.87767 -0.669754
5.4 -1.89106 -0.6705
5.42 -1.90447 -0.671243
5.44 -1.9179 -0.671953
5.46 -1.93134 -0.672596
5.48 -1.94479 -0.673141
5.5 -1.95825 -0.673556
5.52 -1.97172 -0.673809
5.54 -1.9852 -0.673868
5.56 -1.99868 -0.6737
5.58 -2.01215 -0.673274
5.6 -2.02562 -0.672559
5.62 -2.03907 -0.671524
5.64 -2.0525 -0.670138
5.66 -2.0659 -0.66837
5.68 -2.07927 -0.666191
5.7 -2.0926 -0.663571
5.72 -2.10587 -0.660481
5.74 -2.11908 -0.656894
5.76 -2.13222 -0.652782
5.78 -2.14527 -0.648118
5.8 -2.15823 -0.642877
5.82 -2.17109 -0.637033
5.84 -2.18383 -0.630561
5.86 -2.19644 -0.62344
5.88 -2.20891 -0.615646
5.9 -2.22123 -0.607157
5.92 -2.23337 -0.597955
5.94 -2.24533 -0.588019
5.96 -2.25709 -0.577332
5.98 -2.26864 -0.565877
6 -2.27995 -0.553638
6.02 -2.29103 -0.5406
6.04 -2.30184 -0.526751
6.06 -2.31238 -0.512078
6.08 -2.32262 -0.496571
6.1 -2.33255 -0.480221
6.12 -2.34215 -0.46302
6.14 -2.35141 -0.444961
6.16 -2.36031 -0.426039
6.18 -2.36883 -0.40625
6.2 -2.37696 -0.385593
6.22 -2.38467 -0.364066
6.24 -2.39195 -0.34167
6.26 -2.39879 -0.318407
6.28 -2.40516 -0.29428
6.3 -2.41104 -0.269295
6.32 -2.41643 -0.243457
6.34 -2.4213 -0.216776
6.36 -2.42563 -0.189259
6.38 -2.42942 -0.160917
6.4 -2.43264 -0.131764
6.42 -2.43527 -0.101812
6.44 -2.43731 -0.0710759
6.46 -2.43873 -0.0395726
6.48 -2.43952 -0.00731967
6.5 -2.43967 0.025664
6.52 -2.43915 0.059358
6.54 -2.43797 0.0937407
6.56 -2.43609 0.128789
6.58 -2.43352 0.16448
6.6 -2.43023 0.200786
6.62 -2.42621 0.237683
6.64 -2.42146 0.275142
6.66 -2.41595 0.313135
6.68 -2.40969 0.351632
6.7 -2.40266 0.390602
6.72 -2.39485 0.430013
6.74 -2.38625 0.469834
6.76 -2.37685 0.510029
6.78 -2.36665 0.550566
6.8 -2.35564 0.591409
6.82 -2.34381 0.632523
6.84 -2.33116 0.673869
6.86 -2.31768 0.715413
6.88 -2.30337 0.757115
6.9 -2.28823 0.798938
6.92 -2.27225 0.840843
6.94 -2.25543 0.88279
6.96 -2.23778 0.924742
6.98 -2.21928 0.966657
7 -2.19995 1.0085
7.02 -2.17978 1.05022
7.04 -2.15877 1.09178
7.06 -2.13693 1.13315
7.08 -2.11427 1.17429
7.1 -2.09078 1.21514
7.12 -2.06648 1.25568
7.14 -2.04137 1.29586
7.16 -2.01545 1.33564
7.18 -1.98874 1.37499
7.2 -1.96124 1.41386
7.22 -1.93296 1.45222
7.24 -1.90391 1.49003
7.26 -1.87411 1.52725
7.28 -1.84357 1.56384
7.3 -1.81229 1.59976
7.32 -1.78029 1.63499
7.34 -1.74759 1.66949
7.36 -1.7142 1.70322
7.38 -1.68014 1.73614
7.4 -1.64541 1.76824
7.42 -1.61005 1.79947
7.44 -1.57406 1.8298
7.46 -1.53746 1.85921
7.48 -1.50027 1.88767
7.5 -1.46252 1.91514
7.52 -1.42422 1.94161
7.54 -1.38538 1.96705
7.56 -1.34604 1.99144
7.58 -1.30621 2.01475
7.6 -1.26592 2.03696
7.62 -1.22518 2.05805
7.64 -1.18401 2.078
7.66 -1.14245 2.09681
7.68 -1.10052 2.11444
7.7 -1.05823 2.13089
7.72 -1.01561 2.14615
7.74 -0.972683 2.16019
7.76 -0.929478 2.17303
7.78 -0.886017 2.18463
7.8 -0.842323 2.19501
7.82 -0.798422 2.20415
7.84 -0.754338 2.21205
7.86 -0.710096 2.21871
7.88 -0.665721 2.22412
7.9 -0.621237 2.22829
7.92 -0.576671 2.23122
7.94 -0.532045 2.23292
7.96 -0.487386 2.23339
7.98 -0.442717 2.23263
8 -0.398063 2.23066
8.02 -0.353449 2.22748
8.04 -0.308898 2.22311
8.06 -0.264435 2.21756
8.08 -0.220083 2.21084
8.1 -0.175865 2.20297
8.12 -0.131805 2.19397
8.14 -0.0879243 2.18385
8.16 -0.0442463 2.17264
8.18 -0.000792556 2.16035
8.2 0.0424154 2.147
8.22 0.0853564 2.13263
8.24 0.12801 2.11726
8.26 0.170356 2.1009
8.28 0.212375 2.08359
8.3 0.254048 2.06535
8.32 0.295356 2.04622
8.34 0.336281 2.02622
8.36 0.376807 2.00539
8.38 0.416915 1.98375
8.4 0.456591 1.96134
8.42 0.495819 1.93819
8.44 0.534584 1.91434
8.46 0.572871 1.88981
8.48 0.610669 1.86465
8.5 0.647962 1.83889
8.52 0.684741 1.81256
8.54 0.720993 1.7857
8.56 0.756708 1.75836
8.58 0.791876 1.73055
8.6 0.826488 1.70234
8.62 0.860535 1.67374
8.64 0.894011 1.6448
8.66 0.926907 1.61556
8.68 0.959219 1.58605
8.7 0.990941 1.55631
8.72 1.02207 1.52638
8.74 1.0526 1.4963
8.76 1.08252 1.4661
8.78 1.11185 1.43583
8.8 1.14056 1.40551
8.82 1.16867 1.37519
8.84 1.19618 1.3449
8.86 1.22308 1.31467
8.88 1.24937 1.28454
8.9 1.27506 1.25455
8.92 1.30015 1.22472
8.94 1.32465 1.1951
8.96 1.34855 1.16571
8.98 1.37187 1.13659
9 1.3946 1.10776
9.02 1.41675 1.07925
9.04 1.43834 1.0511
9.06 1.45936 1.02333
9.08 1.47983 0.995962
9.1 1.49975 0.969031
9.12 1.51913 0.942557
9.14 1.53798 0.916565
9.16 1.55631 0.891075
9.18 1.57413 0.86611
9.2 1.59146 0.841688
9.22 1.60829 0.817829
9.24 1.62465 0.794549
9.26 1.64054 0.771865
9.28 1.65598 0.749791
9.3 1.67097 0.72834
9.32 1.68554 0.707524
9.34 1.69969 0.687354
9.36 1.71344 0.667838
9.38 1.7268 0.648985
9.4 1.73978 0.630801
9.42 1.75239 0.61329
9.44 1.76466 0.596457
9.46 1.77659 0.580302
9.48 1.78819 0.564828
9.5 1.79949 0.550033
9.52 1.81049 0.535914
9.54 1.82121 0.522469
9.56 1.83166 0.509693
9.58 1.84185 0.497578
9.6 1.85181 0.486118
9.62 1.86153 0.475304
9.64 1.87103 0.465124
9.66 1.88034 0.455568
9.68 1.88945 0.446623
9.7 1.89838 0.438275
9.72 1.90715 0.430507
9.74 1.91576 0.423304
9.76 1.92422 0.416649
9.78 1.93256 0.410521
9.8 1.94077 0.404901
9.82 1.94887 0.399769
9.84 1.95686 0.395103
9.86 1.96476 0.390878
9.88 1.97258 0.387073
9.9 1.98032 0.383661
9.92 1.988 0.380618
9.94 1.99561 0.377917
9.96 2.00317 0.37553
9.98 2.01068 0.373432
10 2.01815 0.371591
10.02 2.02558 0.369981
10.04 2.03298 0.368571
10.06 2.04035 0.367332
10.08 2.0477 0.366232
10.1 2.05502 0.365242
10.12 2.06233 0.36433
10.14 2.06961 0.363465
10.16 2.07688 0.362614
10.18 2.08414 0.361748
10.2 2.09137 0.360832
10.22 2.09859 0.359837
10.24 2.10578 0.35873
10.26 2.11296 0.357479
10.28 2.12011 0.356054
10.3 2.12723 0.354421
10.32 2.13432 0.352551
10.34 2.14137 0.350413
10.36 2.14838 0.347976
10.38 2.15534 0.34521
10.4 2.16224 0.342086
10.42 2.16908 0.338575
10.44 2.17586 0.334648
10.46 2.18255 0.330277
10.48 2.18916 0.325437
10.5 2.19566 0.320099
10.52 2.20207 0.314239
10.54 2.20835 0.307833
10.56 2.21451 0.300855
10.58 2.22052 0.293284
10.6 2.22639 0.285097
10.62 2.23209 0.276274
10.64 2.23762 0.266795
10.66 2.24295 0.256641
10.68 2.24809 0.245794
10.7 2.253 0.234238
10.72 2.25769 0.221958
10.74 2.26213 0.20894
10.76 2.26631 0.195171
10.78 2.27021 0.180639
10.8 2.27382 0.165334
10.82 2.27713 0.149248
10.84 2.28011 0.132373
10.86 2.28276 0.114703
10.88 2.28506 0.0962325
10.9 2.28698 0.0769593
10.92 2.28852 0.0568811
10.94 2.28966 0.0359973
10.96 2.29038 0.014309
10.98 2.29066 -0.00818143
11 2.2905 -0.0314702
11.02 2.28987 -0.0555521
11.04 2.28876 -0.0804203
11.06 2.28715 -0.106067
11.08 2.28503 -0.132482
11.1 2.28238 -0.159655
11.12 2.27919 -0.187573
11.14 2.27544 -0.216222
11.16 2.27111 -0.245588
11.18 2.2662 -0.275653
11.2 2.26069 -0.306401
11.22 2.25456 -0.337811
11.24 2.2478 -0.369864
11.26 2.2404 -0.402537
11.28 2.23235 -0.435808
11.3 2.22364 -0.469652
11.32 2.21424 -0.504045
11.34 2.20416 -0.538959
11.36 2.19338 -0.574367
11.38 2.1819 -0.61024
11.4 2.16969 -0.646549
11.42 2.15676 -0.683264
11.44 2.14309 -0.720352
11.46 2.12869 -0.757781
11.48 2.11353 -0.795517
11.5 2.09762 -0.833528
11.52 2.08095 -0.871777
11.54 2.06351 -0.91023
11.56 2.04531 -0.948849
11.58 2.02633 -0.987599
11.6 2.00658 -1.02644
11.62 1.98605 -1.06534
11.64 1.96474 -1.10425
11.66 1.94266 -1.14315
11.68 1.91979 -1.18198
11.7 1.89615 -1.22071
11.72 1.87174 -1.25931
11.74 1.84655 -1.29772
11.76 1.8206 -1.33592
11.78 1.79388 -1.37386
11.8 1.7664 -1.4115
11.82 1.73817 -1.4488
11.84 1.70919 -1.48573
11.86 1.67948 -1.52224
11.88 1.64903 -1.5583
11.9 1.61786 -1.59386
11.92 1.58599 -1.6289
11.94 1.55341 -1.66336
11.96 1.52014 -1.69722
11.98 1.48619 -1.73044
12 1.45158 -1.76298
12.02 1.41632 -1.79481
12.04 1.38043 -1.82588
12.06 1.34391 -1.85618
12.08 1.30678 -1.88566
12.1 1.26907 -1.91429
12.12 1.23078 -1.94204
12.14 1.19194 -1.96889
12.16 1.15256 -1.99479
12.18 1.11267 -2.01973
12.2 1.07227 -2.04368
12.22 1.0314 -2.06661
12.24 0.990063 -2.08849
12.26 0.948292 -2.1093
12.28 0.906105 -2.12903
12.3 0.863524 -2.14764
12.32 0.82057 -2.16513
12.34 0.777266 -2.18146
12.36 0.733636 -2.19663
12.38 0.689703 -2.21062
12.4 0.645489 -2.22341
12.42 0.60102 -2.23499
12.44 0.556319 -2.24535
12.46 0.511411 -2.25449
12.48 0.46632 -2.26238
12.5 0.421072 -2.26904
12.52 0.37569 -2.27444
12.54 0.3302 -2.27859
12.56 0.284627 -2.28148
12.58 0.238997 -2.28312
12.6 0.193333 -2.2835
12.62 0.147662 -2.28263
12.64 0.102009 -2.28051
12.66 0.0563974 -2.27715
12.68 0.0108534 -2.27255
12.7 -0.0345985 -2.26672
12.72 -0.0799339 -2.25967
12.74 -0.125128 -2.25142
12.76 -0.170158 -2.24197
12.78 -0.214998 -2.23135
12.8 -0.259626 -2.21956
12.82 -0.304018 -2.20662
12.84 -0.348152 -2.19255
12.86 -0.392004 -2.17738
12.88 -0.435552 -2.16112
12.9 -0.478776 -2.14379
12.92 -0.521652 -2.12542
12.94 -0.564162 -2.10603
12.96 -0.606283 -2.08566
12.98 -0.647997 -2.06431
13 -0.689285 -2.04204
13.02 -0.730126 -2.01885
13.04 -0.770504 -1.99479
13.06 -0.810401 -1.96988
13.08 -0.849799 -1.94416
13.1 -0.888683 -1.91765
13.12 -0.927037 -1.8904
13.14 -0.964846 -1.86243
13.16 -1.0021 -1.83379
13.18 -1.03877 -1.8045
13.2 -1.07486 -1.7746
13.22 -1.11036 -1.74414
13.24 -1.14524 -1.71314
13.26 -1.1795 -1.68164
13.28 -1.21314 -1.64969
13.3 -1.24613 -1.61731
13.32 -1.27848 -1.58455
13.34 -1.31017 -1.55145
13.36 -1.3412 -1.51805
13.38 -1.37156 -1.48438
13.4 -1.40125 -1.45048
13.42 -1.43026 -1.41639
13.44 -1.45859 -1.38215
13.46 -1.48623 -1.3478
13.48 -1.51319 -1.31338
13.5 -1.53946 -1.27892
13.52 -1.56504 -1.24446
13.54 -1.58993 -1.21004
13.56 -1.61413 -1.17569
13.58 -1.63764 -1.14145
13.6 -1.66047 -1.10736
13.62 -1.68262 -1.07345
13.64 -1.70409 -1.03976
13.66 -1.72488 -1.00631
13.68 -1.74501 -0.973147
13.7 -1.76447 -0.940294
13.72 -1.78328 -0.907785
13.74 -1.80144 -0.875649
13.76 -1.81895 -0.843916
13.78 -1.83583 -0.812614
13.8 -1.85208 -0.781769
13.82 -1.86772 -0.751407
13.84 -1.88275 -0.721553
13.86 -1.89718 -0.692232
13.88 -1.91102 -0.663464
13.9 -1.92429 -0.635272
13.92 -1.937 -0.607676
13.94 -1.94915 -0.580693
13.96 -1.96076 -0.554342
13.98 -1.97185 -0.528639
14 -1.98242 -0.503597
14.02 -1.9925 -0.479231
14.04 -2.00208 -0.455553
14.06 -2.01119 -0.432573
14.08 -2.01984 -0.4103
14.1 -2.02805 -0.388743
14.12 -2.03583 -0.367906
14.14 -2.04318 -0.347797
14.16 -2.05014 -0.328417
14.18 -2.05671 -0.309769
14.2 -2.0629 -0.291853
14.22 -2.06874 -0.27467
14.24 -2.07423 -0.258216
14.26 -2.0794 -0.242488
14.28 -2.08425 -0.227482
14.3 -2.0888 -0.21319
14.32 -2.09306 -0.199605
14.34 -2.09705 -0.186719
14.36 -2.10079 -0.17452
14.38 -2.10428 -0.162998
14.4 -2.10754 -0.152138
14.42 -2.11058 -0.141928
14.44 -2.11342 -0.132351
14.46 -2.11607 -0.123391
14.48 -2.11854 -0.11503
14.5 -2.12084 -0.10725
14.52 -2.12298 -0.10003
14.54 -2.12498 -0.0933504
14.56 -2.12685 -0.0871879
14.58 -2.12859 -0.08152
14.6 -2.13022 -0.076323
14.62 -2.13175 -0.0715719
14.64 -2.13318 -0.0672414
14.66 -2.13453 -0.0633051
14.68 -2.13579 -0.0597358
14.7 -2.13699 -0.0565059
14.72 -2.13812 -0.053587
14.74 -2.13919 -0.0509501
14.76 -2.14021 -0.0485658
14.78 -2.14118 -0.0464041
14.8 -2.14211 -0.0444346
14.82 -2.143 -0.0426266
14.84 -2.14385 -0.040949
14.86 -2.14467 -0.0393707
14.88 -2.14546 -0.0378601
14.9 -2.14621 -0.0363856
14.92 -2.14694 -0.0349155
14.94 -2.14764 -0.0334182
14.96 -2.14831 -0.0318619
14.98 -2.14895 -0.0302151
15 -2.14955 -0.0284464
15.02 -2.15012 -0.0265246
15.04 -2.15065 -0.0244187
15.06 -2.15114 -0.0220981
15.08 -2.15158 -0.0195326
15.1 -2.15197 -0.0166924
15.12 -2.1523 -0.0135481
15.14 -2.15257 -0.0100709
15.16 -2.15278 -0.00623281
15.18 -2.1529 -0.00200614
15.2 -2.15294 0.0026359
15.22 -2.15289 0.00771941
15.24 -2.15273 0.0132697
15.26 -2.15247 0.0193112
15.28 -2.15208 0.0258674
15.3 -2.15156 0.0329611
15.32 -2.15091 0.0406138
15.34 -2.15009 0.0488462
15.36 -2.14912 0.0576779
15.38 -2.14796 0.0671274
15.4 -2.14662 0.077212
15.42 -2.14508 0.0879479
15.44 -2.14332 0.0993502
15.46 -2.14133 0.111433
15.48 -2.1391 0.124207
15.5 -2.13662 0.137686
15.52 -2.13386 0.151879
15.54 -2.13083 0.166794
15.56 -2.12749 0.182438
15.58 -2.12384 0.198818
15.6 -2.11986 0.215938
15.62 -2.11555 0.233801
15.64 -2.11087 0.252408
15.66 -2.10582 0.271761
15.68 -2.10039 0.291858
15.7 -2.09455 0.312696
15.72 -2.08829 0.334271
15.74 -2.08161 0.356578
15.76 -2.07448 0.379611
15.78 -2.06688 0.40336
15.8 -2.05882 0.427816
15.82 -2.05026 0.452968
15.84 -2.0412 0.478804
15.86 -2.03163 0.50531
15.88 -2.02152 0.53247
15.9 -2.01087 0.560268
15.92 -1.99966 0.588687
15.94 -1.98789 0.617706
15.96 -1.97553 0.647306
15.98 -1.96259 0.677464
16 -1.94904 0.708159
16.02 -1.93488 0.739366
16.04 -1.92009 0.771059
16.06 -1.90467 0.803213
16.08 -1.8886 0.8358
16.1 -1.87189 0.868791
16.12 -1.85451 0.902158
16.14 -1.83647 0.935869
16.16 -1.81775 0.969893
16.18 -1.79835 1.0042
16.2 -1.77826 1.03875
16.22 -1.75749 1.07352
16.24 -1.73602 1.10847
16.26 -1.71385 1.14357
16.28 -1.69098 1.17877
16.3 -1.6674 1.21404
16.32 -1.64312 1.24936
16.34 -1.61813 1.28467
16.36 -1.59244 1.31994
16.38 -1.56604 1.35514
16.4 -1.53894 1.39022
16.42 -1.51113 1.42514
16.44 -1.48263 1.45988
16.46 -1.45343 1.49438
16.48 -1.42354 1.52861
16.5 -1.39297 1.56254
16.52 -1.36172 1.59611
16.54 -1.32979 1.62931
16.56 -1.29721 1.66207
16.58 -1.26396 1.69437
16.6 -1.23008 1.72618
16.62 -1.19555 1.75744
16.64 -1.1604 1.78813
16.66 -1.12464 1.8182
16.68 -1.08827 1.84763
16.7 -1.05132 1.87638
16.72 -1.01379 1.9044
16.74 -0.975702 1.93167
16.76 -0.937068 1.95816
16.78 -0.897904 1.98382
16.8 -0.858227 2.00864
16.82 -0.818053 2.03257
16.84 -0.7774 2.05559
16.86 -0.736288 2.07767
16.88 -0.694733 2.09879
16.9 -0.652757 2.1189
16.92 -0.610377 2.138
16.94 -0.567617 2.15604
16.96 -0.524495 2.17302
16.98 -0.481033 2.18891
17 -0.437254 2.20368
17.02 -0.393179 2.21732
17.04 -0.348832 2.22982
17.06 -0.304235 2.24114
17.08 -0.259411 2.25128
17.1 -0.214384 2.26023
17.12 -0.169179 2.26796
17.14 -0.123818 2.27447
17.16 -0.0783279 2.27976
17.18 -0.0327317 2.2838
17.2 0.0129453 2.2866
17.22 0.0586784 2.28815
17.24 0.104442 2.28844
17.26 0.150212 2.28748
17.28 0.195963 2.28525
17.3 0.241669 2.28178
17.32 0.287305 2.27704
17.34 0.332847 2.27106
17.36 0.37827 2.26383
17.38 0.423547 2.25537
17.4 0.468656 2.24567
17.42 0.51357 2.23476
17.44 0.558266 2.22264
17.46 0.60272 2.20932
17.48 0.646908 2.19482
17.5 0.690805 2.17916
17.52 0.734389 2.16235
17.54 0.777637 2.14441
17.56 0.820526 2.12536
17.58 0.863034 2.10522
17.6 0.90514 2.08401
17.62 0.946821 2.06177
17.64 0.988057 2.0385
17.66 1.02883 2.01425
17.68 1.06911 1.98903
17.7 1.1089 1.96287
17.72 1.14815 1.93581
17.74 1.18687 1.90787
17.76 1.22503 1.87909
17.78 1.26261 1.84949
17.8 1.2996 1.81912
17.82 1.33599 1.78799
17.84 1.37175 1.75616
17.86 1.40687 1.72365
17.88 1.44134 1.6905
17.9 1.47516 1.65675
17.92 1.50829 1.62244
17.94 1.54074 1.58759
17.96 1.57249 1.55225
17.98 1.60354 1.51647
18 1.63387 1.48027
18.02 1.66347 1.44369
18.04 1.69235 1.40678
18.06 1.72049 1.36958
18.08 1.74788 1.33211
18.1 1.77452 1.29444
18.12 1.80041 1.25658
18.14 1.82554 1.21859
18.16 1.84991 1.1805
18.18 1.87352 1.14235
18.2 1.89637 1.10417
18.22 1.91846 1.06602
18.24 1.93978 1.02792
18.26 1.96034 0.989911
18.28 1.98013 0.952034
18.3 1.99918 0.914324
18.32 2.01746 0.876815
18.34 2.035 0.839544
18.36 2.05179 0.802546
18.38 2.06784 0.765853
18.4 2.08316 0.729499
18.42 2.09775 0.693515
18.44 2.11162 0.657934
18.46 2.12478 0.622785
18.48 2.13724 0.588098
18.5 2.149 0.5539
18.52 2.16008 0.52022
18.54 2.17048 0.487083
18.56 2.18022 0.454513
18.58 2.18931 0.422536
18.6 2.19776 0.391172
18.62 2.20559 0.360445
18.64 2.2128 0.330372
18.66 2.2194 0.300974
18.68 2.22542 0.272268
18.7 2.23087 0.24427
18.72 2.23575 0.216994
18.74 2.24009 0.190453
18.76 2.2439 0.164661
18.78 2.2472 0.139627
18.8 2.24999 0.11536
18.82 2.2523 0.0918678
18.84 2.25413 0.0691572
18.86 2.25552 0.0472327
18.88 2.25646 0.0260976
18.9 2.25698 0.00575389
18.92 2.2571 -0.0137979
18.94 2.25682 -0.0325587
18.96 2.25617 -0.0505308
18.98 2.25516 -0.0677181
19 2.25381 -0.0841256
19.02 2.25212 -0.0997599
19.04 2.25013 -0.114629
19.06 2.24784 -0.128742
19.08 2.24526 -0.142109
19.1 2.24242 -0.154743
19.12 2.23932 -0.166656
19.14 2.23599 -0.177863
19.16 2.23243 -0.188379
19.18 2.22867 -0.198222
19.2 2.2247 -0.207409
19.22 2.22055 -0.215959
19.24 2.21623 -0.223892
19.26 2.21176 -0.23123
19.28 2.20713 -0.237995
19.3 2.20237 -0.24421
19.32 2.19749 -0.249898
19.34 2.19249 -0.255086
19.36 2.18739 -0.259798
19.38 2.18219 -0.264061
19.4 2.17691 -0.267902
19.42 2.17155 -0.27135
19.44 2.16612 -0.274432
19.46 2.16064 -0.277179
19.48 2.15509 -0.279618
19.5 2.1495 -0.281782
19.52 2.14386 -0.2837
19.54 2.13819 -0.285402
19.56 2.13248 -0.286921
19.58 2.12674 -0.288287
19.6 2.12098 -0.289532
19.62 2.11519 -0.290688
19.64 2.10937 -0.291786
19.66 2.10354 -0.292859
19.68 2.09768 -0.293938
19.7 2.0918 -0.295054
19.72 2.0859 -0.296239
19.74 2.07997 -0.297525
19.76 2.07402 -0.298942
19.78 2.06804 -0.300521
19.8 2.06203 -0.302292
19.82 2.05599 -0.304285
19.84 2.0499 -0.306529
19.86 2.04377 -0.309053
19.88 2.03759 -0.311886
19.9 2.03135 -0.315054
19.92 2.02505 -0.318584
19.94 2.01868 -0.322503
19.96 2.01223 -0.326836
19.98 2.00569 -0.331607
