1.00524 0.984772
1.03617 0.97096
1.06668 0.958631
1.09679 0.947774
1.12657 0.938367
1.15605 0.930383
1.18528 0.923787
1.2143 0.918533
1.24316 0.914571
1.27189 0.911839
1.30053 0.910272
1.32913 0.909797
1.35771 0.910332
1.38631 0.911791
1.41496 0.914082
1.44367 0.917106
1.47249 0.920762
1.50141 0.924941
1.53047 0.929532
1.55967 0.934419
1.58903 0.939485
1.61854 0.944607
1.64822 0.949664
1.67805 0.95453
1.70804 0.95908
1.73817 0.963188
1.76843 0.966727
1.7988 0.969573
1.82926 0.971601
1.85979 0.972688
1.89034 0.972716
1.9209 0.971566
1.95142 0.969124
1.98187 0.965281
2.0122 0.95993
2.04235 0.95297
2.07229 0.944307
2.10196 0.933849
2.1313 0.921513
2.16025 0.907222
2.18875 0.890904
2.21674 0.872498
2.24415 0.851947
2.27091 0.829203
2.29696 0.804227
2.32223 0.776986
2.34664 0.747459
2.37012 0.71563
2.3926 0.681495
2.41401 0.645055
2.43427 0.606324
2.45332 0.565323
2.47108 0.522081
2.48748 0.476637
2.50246 0.429039
2.51594 0.379343
2.52785 0.327614
2.53815 0.273924
2.54675 0.218355
2.55361 0.160995
2.55867 0.101942
2.56187 0.0412978
2.56317 -0.0208263
2.56252 -0.0843135
2.55987 -0.149041
2.55518 -0.214879
2.54843 -0.281696
2.53958 -0.349351
2.52861 -0.417701
2.51549 -0.486601
2.5002 -0.5559
2.48274 -0.625445
2.46309 -0.695082
2.44125 -0.764654
2.41723 -0.834004
2.39103 -0.902973
2.36266 -0.971403
2.33214 -1.03914
2.2995 -1.10602
2.26475 -1.1719
2.22793 -1.23661
2.18908 -1.30002
2.14824 -1.36198
2.10545 -1.42234
2.06077 -1.48097
2.01424 -1.53773
1.96593 -1.5925
1.9159 -1.64515
1.86422 -1.69558
1.81095 -1.74366
1.75617 -1.78931
1.69996 -1.83243
1.64239 -1.87293
1.58355 -1.91073
1.52353 -1.94577
1.4624 -1.97798
1.40026 -2.0073
1.3372 -2.03371
1.27331 -2.05716
1.20868 -2.07762
1.14341 -2.09509
1.07759 -2.10955
1.01131 -2.12101
0.944681 -2.12948
0.877782 -2.13498
0.810709 -2.13754
0.743557 -2.1372
0.676415 -2.134
0.609373 -2.12801
0.54252 -2.11928
0.475941 -2.1079
0.409719 -2.09393
0.343936 -2.07747
0.278671 -2.05861
0.213998 -2.03746
0.149989 -2.01411
0.0867138 -1.98869
0.0242374 -1.9613
-0.0373788 -1.93209
-0.098077 -1.90116
-0.157804 -1.86865
-0.216509 -1.83471
-0.274148 -1.79945
-0.33068 -1.76303
-0.386067 -1.72559
-0.440278 -1.68726
-0.493285 -1.6482
-0.545064 -1.60853
-0.595597 -1.56842
-0.644871 -1.52799
-0.692874 -1.48738
-0.739601 -1.44674
-0.785052 -1.4062
-0.829229 -1.36588
-0.872139 -1.32593
-0.913794 -1.28645
-0.95421 -1.24758
-0.993403 -1.20941
-1.0314 -1.17207
-1.06822 -1.13565
-1.1039 -1.10024
-1.13846 -1.06595
-1.17195 -1.03284
-1.2044 -1.00099
-1.23584 -0.970475
-1.26633 -0.941347
-1.29591 -0.913657
-1.32461 -0.887449
-1.35249 -0.862757
-1.37959 -0.839607
-1.40597 -0.818015
-1.43167 -0.797991
-1.45674 -0.779535
-1.48123 -0.762639
-1.50519 -0.747285
-1.52867 -0.733449
-1.55171 -0.721096
-1.57436 -0.710187
-1.59667 -0.700671
-1.61868 -0.692492
-1.64044 -0.685587
-1.66198 -0.679882
-1.68334 -0.675303
-1.70455 -0.671763
-1.72566 -0.669173
-1.74668 -0.667438
-1.76765 -0.666458
-1.78859 -0.666126
-1.80951 -0.666334
-1.83045 -0.666968
-1.8514 -0.667912
-1.87238 -0.669047
-1.8934 -0.670253
-1.91446 -0.671405
-1.93555 -0.672381
-1.95667 -0.673057
-1.97782 -0.673307
-1.99897 -0.673009
-2.02011 -0.672039
-2.04123 -0.670276
-2.06228 -0.667603
-2.08326 -0.663902
-2.10412 -0.659062
-2.12482 -0.652973
-2.14533 -0.645531
-2.16561 -0.636635
-2.18561 -0.626192
-2.20529 -0.614111
-2.22458 -0.600309
-2.24344 -0.584711
-2.26181 -0.567246
-2.27963 -0.547852
-2.29684 -0.526473
-2.31338 -0.503062
-2.32918 -0.477579
-2.34419 -0.449994
-2.35832 -0.420283
-2.37153 -0.388432
-2.38373 -0.354436
-2.39487 -0.318297
-2.40487 -0.280028
-2.41366 -0.239649
-2.42119 -0.197191
-2.42739 -0.152691
-2.43218 -0.106196
-2.43552 -0.0577635
-2.43733 -0.00745593
-2.43757 0.044654
-2.43617 0.098486
-2.43307 0.153952
-2.42823 0.210957
-2.42161 0.269398
-2.41314 0.329165
-2.4028 0.390144
-2.39055 0.452211
-2.37634 0.515241
-2.36015 0.579099
-2.34196 0.64365
-2.32174 0.708751
-2.29947 0.774258
-2.27515 0.840022
-2.24876 0.905892
-2.2203 0.971715
-2.18977 1.03734
-2.15718 1.1026
-2.12254 1.16735
-2.08587 1.23144
-2.04718 1.29469
-2.00651 1.35697
-1.96388 1.41812
-1.91933 1.47799
-1.87289 1.53644
-1.82463 1.59331
-1.77457 1.64847
-1.72278 1.70179
-1.66932 1.75313
-1.61424 1.80238
-1.55762 1.8494
-1.49952 1.8941
-1.44001 1.93636
-1.37918 1.97609
-1.3171 2.01319
-1.25385 2.04759
-1.18953 2.0792
-1.12421 2.10796
-1.05798 2.13382
-0.990947 2.15672
-0.923191 2.17662
-0.854811 2.19349
-0.7859 2.20732
-0.716555 2.21808
-0.646872 2.22578
-0.576947 2.23041
-0.506876 2.232
-0.436756 2.23058
-0.36668 2.22616
-0.296743 2.2188
-0.227038 2.20854
-0.157654 2.19546
-0.088682 2.1796
-0.0202077 2.16106
0.0476839 2.13991
0.114911 2.11624
0.181395 2.09015
0.247059 2.06176
0.311831 2.03116
0.375641 1.99847
0.438425 1.96382
0.50012 1.92733
0.560669 1.88914
0.620018 1.84937
0.678118 1.80818
0.734924 1.76568
0.790394 1.72204
0.844494 1.6774
0.897191 1.6319
0.948459 1.58568
0.998274 1.5389
1.04662 1.49169
1.09348 1.44422
1.13885 1.39661
1.18273 1.34901
1.22511 1.30155
1.266 1.25438
1.30541 1.20761
1.34335 1.16139
1.37983 1.11583
1.41489 1.07105
1.44853 1.02715
1.4808 0.984247
1.51172 0.942438
1.54133 0.901813
1.56966 0.862457
1.59676 0.824447
1.62266 0.787855
1.64741 0.75274
1.67106 0.719158
1.69365 0.687153
1.71524 0.656763
1.73587 0.628016
1.7556 0.600933
1.77448 0.575524
1.79256 0.551793
1.8099 0.529734
1.82654 0.509333
1.84254 0.490566
1.85795 0.473403
1.87282 0.457806
1.8872 0.443727
1.90114 0.431111
1.91469 0.419897
1.92788 0.410016
1.94076 0.401393
1.95337 0.393945
1.96575 0.387584
1.97792 0.382217
1.98993 0.377744
2.0018 0.374064
2.01355 0.371066
2.02521 0.368641
2.03679 0.366673
2.04831 0.365045
2.05978 0.363637
2.0712 0.362328
2.08258 0.360994
2.09392 0.359514
2.10522 0.357763
2.11646 0.355619
2.12763 0.35296
2.13872 0.349666
2.1497 0.34562
2.16056 0.340705
2.17127 0.33481
2.18178 0.327826
2.19208 0.319649
2.20213 0.31018
2.21187 0.299324
2.22127 0.286992
2.23029 0.273101
2.23887 0.257574
2.24696 0.240342
2.25451 0.221342
2.26147 0.200519
2.26777 0.177825
2.27335 0.153219
2.27817 0.126671
2.28215 0.0981561
2.28523 0.0676607
2.28735 0.035178
2.28846 0.000710621
2.28848 -0.0357304
2.28736 -0.0741252
2.28503 -0.114445
2.28144 -0.156652
2.27651 -0.200701
2.27021 -0.246538
2.26246 -0.294098
2.25322 -0.343313
2.24244 -0.394102
2.23006 -0.446379
2.21603 -0.500051
2.20032 -0.555016
2.18289 -0.611166
2.16369 -0.668389
2.14269 -0.726563
2.11986 -0.785564
2.09518 -0.845261
2.06863 -0.905518
2.04018 -0.966196
2.00983 -1.02715
1.97756 -1.08824
1.94337 -1.14932
1.90726 -1.21022
1.86924 -1.27081
1.82932 -1.33092
1.78751 -1.39041
1.74383 -1.44912
1.6983 -1.5069
1.65096 -1.5636
1.60184 -1.61906
1.55097 -1.67314
1.49841 -1.7257
1.4442 -1.7766
1.38838 -1.8257
1.33103 -1.87286
1.27219 -1.91796
1.21193 -1.96089
1.15033 -2.00152
1.08745 -2.03974
1.02337 -2.07546
0.958169 -2.10857
0.891926 -2.139
0.824728 -2.16665
0.75666 -2.19147
0.687813 -2.21337
0.618278 -2.23232
0.548148 -2.24827
0.477516 -2.26117
0.40648 -2.271
0.335134 -2.27774
0.263576 -2.28139
0.191904 -2.28194
0.120215 -2.2794
0.0486057 -2.27379
-0.0228277 -2.26515
-0.0939894 -2.25349
-0.164785 -2.23888
-0.235122 -2.22137
-0.304908 -2.20101
-0.374055 -2.17789
-0.442475 -2.15208
-0.510085 -2.12366
-0.576802 -2.09274
-0.642547 -2.05941
-0.707245 -2.02379
-0.770825 -1.98598
-0.833216 -1.9461
-0.894355 -1.90429
-0.95418 -1.86067
-1.01263 -1.81538
-1.06967 -1.76855
-1.12523 -1.72033
-1.17927 -1.67086
-1.23176 -1.62028
-1.28267 -1.56876
-1.33195 -1.51642
-1.37959 -1.46343
-1.42557 -1.40994
-1.46986 -1.35609
-1.51246 -1.30203
-1.55337 -1.24791
-1.59257 -1.19387
-1.63008 -1.14005
-1.66589 -1.0866
-1.70003 -1.03364
-1.7325 -0.981303
-1.76333 -0.929717
-1.79254 -0.879
-1.82015 -0.829267
-1.84621 -0.780625
-1.87073 -0.733176
-1.89376 -0.687015
-1.91535 -0.642229
-1.93552 -0.598899
-1.95434 -0.557096
-1.97184 -0.516886
-1.98808 -0.478324
-2.00311 -0.441458
-2.01697 -0.406329
-2.02974 -0.372966
-2.04146 -0.341393
-2.05218 -0.311622
-2.06197 -0.283659
-2.07088 -0.257501
-2.07897 -0.233134
-2.0863 -0.210539
-2.09291 -0.189685
-2.09887 -0.170537
-2.10423 -0.153049
-2.10904 -0.137168
-2.11334 -0.122834
-2.1172 -0.109979
-2.12066 -0.09853
-2.12375 -0.0884056
-2.12653 -0.0795192
-2.12903 -0.0717785
-2.13128 -0.0650859
-2.13333 -0.059339
-2.13519 -0.0544309
-2.1369 -0.0502513
-2.13848 -0.046686
-2.13995 -0.0436185
-2.14132 -0.0409296
-2.14261 -0.0384986
-2.14382 -0.0362034
-2.14495 -0.0339213
-2.14602 -0.0315295
-2.14701 -0.0289056
-2.14792 -0.025928
-2.14873 -0.022477
-2.14944 -0.0184345
-2.15002 -0.0136853
-2.15045 -0.00811728
-2.1507 -0.00162172
-2.15075 0.00590582
-2.15057 0.0145652
-2.15011 0.0244514
-2.14934 0.0356538
-2.14822 0.0482557
-2.14671 0.0623346
-2.14475 0.0779609
-2.1423 0.0951982
-2.13931 0.114103
-2.13572 0.134723
-2.13149 0.157101
-2.12655 0.181268
-2.12086 0.207249
-2.11435 0.23506
-2.10696 0.264709
-2.09865 0.296195
-2.08934 0.329509
-2.07899 0.36463
-2.06754 0.401534
-2.05492 0.440183
-2.04109 0.480535
-2.026 0.522535
-2.00958 0.566123
-1.9918 0.611231
-1.97259 0.657782
-1.95193 0.70569
-1.92976 0.754862
-1.90605 0.805201
-1.88075 0.856603
-1.85384 0.908955
-1.82529 0.96214
-1.79506 1.01604
-1.76315 1.07051
-1.72952 1.12544
-1.69416 1.18068
-1.65707 1.23609
-1.61824 1.29153
-1.57767 1.34686
-1.53536 1.40192
-1.49132 1.45657
-1.44556 1.51065
-1.39811 1.56402
-1.34897 1.61652
-1.29819 1.66801
-1.24579 1.71834
-1.19181 1.76736
-1.13629 1.81493
-1.07928 1.8609
-1.02082 1.90515
-0.960973 1.94753
-0.899794 1.98792
-0.837345 2.02619
-0.773694 2.06223
-0.708911 2.09593
-0.643069 2.12717
-0.576246 2.15587
-0.508522 2.18192
-0.439979 2.20525
-0.370703 2.22577
-0.300783 2.24343
-0.230308 2.25815
-0.15937 2.26989
-0.0880636 2.27861
-0.0164832 2.28428
0.0552752 2.28686
0.127115 2.28635
0.198938 2.28274
0.270648 2.27602
0.342147 2.26623
0.413339 2.25337
0.484126 2.23748
0.554414 2.2186
0.62411 2.19679
0.69312 2.17208
0.761353 2.14457
0.828723 2.11431
0.895142 2.08139
0.960527 2.04591
1.0248 2.00796
1.08787 1.96764
1.14969 1.92507
1.21016 1.88036
1.26923 1.83365
1.32683 1.78505
1.38291 1.7347
1.4374 1.68274
1.49026 1.62931
1.54145 1.57456
1.59091 1.51862
1.63862 1.46166
1.68453 1.40383
1.72863 1.34527
1.77089 1.28613
1.8113 1.22658
1.84983 1.16677
1.88648 1.10683
1.92125 1.04694
1.95414 0.987217
1.98515 0.927823
2.0143 0.868895
2.04159 0.810568
2.06706 0.752975
2.09071 0.696244
2.11258 0.640497
2.1327 0.585851
2.15111 0.532415
2.16783 0.480295
2.18292 0.429587
2.19641 0.38038
2.20836 0.332758
2.21882 0.286794
2.22783 0.242556
2.23545 0.2001
2.24173 0.159479
2.24674 0.120732
2.25053 0.0838927
2.25317 0.048985
2.25471 0.0160243
2.25521 -0.0149829
2.25474 -0.0440387
2.25336 -0.0711538
2.25112 -0.0963476
2.2481 -0.119648
2.24434 -0.14109
2.23991 -0.160718
2.23486 -0.178585
2.22925 -0.194748
2.22313 -0.209275
2.21655 -0.222238
2.20957 -0.233718
2.20223 -0.243801
2.19457 -0.252578
2.18664 -0.260146
2.17847 -0.266608
2.17009 -0.272069
2.16154 -0.27664
2.15285 -0.280435
2.14404 -0.283569
2.13514 -0.286163
2.12615 -0.288337
2.11709 -0.290213
2.10797 -0.291914
2.0988 -0.293563
2.08958 -0.295283
2.0803 -0.297195
2.07097 -0.299421
2.06156 -0.302078
2.05207 -0.305283
2.04248 -0.309148
2.03277 -0.313784
2.02291 -0.319295
2.01288 -0.325782
2.00265 -0.333342
1.99218 -0.342064
1.98143 -0.352034
1.97037 -0.363331
1.95896 -0.376025
1.94715 -0.390183
1.93489 -0.405861
1.92214 -0.423112
1.90885 -0.441976
1.89496 -0.462488
1.88044 -0.484675
1.86521 -0.508556
1.84923 -0.534138
1.83245 -0.561425
1.81482 -0.590407
1.79627 -0.621069
1.77676 -0.653386
1.75624 -0.687325
1.73464 -0.722844
1.71194 -0.759892
1.68806 -0.798412
1.66298 -0.838337
1.63665 -0.879592
1.60902 -0.922097
1.58005 -0.965761
1.54971 -1.01049
1.51797 -1.05618
1.48479 -1.10272
1.45015 -1.15001
1.41402 -1.19791
1.37639 -1.2463
1.33724 -1.29506
1.29656 -1.34404
1.25433 -1.39312
1.21057 -1.44216
1.16527 -1.491
1.11843 -1.53951
1.07007 -1.58754
1.02019 -1.63494
0.968835 -1.68156
0.91601 -1.72727
0.86175 -1.77191
0.806087 -1.81533
0.74906 -1.8574
0.690711 -1.89798
0.631088 -1.93692
0.570242 -1.97409
0.508227 -2.00937
0.445105 -2.04263
0.380938 -2.07375
0.315793 -2.10261
0.249741 -2.1291
0.182858 -2.15313
0.115219 -2.1746
0.0469063 -2.19341
-0.0219977 -2.2095
-0.091407 -2.22278
-0.161234 -2.2332
-0.231387 -2.24069
-0.301776 -2.2452
-0.372307 -2.24671
-0.442885 -2.24518
-0.513415 -2.24058
-0.583801 -2.23291
-0.653946 -2.22217
-0.723753 -2.20836
-0.793127 -2.1915
-0.86197 -2.17161
-0.930189 -2.14873
-0.99769 -2.12291
-1.06438 -2.09419
-1.13017 -2.06264
-1.19496 -2.02833
-1.25868 -1.99133
-1.32124 -1.95174
-1.38255 -1.90964
-1.44254 -1.86514
-1.50113 -1.81834
-1.55825 -1.76937
-1.61383 -1.71833
-1.66781 -1.66536
-1.72013 -1.6106
-1.77072 -1.55416
-1.81955 -1.49621
-1.86655 -1.43687
-1.91169 -1.37631
-1.95492 -1.31466
-1.99622 -1.25208
-2.03555 -1.18874
-2.0729 -1.12477
-2.10823 -1.06034
-2.14154 -0.995596
-2.17281 -0.930702
-2.20205 -0.865808
-2.22925 -0.801066
-2.25441 -0.736624
-2.27755 -0.672629
-2.29868 -0.609225
-2.31782 -0.546549
-2.33499 -0.484737
-2.35022 -0.423918
-2.36354 -0.364217
-2.37498 -0.305752
-2.38458 -0.248636
-2.39239 -0.192974
-2.39846 -0.138865
-2.40282 -0.0864008
-2.40553 -0.0356652
-2.40665 0.0132655
-2.40624 0.0603234
-2.40434 0.105449
-2.40103 0.14859
-2.39636 0.189705
-2.3904 0.228759
-2.38321 0.265727
-2.37487 0.300593
-2.36542 0.333349
-2.35495 0.363996
-2.34352 0.392544
-2.33119 0.419013
-2.31802 0.443428
-2.30409 0.465825
-2.28946 0.486247
-2.27419 0.504746
-2.25833 0.52138
-2.24195 0.536216
-2.22511 0.549327
-2.20785 0.560792
-2.19023 0.570697
-2.1723 0.579135
-2.15411 0.586201
-2.1357 0.591999
-2.1171 0.596636
-2.09836 0.600221
-2.0795 0.602868
-2.06056 0.604696
-2.04157 0.605823
-2.02254 0.606372
-2.00349 0.606464
-1.98444 0.606224
-1.96539 0.605776
-1.94636 0.605244
-1.92735 0.604751
-1.90835 0.604417
-1.88936 0.604364
-1.87038 0.604708
-1.85138 0.605564
-1.83236 0.607043
-1.81329 0.609252
-1.79415 0.612293
-1.77492 0.616264
-1.75556 0.621257
-1.73604 0.62736
-1.71633 0.634652
-1.6964 0.643208
-1.67619 0.653094
-1.65567 0.664371
-1.6348 0.677092
-1.61353 0.691301
-1.59182 0.707035
-1.56961 0.724322
-1.54685 0.743185
-1.5235 0.763633
-1.49952 0.785673
-1.47483 0.809297
-1.44941 0.834493
-1.4232 0.861239
-1.39614 0.889505
-1.3682 0.91925
-1.33932 0.950429
-1.30946 0.982986
-1.27859 1.01686
-1.24664 1.05197
-1.21359 1.08825
-1.17941 1.12561
-1.14405 1.16395
-1.10748 1.20318
-1.06969 1.24319
-1.03063 1.28387
-0.990302 1.32511
-0.948675 1.36677
-0.905739 1.40874
-0.861485 1.45089
-0.815907 1.49308
-0.769003 1.53517
-0.720777 1.57703
-0.671236 1.61851
-0.620392 1.65947
-0.568262 1.69977
-0.514865 1.73927
-0.460227 1.77782
-0.404379 1.81527
-0.347354 1.8515
-0.289191 1.88635
-0.229933 1.91969
-0.169628 1.95139
-0.108327 1.98132
-0.0460852 2.00935
0.0170365 2.03536
0.0809754 2.05923
0.145664 2.08085
0.211032 2.10012
0.277005 2.11694
0.343507 2.13122
0.410457 2.14287
0.477773 2.15181
0.54537 2.15797
0.613161 2.16131
0.681056 2.16175
0.748966 2.15926
0.816797 2.1538
0.884456 2.14535
0.95185 2.13389
1.01888 2.1194
1.08546 2.1019
1.15149 2.08139
1.21688 2.05789
1.28152 2.03143
1.34534 2.00205
1.40823 1.96979
1.47011 1.93472
1.53089 1.89689
1.59048 1.85638
1.64879 1.81327
1.70576 1.76765
1.76129 1.71962
1.81531 1.66927
1.86774 1.61673
1.91853 1.56211
1.9676 1.50553
2.0149 1.44712
2.06036 1.38701
2.10393 1.32536
2.14557 1.26228
2.18522 1.19795
2.22285 1.1325
2.25843 1.06609
2.29192 0.998873
2.3233 0.931005
2.35254 0.862644
2.37964 0.793948
2.40458 0.725073
2.42736 0.656178
2.44797 0.587417
2.46643 0.518943
2.48273 0.450909
2.49689 0.383461
2.50894 0.316745
2.51889 0.250902
2.52677 0.186067
2.53262 0.122371
2.53646 0.0599418
2.53834 -0.00110226
2.53831 -0.0606471
2.5364 -0.118586
2.53268 -0.174818
2.52719 -0.229252
2.51999 -0.281801
2.51113 -0.33239
2.50069 -0.380948
2.48872 -0.427416
2.4753 -0.471742
2.46048 -0.513881
2.44433 -0.5538
2.42694 -0.591473
2.40836 -0.626883
2.38866 -0.660022
2.36793 -0.69089
2.34623 -0.719498
2.32362 -0.745865
2.30019 -0.770016
2.276 -0.791988
2.25113 -0.811824
2.22562 -0.829575
2.19956 -0.8453
2.17301 -0.859067
2.14602 -0.870948
2.11866 -0.881024
2.09098 -0.889382
2.06305 -0.896114
2.03489 -0.901317
2.00658 -0.905096
1.97815 -0.907557
1.94964 -0.908812
1.92109 -0.908977
1.89253 -0.90817
1.864 -0.906511
1.83553 -0.904124
1.80713 -0.901133
1.77882 -0.897663
1.75062 -0.893841
1.72254 -0.88979
1.69459 -0.885637
1.66677 -0.881505
1.63907 -0.877514
1.61151 -0.873786
1.58406 -0.870435
1.55672 -0.867575
1.52946 -0.865316
1.50228 -0.863762
1.47514 -0.863013
1.44803 -0.863164
1.42092 -0.864303
1.39377 -0.866515
1.36655 -0.869875
1.33922 -0.874454
1.31175 -0.880313
1.2841 -0.887509
1.25621 -0.896089
1.22807 -0.906092
1.1996 -0.917551
1.17078 -0.930489
1.14155 -0.94492
1.11186 -0.960853
1.08168 -0.978284
1.05095 -0.997203
1.01962 -1.01759
0.987654 -1.03942
0.955002 -1.06266
0.921619 -1.08726
0.887464 -1.11318
0.852495 -1.14034
0.816672 -1.16868
0.779959 -1.19814
0.742321 -1.22861
0.703725 -1.26003
0.664142 -1.29228
0.623547 -1.32527
0.581914 -1.35889
0.539226 -1.39303
0.495465 -1.42757
0.450619 -1.46239
0.40468 -1.49735
0.357642 -1.53233
0.309505 -1.5672
0.260273 -1.60182
0.209953 -1.63605
0.158558 -1.66976
0.106104 -1.7028
0.0526124 -1.73504
-0.00189223 -1.76633
-0.0573798 -1.79654
-0.113816 -1.82552
-0.171163 -1.85315
-0.229378 -1.87928
-0.288414 -1.90379
-0.34822 -1.92656
-0.408741 -1.94745
-0.469918 -1.96636
-0.531689 -1.98316
-0.593988 -1.99775
-0.656746 -2.01003
-0.719889 -2.01991
-0.783343 -2.02729
-0.847028 -2.0321
-0.910864 -2.03425
-0.974768 -2.03369
-1.03865 -2.03035
-1.10244 -2.0242
-1.16602 -2.01517
-1.22933 -2.00325
-1.29226 -1.98841
-1.35472 -1.97064
-1.41663 -1.94992
-1.47788 -1.92628
-1.5384 -1.89971
-1.59807 -1.87024
-1.65683 -1.8379
-1.71456 -1.80274
-1.77119 -1.7648
-1.82663 -1.72414
-1.88079 -1.68083
-1.9336 -1.63495
-1.98496 -1.58657
-2.0348 -1.5358
-2.08304 -1.48273
-2.12962 -1.42746
-2.17446 -1.37011
-2.2175 -1.3108
-2.25868 -1.24966
-2.29794 -1.18681
-2.33522 -1.1224
-2.37048 -1.05656
-2.40367 -0.989435
-2.43476 -0.921178
-2.4637 -0.851941
-2.49047 -0.78188
-2.51503 -0.711151
-2.53738 -0.639913
-2.55748 -0.568324
-2.57534 -0.496544
-2.59094 -0.424732
-2.60428 -0.353046
-2.61537 -0.281643
-2.62422 -0.210677
-2.63084 -0.140302
-2.63525 -0.0706665
-2.63747 -0.00191639
-2.63753 0.0658065
-2.63546 0.132365
-2.6313 0.197627
-2.62509 0.261466
-2.61688 0.32376
-2.60671 0.384397
-2.59463 0.443268
-2.5807 0.500272
-2.56498 0.555316
-2.54754 0.608316
-2.52843 0.659193
-2.50772 0.707879
-2.48548 0.754312
-2.46178 0.798442
-2.43669 0.840223
-2.41029 0.879623
-2.38266 0.916615
-2.35386 0.951182
-2.32398 0.983319
-2.29308 1.01302
-2.26125 1.04031
-2.22857 1.0652
-2.1951 1.08771
-2.16093 1.10788
-2.12612 1.12576
-2.09075 1.1414
-2.05489 1.15487
-2.01861 1.16621
-1.98197 1.17553
-1.94504 1.18288
-1.90787 1.18837
-1.87054 1.19208
-1.83309 1.19412
-1.79557 1.19458
-1.75804 1.19359
-1.72054 1.19125
-1.68311 1.18768
-1.6458 1.18299
-1.60863 1.17732
-1.57164 1.17079
-1.53486 1.16352
-1.4983 1.15565
-1.462 1.14729
-1.42595 1.13858
-1.39018 1.12964
-1.35469 1.12061
-1.31948 1.11159
-1.28456 1.10273
-1.24991 1.09413
-1.21554 1.08591
-1.18142 1.07818
-1.14755 1.07105
-1.1139 1.06463
-1.08045 1.059
-1.04718 1.05427
-1.01405 1.05051
-0.981048 1.04782
-0.948128 1.04625
-0.915257 1.04589
-0.882397 1.04677
-0.84951 1.04896
-0.816554 1.05251
-0.783486 1.05743
-0.750264 1.06376
-0.716843 1.07153
-0.683178 1.08073
-0.649224 1.09137
-0.614935 1.10345
-0.580267 1.11694
-0.545175 1.13182
-0.509616 1.14807
-0.473546 1.16564
-0.436924 1.18448
-0.39971 1.20454
-0.361866 1.22574
-0.323356 1.24803
-0.284146 1.27132
-0.244204 1.29552
-0.203501 1.32054
-0.162013 1.34629
-0.119715 1.37266
-0.076589 1.39954
-0.0326184 1.42681
0.012209 1.45436
0.057902 1.48207
0.104465 1.5098
0.1519 1.53743
0.200203 1.56482
0.249366 1.59184
0.299378 1.61836
0.350224 1.64424
0.401882 1.66934
0.454329 1.69352
0.507536 1.71666
0.56147 1.73861
0.616093 1.75925
0.671365 1.77844
0.72724 1.79606
0.783669 1.81198
0.840597 1.82609
0.897969 1.83827
0.955724 1.84841
1.0138 1.8564
1.07212 1.86215
1.13063 1.86557
1.18924 1.86657
1.24788 1.86506
1.30648 1.86099
1.36495 1.85429
1.4232 1.84491
1.48117 1.83279
1.53875 1.81789
1.59586 1.8002
1.65242 1.77969
1.70834 1.75635
1.76352 1.73017
1.81787 1.70116
1.87132 1.66934
1.92377 1.63474
1.97513 1.59739
2.02532 1.55732
2.07424 1.5146
2.12183 1.46929
2.16799 1.42145
2.21265 1.37116
2.25573 1.31852
2.29715 1.2636
2.33685 1.20652
2.37476 1.14739
2.41081 1.08631
2.44494 1.02341
2.47709 0.958816
2.50721 0.892665
2.53526 0.825094
2.56118 0.756245
2.58494 0.686264
2.6065 0.615304
2.62583 0.543516
2.64291 0.471057
2.65771 0.398085
2.67022 0.324759
2.68042 0.251239
2.68831 0.177686
2.6939 0.104259
2.69717 0.0311172
2.69815 -0.0415817
2.69684 -0.113682
2.69327 -0.185031
2.68746 -0.255479
2.67943 -0.324879
2.66922 -0.39309
2.65687 -0.459974
2.64242 -0.525399
2.62592 -0.589238
2.6074 -0.651371
2.58694 -0.711683
2.56458 -0.770066
2.54038 -0.826422
2.51442 -0.880656
2.48675 -0.932684
2.45745 -0.98243
2.42658 -1.02982
2.39423 -1.07481
2.36046 -1.11733
2.32536 -1.15734
2.28899 -1.19482
2.25146 -1.22973
2.21282 -1.26206
2.17317 -1.29181
2.13258 -1.31898
2.09114 -1.34358
2.04893 -1.36562
2.00603 -1.38515
1.96251 -1.40219
1.91845 -1.41679
1.87394 -1.42901
1.82905 -1.43891
1.78384 -1.44656
1.73839 -1.45203
1.69277 -1.45541
1.64705 -1.45679
1.60128 -1.45626
1.55552 -1.45393
1.50984 -1.4499
1.46429 -1.44428
1.41892 -1.43719
1.37376 -1.42876
1.32887 -1.41909
1.28429 -1.40832
1.24004 -1.39658
1.19616 -1.38399
1.15268 -1.37069
1.10962 -1.35679
1.06699 -1.34245
1.02481 -1.32778
0.983098 -1.31291
0.94185 -1.29797
0.90107 -1.28308
0.860759 -1.26838
0.820909 -1.25397
0.781512 -1.23997
0.742555 -1.22649
0.704021 -1.21364
0.665891 -1.20151
0.628143 -1.19021
0.590749 -1.17982
0.553681 -1.17043
0.516909 -1.1621
0.480398 -1.15492
0.444113 -1.14894
0.408016 -1.14421
0.372067 -1.14079
0.336226 -1.1387
0.300451 -1.13799
0.264697 -1.13867
0.228923 -1.14075
0.193083 -1.14425
0.157133 -1.14915
0.121029 -1.15544
0.0847279 -1.16311
0.0481853 -1.17213
0.0113595 -1.18246
-0.0257907 -1.19404
-0.063305 -1.20684
-0.101221 -1.22079
-0.139576 -1.23582
-0.178403 -1.25186
-0.217734 -1.26882
-0.257597 -1.28661
-0.29802 -1.30514
-0.339024 -1.32432
-0.380632 -1.34403
-0.422858 -1.36415
-0.465717 -1.38459
-0.509218 -1.40521
-0.553366 -1.42589
-0.598165 -1.44652
-0.643612 -1.46695
-0.6897 -1.48706
-0.73642 -1.50671
-0.783758 -1.52578
-0.831695 -1.54413
-0.880208 -1.56162
-0.929271 -1.57813
-0.978852 -1.59353
-1.02892 -1.60767
-1.07943 -1.62045
-1.13034 -1.63173
-1.1816 -1.64139
-1.23317 -1.64932
-1.28499 -1.65541
-1.337 -1.65955
-1.38914 -1.66163
-1.44135 -1.66157
-1.49355 -1.65928
-1.54568 -1.65466
-1.59766 -1.64765
-1.64943 -1.63818
-1.7009 -1.62618
-1.75199 -1.61161
-1.80262 -1.59443
-1.85272 -1.57458
-1.90219 -1.55206
-1.95095 -1.52684
-1.99892 -1.49892
-2.04601 -1.46828
-2.09214 -1.43495
-2.13723 -1.39894
-2.18118 -1.36027
-2.22391 -1.31899
-2.26535 -1.27514
-2.30542 -1.22877
-2.34402 -1.17995
-2.38109 -1.12875
-2.41656 -1.07524
-2.45034 -1.01952
-2.48237 -0.961686
-2.51258 -0.901831
-2.54092 -0.840071
-2.56731 -0.776521
-2.59171 -0.711305
-2.61405 -0.644552
-2.6343 -0.576395
-2.65241 -0.506975
-2.66834 -0.436435
-2.68205 -0.364923
-2.69352 -0.29259
-2.70271 -0.219591
-2.70961 -0.146081
-2.7142 -0.0722194
-2.71647 0.00183394
-2.71641 0.0759189
-2.71403 0.149875
-2.70932 0.223542
-2.70229 0.29676
-2.69297 0.369373
-2.68136 0.441224
-2.6675 0.512162
-2.65141 0.582035
-2.63313 0.650699
-2.61268 0.718012
-2.59012 0.783837
-2.5655 0.848041
-2.53885 0.9105
-2.51025 0.971093
-2.47974 1.02971
-2.44739 1.08623
-2.41326 1.14058
-2.37742 1.19264
-2.33995 1.24235
-2.30092 1.28962
-2.2604 1.33439
-2.21848 1.37659
-2.17523 1.41618
-2.13074 1.45312
-2.08508 1.48738
-2.03835 1.51892
-1.99063 1.54775
-1.94201 1.57385
-1.89256 1.59723
-1.84238 1.6179
-1.79155 1.63588
-1.74015 1.65121
-1.68827 1.66393
-1.636 1.67408
-1.5834 1.68172
-1.53056 1.68692
-1.47756 1.68974
-1.42448 1.69027
-1.37137 1.68859
-1.31832 1.68479
-1.26539 1.67897
-1.21264 1.67125
-1.16013 1.66171
-1.10792 1.65049
-1.05607 1.6377
-1.00462 1.62346
-0.95361 1.6079
-0.903093 1.59114
-0.853103 1.57331
-0.803673 1.55456
-0.754832 1.535
-0.706606 1.51478
-0.659015 1.49403
-0.612075 1.47288
-0.565801 1.45146
-0.520199 1.4299
-0.475275 1.40833
-0.431028 1.38689
-0.387455 1.36567
-0.344549 1.34482
-0.302297 1.32444
-0.260686 1.30463
-0.219698 1.28551
-0.17931 1.26717
-0.139498 1.24971
-0.100235 1.23321
-0.0614903 1.21774
-0.0232315 1.20339
0.0145765 1.19022
0.0519708 1.17829
0.08899 1.16764
0.125675 1.15832
0.162066 1.15035
0.198208 1.14378
0.234143 1.13861
0.269916 1.13484
0.30557 1.1325
0.341151 1.13155
0.376701 1.13199
0.412266 1.13379
0.447887 1.13692
0.483607 1.14133
0.519465 1.14698
0.555501 1.15381
0.591751 1.16175
0.628251 1.17073
0.665032 1.18068
0.702127 1.1915
0.739561 1.20311
0.777361 1.21541
0.815546 1.2283
0.854137 1.24166
0.893147 1.25539
0.932589 1.26937
0.97247 1.28348
1.01279 1.29759
1.05356 1.31159
1.09477 1.32534
1.13641 1.33871
1.17847 1.35158
1.22093 1.36381
1.26378 1.37528
1.30699 1.38585
1.35053 1.3954
1.39437 1.40381
1.43847 1.41093
1.4828 1.41667
1.52731 1.4209
1.57195 1.4235
1.61668 1.42436
1.66143 1.42339
1.70615 1.42049
1.75077 1.41555
1.79525 1.4085
1.8395 1.39926
1.88346 1.38774
1.92706 1.37389
1.97023 1.35765
2.01288 1.33897
2.05495 1.3178
2.09635 1.29411
2.13701 1.26789
2.17684 1.2391
2.21577 1.20775
2.25372 1.17383
2.2906 1.13737
2.32633 1.09836
2.36084 1.05686
2.39404 1.01289
2.42587 0.966498
2.45623 0.917744
2.48507 0.86669
2.51229 0.81341
2.53785 0.757984
2.56166 0.7005
2.58367 0.641056
2.60381 0.579755
2.62203 0.516707
2.63826 0.452031
2.65246 0.385849
2.66459 0.318291
2.67459 0.249493
2.68242 0.179593
2.68807 0.108735
2.69148 0.0370686
2.69265 -0.0352561
2.69154 -0.108084
2.68814 -0.18126
2.68245 -0.254625
2.67445 -0.328019
2.66414 -0.401283
2.65154 -0.474255
2.63664 -0.546778
2.61946 -0.618692
2.60002 -0.689839
2.57835 -0.760067
2.55447 -0.829221
2.52841 -0.897155
2.50023 -0.963722
2.46995 -1.02878
2.43763 -1.0922
2.40331 -1.15385
2.36706 -1.21359
2.32893 -1.27133
2.28899 -1.32693
2.2473 -1.3803
2.20394 -1.43134
2.15897 -1.47996
2.11247 -1.52607
2.06452 -1.56961
2.01521 -1.61051
1.96461 -1.64871
1.91281 -1.68416
1.8599 -1.71683
1.80596 -1.74668
1.75108 -1.77369
1.69536 -1.79786
1.63887 -1.81918
1.58172 -1.83766
1.52398 -1.85331
1.46575 -1.86616
1.40712 -1.87625
1.34818 -1.8836
1.289 -1.88829
1.22967 -1.89036
1.17028 -1.88988
1.1109 -1.88693
1.05162 -1.88159
0.992506 -1.87394
0.933631 -1.86409
0.875066 -1.85213
0.816876 -1.83818
0.759124 -1.82234
0.70187 -1.80473
0.64517 -1.78548
0.589074 -1.7647
0.533631 -1.74254
0.478884 -1.71911
0.424873 -1.69456
0.371634 -1.66901
0.319197 -1.64261
0.26759 -1.6155
0.216835 -1.5878
0.166949 -1.55966
0.117948 -1.53121
0.0698408 -1.50259
0.0226328 -1.47392
-0.0236744 -1.44533
-0.0690837 -1.41696
-0.113601 -1.38892
-0.157238 -1.36133
-0.200008 -1.3343
-0.241929 -1.30794
-0.283021 -1.28235
-0.32331 -1.25763
-0.362822 -1.23387
-0.401587 -1.21115
-0.439639 -1.18954
-0.477012 -1.16912
-0.513743 -1.14995
-0.549872 -1.13208
-0.585439 -1.11555
-0.620487 -1.1004
-0.65506 -1.08667
-0.689201 -1.07437
-0.722955 -1.06351
-0.756368 -1.0541
-0.789485 -1.04612
-0.822352 -1.03958
-0.855014 -1.03444
-0.887514 -1.03068
-0.919896 -1.02826
-0.952201 -1.02713
-0.984471 -1.02723
-1.01674 -1.02851
-1.04906 -1.0309
-1.08145 -1.03432
-1.11394 -1.03869
-1.14658 -1.04392
-1.17937 -1.04991
-1.21236 -1.05657
-1.24556 -1.0638
-1.27898 -1.07147
-1.31264 -1.07949
-1.34656 -1.08773
-1.38073 -1.09607
-1.41517 -1.10439
-1.44986 -1.11256
-1.48482 -1.12046
-1.52002 -1.12797
-1.55546 -1.13494
-1.59112 -1.14127
-1.62697 -1.14681
-1.663 -1.15145
-1.69918 -1.15506
-1.73547 -1.15752
-1.77184 -1.15871
-1.80824 -1.15851
-1.84464 -1.15682
-1.88098 -1.15352
-1.91722 -1.14853
-1.95331 -1.14172
-1.98918 -1.13303
-2.02478 -1.12236
-2.06004 -1.10964
-2.0949 -1.09479
-2.1293 -1.07775
-2.16316 -1.05846
-2.19641 -1.03687
-2.22899 -1.01296
-2.26081 -0.986669
-2.29181 -0.957992
-2.32191 -0.92691
-2.35103 -0.893415
-2.3791 -0.857512
-2.40604 -0.819212
-2.43178 -0.778537
-2.45624 -0.735515
-2.47935 -0.690186
-2.50103 -0.642598
-2.52122 -0.592806
-2.53985 -0.540875
-2.55684 -0.486879
-2.57214 -0.430898
-2.58567 -0.373023
-2.59739 -0.313348
-2.60724 -0.251979
-2.61515 -0.189027
-2.62109 -0.124608
-2.62501 -0.058846
-2.62686 0.00812924
-2.6266 0.0761835
-2.62421 0.145177
-2.61965 0.214967
-2.61289 0.285406
-2.60393 0.356342
-2.59273 0.427623
-2.5793 0.499091
-2.56361 0.570591
-2.54569 0.641964
-2.52552 0.713049
-2.50312 0.783689
-2.47849 0.853725
-2.45167 0.922999
-2.42267 0.991356
-2.39153 1.05864
-2.35827 1.12471
-2.32293 1.18941
-2.28556 1.25259
-2.24621 1.31413
-2.20492 1.37388
-2.16176 1.43172
-2.11678 1.48752
-2.07004 1.54117
-2.02162 1.59256
-1.97159 1.64159
-1.92001 1.68815
-1.86697 1.73217
-1.81255 1.77355
-1.75683 1.81224
-1.69989 1.84817
-1.64183 1.88128
-1.58272 1.91153
-1.52267 1.93888
-1.46175 1.96331
-1.40007 1.98479
-1.33771 2.00332
-1.27477 2.01891
-1.21134 2.03155
-1.14751 2.04127
-1.08338 2.04809
-1.01903 2.05206
-0.954563 2.05322
-0.890055 2.05162
-0.825597 2.04733
-0.761274 2.04041
-0.697169 2.03095
-0.633361 2.01902
-0.569928 2.00473
-0.506944 1.98816
-0.44448 1.96943
-0.382605 1.94864
-0.321383 1.92592
-0.260874 1.90138
-0.201137 1.87514
-0.142224 1.84734
-0.0841849 1.81811
-0.0270638 1.78758
0.0290982 1.7559
0.0842648 1.72319
0.138404 1.68961
0.191487 1.65528
0.243493 1.62035
0.294401 1.58497
0.344197 1.54926
0.392872 1.51338
0.440419 1.47744
0.486837 1.44159
0.532128 1.40595
0.5763 1.37065
0.619363 1.33581
0.661331 1.30154
0.702223 1.26797
0.74206 1.23518
0.780866 1.20329
0.818671 1.17238
0.855505 1.14254
0.891401 1.11386
0.926396 1.0864
0.960528 1.06022
0.993838 1.03539
1.02637 1.01196
1.05816 0.989954
1.08926 0.969417
1.11972 0.950369
1.14958 0.932826
1.17889 0.916794
1.20769 0.902271
1.23604 0.889247
1.26398 0.877703
1.29155 0.867612
1.31881 0.858939
1.3458 0.851639
1.37255 0.845664
1.39912 0.840953
1.42554 0.837441
1.45185 0.835055
1.47809 0.833716
1.50428 0.833337
1.53046 0.833829
1.55666 0.835092
1.5829 0.837026
1.6092 0.839524
1.63557 0.842474
1.66204 0.845762
1.68861 0.84927
1.71529 0.852879
1.74209 0.856466
1.769 0.859906
1.79601 0.863076
1.82313 0.865849
1.85033 0.8681
1.87761 0.869704
1.90493 0.870538
1.93228 0.87048
1.95963 0.869411
1.98695 0.867214
2.01419 0.863774
2.04133 0.858984
2.06832 0.852737
2.09511 0.844932
2.12165 0.835476
2.1479 0.824277
2.1738 0.811253
2.19929 0.796326
2.22431 0.779428
2.2488 0.760494
2.27269 0.739469
2.29592 0.716306
2.31843 0.690965
2.34013 0.663416
2.36098 0.633635
2.38089 0.601608
2.39979 0.56733
2.41761 0.530804
2.43429 0.492042
2.44975 0.451066
2.46392 0.407906
2.47673 0.362601
2.48813 0.315197
2.49803 0.265752
2.50638 0.214331
2.51311 0.161005
2.51817 0.105857
2.5215 0.048974
2.52303 -0.00954666
2.52273 -0.0696018
2.52055 -0.131081
2.51643 -0.193868
2.51034 -0.25784
2.50224 -0.322868
2.49209 -0.388819
2.47988 -0.455554
2.46557 -0.522931
2.44914 -0.590803
2.43057 -0.659022
2.40987 -0.727434
2.38702 -0.795885
2.36201 -0.86422
2.33486 -0.932281
2.30557 -0.999911
2.27415 -1.06695
2.24063 -1.13325
2.20503 -1.19865
2.16737 -1.26299
2.12769 -1.32612
2.08602 -1.38791
2.04242 -1.44819
1.99692 -1.50683
1.94958 -1.5637
1.90045 -1.61866
1.8496 -1.67158
1.79708 -1.72235
1.74297 -1.77085
1.68733 -1.81697
1.63024 -1.86062
1.57179 -1.9017
1.51204 -1.94012
1.45109 -1.97581
1.38901 -2.00871
1.3259 -2.03874
1.26185 -2.06587
1.19694 -2.09004
1.13128 -2.11122
1.06495 -2.1294
0.998047 -2.14455
0.93067 -2.15667
0.862912 -2.16576
0.794869 -2.17184
0.726634 -2.17494
0.658302 -2.17507
0.589966 -2.17228
0.521718 -2.16662
0.453647 -2.15815
0.385843 -2.14694
0.318391 -2.13305
0.251375 -2.11657
0.184877 -2.09758
0.118975 -2.07619
0.053746 -2.05249
-0.0107388 -2.0266
-0.0744102 -1.99863
-0.137203 -1.96869
-0.199055 -1.93691
-0.259908 -1.90343
-0.31971 -1.86837
-0.37841 -1.83187
-0.435963 -1.79406
-0.492329 -1.7551
-0.54747 -1.71512
-0.601355 -1.67426
-0.653957 -1.63267
-0.705252 -1.59049
-0.755222 -1.54787
-0.803852 -1.50495
-0.851135 -1.46187
-0.897063 -1.41877
-0.941638 -1.37578
-0.984862 -1.33304
-1.02674 -1.29067
-1.06729 -1.2488
-1.10653 -1.20756
-1.14447 -1.16704
-1.18113 -1.12738
-1.21655 -1.08865
-1.25076 -1.05097
-1.28377 -1.01442
-1.31565 -0.979089
-1.34641 -0.945046
-1.3761 -0.91236
-1.40476 -0.881093
-1.43244 -0.851295
-1.45919 -0.823011
-1.48505 -0.796275
-1.51006 -0.771113
-1.53429 -0.747545
-1.55778 -0.725579
-1.58057 -0.705216
-1.60273 -0.686449
-1.6243 -0.669263
-1.64532 -0.653631
-1.66586 -0.639523
-1.68595 -0.626896
-1.70565 -0.615704
-1.72499 -0.605889
-1.74403 -0.597388
-1.7628 -0.590132
-1.78134 -0.584042
-1.79969 -0.579035
-1.81788 -0.575023
-1.83594 -0.57191
-1.85391 -0.569596
-1.87181 -0.567976
-1.88965 -0.566942
-1.90746 -0.566381
-1.92526 -0.566178
-1.94305 -0.566213
-1.96084 -0.566367
-1.97863 -0.566516
-1.99643 -0.566538
-2.01423 -0.566308
-2.03202 -0.565704
-2.04979 -0.564601
-2.06753 -0.562877
-2.08522 -0.560412
-2.10282 -0.557088
-2.12033 -0.552788
-2.13769 -0.547401
-2.15489 -0.540817
-2.17188 -0.532933
-2.18863 -0.523649
-2.20508 -0.51287
-2.22119 -0.500507
-2.23692 -0.486478
-2.2522 -0.470707
-2.26699 -0.453123
-2.28123 -0.433664
-2.29485 -0.412275
-2.3078 -0.388909
-2.32002 -0.363526
-2.33144 -0.336096
-2.342 -0.306595
-2.35164 -0.27501
-2.36028 -0.241334
-2.36786 -0.205572
-2.37432 -0.167734
-2.37959 -0.127842
-2.3836 -0.0859261
-2.3863 -0.0420234
-2.38762 0.00381852
-2.3875 0.0515442
-2.38588 0.10109
-2.38271 0.152383
-2.37792 0.205344
-2.37147 0.259885
-2.3633 0.315911
-2.35338 0.37332
-2.34165 0.432002
-2.32808 0.491842
-2.31262 0.552719
-2.29526 0.614506
-2.27595 0.677071
-2.25468 0.740277
-2.23142 0.803983
-2.20616 0.868045
-2.17889 0.932315
-2.1496 0.996643
-2.11829 1.06088
-2.08496 1.12486
-2.04962 1.18844
-2.01228 1.25146
-1.97296 1.31377
-1.93168 1.37521
-1.88848 1.43563
-1.84337 1.49488
-1.79641 1.55281
-1.74762 1.60927
-1.69706 1.66412
-1.64478 1.71722
-1.59083 1.76844
-1.53527 1.81765
-1.47816 1.86473
-1.41957 1.90955
-1.35958 1.95202
-1.29825 1.99201
-1.23567 2.02945
-1.17191 2.06423
-1.10705 2.09627
-1.04119 2.12551
-0.974412 2.15188
-0.906805 2.17531
-0.838461 2.19576
-0.769475 2.2132
-0.699941 2.22759
-0.629955 2.23892
-0.559613 2.24716
-0.489012 2.25233
-0.418248 2.25442
-0.34742 2.25345
-0.276621 2.24946
-0.205948 2.24247
-0.135494 2.23252
-0.065353 2.21968
0.00438459 2.204
0.0736296 2.18555
0.142295 2.16441
0.210296 2.14066
0.277551 2.1144
0.343981 2.08573
0.40951 2.05474
0.474065 2.02156
0.537578 1.9863
0.599984 1.94908
0.66122 1.91004
0.721229 1.8693
0.779958 1.82701
0.837359 1.78329
0.893386 1.7383
0.948 1.69218
1.00116 1.64506
1.05285 1.59711
1.10303 1.54847
1.15168 1.49928
1.19878 1.4497
1.24433 1.39986
1.28831 1.34992
1.33072 1.30001
1.37156 1.25028
1.41084 1.20086
1.44857 1.15187
1.48476 1.10346
1.51943 1.05574
1.5526 1.00883
1.58429 0.962838
1.61454 0.917877
1.64338 0.874043
1.67084 0.831429
1.69696 0.790122
1.72179 0.750198
1.74536 0.71173
1.76772 0.674778
1.78892 0.639398
1.80901 0.605636
1.82804 0.57353
1.84605 0.543108
1.86312 0.514392
1.87928 0.487394
1.89459 0.462116
1.90911 0.438555
1.92289 0.416695
1.93598 0.396515
1.94844 0.377984
1.96031 0.361064
1.97166 0.345708
1.98252 0.331863
1.99295 0.319466
2.00298 0.30845
2.01267 0.298739
2.02206 0.290252
2.03118 0.2829
2.04007 0.276591
2.04876 0.271225
2.05728 0.266701
2.06566 0.262909
2.07392 0.25974
2.08208 0.257078
2.09015 0.254807
2.09816 0.252806
2.1061 0.250955
2.11399 0.249131
2.12181 0.247211
2.12958 0.245073
2.13728 0.242593
2.1449 0.23965
2.15243 0.236124
2.15985 0.231898
2.16714 0.226856
2.17426 0.220886
2.1812 0.213881
2.18792 0.205735
2.19439 0.196349
2.20056 0.185629
2.20639 0.173487
2.21184 0.159838
2.21686 0.144607
2.2214 0.127724
2.22542 0.109127
2.22884 0.0887585
2.23163 0.0665723
2.23372 0.0425283
2.23506 0.0165946
2.23558 -0.0112521
2.23523 -0.0410268
2.23394 -0.0727359
2.23165 -0.106377
2.22831 -0.141939
2.22385 -0.179403
2.21822 -0.218739
2.21134 -0.259911
2.20318 -0.302873
2.19366 -0.347571
2.18274 -0.393943
2.17037 -0.441917
2.15648 -0.491415
2.14104 -0.542352
2.124 -0.594633
2.10532 -0.648159
2.08496 -0.702821
2.06288 -0.758508
2.03905 -0.815099
2.01344 -0.872469
1.98603 -0.930489
1.95679 -0.989024
1.92572 -1.04794
1.89279 -1.10708
1.85801 -1.16632
1.82137 -1.22549
1.78287 -1.28446
1.74251 -1.34307
1.70032 -1.40116
1.65629 -1.45859
1.61047 -1.5152
1.56286 -1.57085
1.51351 -1.62537
1.46245 -1.67863
1.40971 -1.73048
1.35534 -1.78077
1.29939 -1.82936
1.24192 -1.87613
1.18297 -1.92093
1.12262 -1.96365
1.06093 -2.00416
0.99796 -2.04235
0.933794 -2.07811
0.868504 -2.11134
0.80217 -2.14195
0.734875 -2.16985
0.666702 -2.19496
0.597741 -2.21722
0.528081 -2.23655
0.457813 -2.25292
0.387032 -2.26626
0.31583 -2.27656
0.244306 -2.28377
0.172555 -2.28789
0.100674 -2.28891
0.0287614 -2.28683
-0.0430857 -2.28165
-0.11477 -2.27341
-0.186196 -2.26213
-0.257267 -2.24784
-0.32789 -2.2306
-0.39797 -2.21047
-0.467418 -2.1875
-0.536145 -2.16177
-0.604063 -2.13336
-0.671088 -2.10236
-0.73714 -2.06886
-0.802139 -2.03298
-0.86601 -1.99481
-0.928683 -1.95447
-0.990088 -1.9121
-1.05016 -1.8678
-1.10884 -1.82172
-1.16608 -1.77399
-1.22181 -1.72474
-1.276 -1.67413
-1.3286 -1.6223
-1.37957 -1.5694
-1.42888 -1.51557
-1.47649 -1.46096
-1.52239 -1.40573
-1.56656 -1.35003
-1.60897 -1.29401
-1.64963 -1.23781
-1.68852 -1.18158
-1.72564 -1.12548
-1.761 -1.06964
-1.7946 -1.01419
-1.82647 -0.959284
-1.85661 -0.90504
-1.88504 -0.851587
-1.9118 -0.799046
-1.9369 -0.747531
-1.96039 -0.697151
-1.98229 -0.648009
-2.00265 -0.600199
-2.0215 -0.553809
-2.0389 -0.50892
-2.05489 -0.465606
-2.06952 -0.423931
-2.08284 -0.383952
-2.0949 -0.345717
-2.10577 -0.309266
-2.11548 -0.27463
-2.12411 -0.241832
-2.13171 -0.210887
-2.13833 -0.181799
-2.14405 -0.154564
-2.1489 -0.129171
-2.15296 -0.1056
-2.15628 -0.0838208
-2.15891 -0.0637974
-2.16092 -0.0454846
-2.16234 -0.0288296
-2.16325 -0.0137725
-2.16368 -0.000245836
-2.16369 0.0118244
-2.16332 0.0225187
-2.16261 0.0319238
-2.16161 0.0401319
-2.16035 0.0472408
-2.15886 0.0533527
-2.15719 0.0585744
-2.15535 0.0630164
-2.15337 0.0667927
-2.15127 0.07002
-2.14907 0.0728173
-2.14678 0.0753055
-2.14442 0.0776066
-2.14198 0.0798435
-2.13947 0.0821389
-2.13689 0.0846153
-2.13423 0.0873942
-2.13148 0.0905957
-2.12864 0.0943376
-2.12567 0.0987353
-2.12257 0.103901
-2.11931 0.109944
-2.11585 0.116968
-2.11218 0.125073
-2.10825 0.134354
-2.10403 0.144902
-2.09948 0.156799
-2.09455 0.170122
-2.08921 0.184943
-2.08339 0.201325
-2.07707 0.219325
-2.07018 0.238992
-2.06267 0.260366
-2.05449 0.28348
-2.04558 0.30836
-2.0359 0.335021
-2.02537 0.363472
-2.01395 0.393711
-2.00158 0.42573
-1.98821 0.459509
-1.97377 0.495024
-1.95822 0.532237
-1.94149 0.571106
-1.92355 0.611578
-1.90434 0.653592
-1.8838 0.697081
-1.8619 0.741967
-1.83859 0.788168
-1.81383 0.835591
-1.78758 0.884139
-1.7598 0.933707
-1.73046 0.984184
-1.69954 1.03545
-1.66701 1.08739
-1.63285 1.13987
-1.59703 1.19276
-1.55956 1.24593
-1.52042 1.29923
-1.4796 1.35253
-1.4371 1.40567
-1.39294 1.45852
-1.34712 1.51092
-1.29965 1.56272
-1.25055 1.61377
-1.19985 1.66393
-1.14757 1.71305
-1.09375 1.76098
-1.03842 1.80757
-0.981633 1.85269
-0.923425 1.89619
-0.863851 1.93793
-0.802966 1.97779
-0.740828 2.01564
-0.677501 2.05135
-0.613051 2.08482
-0.547551 2.11592
-0.481073 2.14456
-0.413696 2.17063
-0.345499 2.19405
-0.276567 2.21473
-0.206985 2.23261
-0.136841 2.24761
-0.0662261 2.25967
0.00476785 2.26875
0.0760471 2.2748
0.147516 2.2778
0.21908 2.27772
0.290641 2.27454
0.362102 2.26827
0.433367 2.25891
0.504337 2.24648
0.574916 2.23099
0.645009 2.21248
0.71452 2.19099
0.783356 2.16658
0.851426 2.13931
0.918638 2.10923
0.984906 2.07644
1.05014 2.04101
1.11427 2.00303
1.1772 1.96261
1.23886 1.91985
1.29918 1.87487
1.35808 1.82778
1.41551 1.77871
1.47139 1.72779
1.52567 1.67515
1.5783 1.62094
1.62923 1.56529
1.67841 1.50835
1.7258 1.45028
1.77136 1.39122
1.81507 1.33132
1.8569 1.27074
1.89682 1.20963
1.93482 1.14814
1.9709 1.08644
2.00503 1.02466
2.03722 0.962966
2.06748 0.901499
2.0958 0.840404
2.1222 0.779823
2.1467 0.719893
2.16932 0.660748
2.19008 0.602515
2.20901 0.545318
2.22614 0.489273
2.24151 0.434491
2.25517 0.381076
2.26714 0.329127
2.27748 0.278732
2.28624 0.229975
2.29346 0.18293
2.29921 0.137664
2.30353 0.0942354
2.30649 0.0526943
2.30815 0.013082
2.30856 -0.0245685
2.30779 -0.0602334
2.3059 -0.0938972
2.30295 -0.125554
2.299 -0.155205
2.29413 -0.182861
2.28838 -0.208543
2.28183 -0.232277
2.27453 -0.254101
2.26655 -0.274057
2.25794 -0.292199
2.24876 -0.308585
2.23906 -0.323282
2.2289 -0.336363
2.21834 -0.34791
2.20741 -0.358007
2.19616 -0.366748
2.18464 -0.374229
2.17288 -0.380552
2.16092 -0.385825
2.1488 -0.390158
2.13654 -0.393665
2.12418 -0.396462
2.11172 -0.39867
2.09919 -0.400409
2.08661 -0.401801
2.07399 -0.40297
2.06133 -0.404039
2.04864 -0.405132
2.03591 -0.40637
2.02314 -0.407875
2.01033 -0.409764
1.99745 -0.412154
1.9845 -0.415159
1.97146 -0.418888
1.9583 -0.423447
1.94499 -0.428937
1.93152 -0.435454
1.91784 -0.443089
1.90392 -0.451927
1.88972 -0.462047
1.8752 -0.473521
1.86032 -0.486415
1.84504 -0.500786
1.82931 -0.516685
1.81308 -0.534155
1.79629 -0.553231
1.77891 -0.573939
1.76088 -0.596298
1.74215 -0.620317
1.72266 -0.645999
1.70236 -0.673335
1.68121 -0.70231
1.65914 -0.7329
1.63612 -0.765071
1.61208 -0.798783
1.58698 -0.833985
1.56078 -0.870619
1.53343 -0.90862
1.50488 -0.947914
1.4751 -0.988419
1.44404 -1.03005
1.41168 -1.0727
1.37798 -1.11629
1.34291 -1.16069
1.30644 -1.20579
1.26856 -1.25148
1.22924 -1.29763
1.18847 -1.34412
1.14624 -1.3908
1.10255 -1.43754
1.05738 -1.48421
1.01075 -1.53066
0.962661 -1.57675
0.913123 -1.62233
0.862153 -1.66726
0.809771 -1.71139
0.756003 -1.75458
0.700877 -1.79668
0.64443 -1.83754
0.586698 -1.87704
0.527725 -1.91502
0.46756 -1.95135
0.406253 -1.98589
0.34386 -2.01853
0.280442 -2.04914
0.216063 -2.07759
0.150789 -2.10378
0.0846927 -2.1276
0.017848 -2.14895
-0.0496673 -2.16773
-0.117773 -2.18386
-0.186385 -2.19725
-0.255418 -2.20785
-0.324784 -2.21558
-0.394392 -2.22039
-0.464152 -2.22223
-0.53397 -2.22108
-0.603751 -2.21689
-0.673401 -2.20965
-0.742824 -2.19936
-0.811923 -2.186
-0.880602 -2.1696
-0.948766 -2.15016
-1.01632 -2.12772
-1.08317 -2.10231
-1.14922 -2.07398
-1.21438 -2.04278
-1.27856 -2.00878
-1.34167 -1.97204
-1.40363 -1.93266
-1.46435 -1.8907
-1.52375 -1.84628
-1.58175 -1.79949
-1.63829 -1.75045
-1.69329 -1.69926
-1.74667 -1.64606
-1.79839 -1.59096
-1.84837 -1.53411
-1.89657 -1.47564
-1.94293 -1.41569
-1.98741 -1.35441
-2.02996 -1.29195
-2.07055 -1.22846
-2.10915 -1.16409
-2.14572 -1.09899
-2.18025 -1.03333
-2.21272 -0.967264
-2.24311 -0.900939
-2.27141 -0.834517
-2.29763 -0.76815
-2.32176 -0.70199
-2.34382 -0.636189
-2.36381 -0.570892
-2.38174 -0.506243
-2.39765 -0.442381
-2.41155 -0.379442
-2.42347 -0.317554
-2.43344 -0.256844
-2.44151 -0.197429
-2.44772 -0.139422
-2.4521 -0.082929
-2.4547 -0.0280484
-2.45558 0.0251281
-2.45479 0.0765166
-2.45239 0.126041
-2.44843 0.173634
-2.44297 0.219235
-2.43609 0.262794
-2.42783 0.304269
-2.41827 0.343625
-2.40747 0.380837
-2.39551 0.415891
-2.38244 0.448778
-2.36834 0.479501
-2.35328 0.508069
-2.33732 0.534503
-2.32052 0.558828
-2.30297 0.581082
-2.28471 0.601308
-2.26582 0.619559
-2.24635 0.635892
-2.22637 0.650376
-2.20594 0.663084
-2.18511 0.674097
-2.16393 0.6835
-2.14246 0.691386
-2.12073 0.697854
-2.09881 0.703006
-2.07672 0.706949
-2.05451 0.709794
-2.03221 0.711656
-2.00985 0.712654
-1.98746 0.712906
-1.96506 0.712536
-1.94268 0.711667
-1.92032 0.710422
-1.898 0.708927
-1.87573 0.707306
-1.8535 0.705683
-1.83133 0.704179
-1.80921 0.702915
-1.78713 0.702008
-1.76507 0.701574
-1.74303 0.701724
-1.72098 0.702565
-1.69891 0.7042
-1.67678 0.706727
-1.65458 0.710239
-1.63227 0.714823
-1.60981 0.720561
-1.58717 0.727525
-1.56431 0.735784
-1.5412 0.745398
-1.51778 0.756419
-1.49401 0.768894
-1.46985 0.782859
-1.44526 0.798344
-1.42018 0.815368
-1.39456 0.833946
-1.36836 0.85408
-1.34153 0.875766
-1.31401 0.898991
-1.28577 0.923733
-1.25674 0.949963
-1.2269 0.977641
-1.19618 1.00672
-1.16455 1.03715
-1.13197 1.06886
-1.09839 1.10178
-1.06377 1.13584
-1.02809 1.17095
-0.991298 1.20702
-0.953376 1.24394
-0.914294 1.28162
-0.874029 1.31995
-0.832559 1.3588
-0.789868 1.39806
-0.745944 1.43759
-0.700778 1.47729
-0.654365 1.517
-0.606704 1.55659
-0.557799 1.59593
-0.507659 1.63487
-0.456295 1.67328
-0.403724 1.71101
-0.349967 1.74792
-0.295052 1.78386
-0.239006 1.8187
-0.181867 1.8523
-0.123671 1.88451
-0.064464 1.91521
-0.00429228 1.94425
0.056792 1.97152
0.118733 1.99688
0.181471 2.02022
0.244942 2.04142
0.309079 2.06038
0.373812 2.07698
0.439066 2.09114
0.504765 2.10275
0.570829 2.11175
0.637176 2.11805
0.70372 2.12159
0.770376 2.1223
0.837054 2.12014
0.903664 2.11506
0.970115 2.10704
1.03631 2.09604
1.10217 2.08205
1.16758 2.06506
1.23246 2.04508
1.29671 2.02212
1.36024 1.9962
1.42296 1.96736
1.48477 1.93562
1.54558 1.90105
1.60531 1.86369
1.66386 1.82362
1.72116 1.78091
1.77711 1.73564
1.83164 1.6879
1.88467 1.6378
1.93613 1.58543
1.98594 1.53091
2.03403 1.47436
2.08035 1.4159
2.12484 1.35567
2.16743 1.2938
2.20808 1.23043
2.24674 1.1657
2.28336 1.09977
2.31791 1.03278
2.35036 0.964886
2.38068 0.896248
2.40883 0.82702
2.43482 0.757362
2.45861 0.68743
2.48021 0.617384
2.49961 0.54738
2.5168 0.477575
2.53181 0.408122
2.54463 0.339173
2.55529 0.270876
2.5638 0.203376
2.57019 0.136814
2.57449 0.0713259
2.57673 0.00704296
2.57695 -0.0559091
2.57519 -0.11741
2.5715 -0.177348
2.56593 -0.235614
2.55853 -0.29211
2.54935 -0.346744
2.53846 -0.39943
2.52591 -0.450093
2.51177 -0.498663
2.4961 -0.545081
2.47897 -0.589296
2.46046 -0.631265
2.44063 -0.670954
2.41955 -0.708338
2.39729 -0.743402
2.37394 -0.776138
2.34955 -0.806547
2.32421 -0.834642
2.29799 -0.86044
2.27096 -0.88397
2.24318 -0.905269
2.21474 -0.92438
2.1857 -0.941357
2.15612 -0.956259
2.12608 -0.969153
2.09563 -0.980116
2.06484 -0.989227
2.03376 -0.996574
2.00245 -1.00225
1.97096 -1.00636
1.93934 -1.00899
1.90764 -1.01027
1.8759 -1.01031
1.84416 -1.00921
1.81245 -1.0071
1.78081 -1.00411
1.74927 -1.00034
1.71784 -0.995941
1.68655 -0.991025
1.65541 -0.985721
1.62444 -0.980155
1.59365 -0.974453
1.56303 -0.968739
1.5326 -0.963136
1.50234 -0.957762
1.47225 -0.952736
1.44231 -0.948171
1.41252 -0.944176
1.38286 -0.940857
1.3533 -0.938315
1.32382 -0.936644
1.29439 -0.935934
1.26499 -0.936269
1.23557 -0.937724
1.20611 -0.940372
1.17657 -0.944274
1.1469 -0.949486
1.11707 -0.956056
1.08703 -0.964025
1.05674 -0.973424
1.02616 -0.984277
0.995237 -0.996599
0.963926 -1.0104
0.932181 -1.02567
0.899957 -1.04241
0.867207 -1.0606
0.833885 -1.0802
0.799948 -1.10119
0.765351 -1.12352
0.730052 -1.14714
0.694012 -1.17198
0.65719 -1.19799
0.619552 -1.22509
0.581062 -1.25319
0.54169 -1.28221
0.501406 -1.31205
0.460184 -1.3426
0.418002 -1.37378
0.374841 -1.40545
0.330685 -1.4375
0.285522 -1.46982
0.239343 -1.50226
0.192145 -1.53472
0.143928 -1.56705
0.0946943 -1.59912
0.0444535 -1.63079
-0.00678246 -1.66192
-0.0589966 -1.69239
-0.112168 -1.72203
-0.16627 -1.75073
-0.221275 -1.77834
-0.277146 -1.80472
-0.333846 -1.82974
-0.391333 -1.85327
-0.449559 -1.87518
-0.508473 -1.89534
-0.568021 -1.91364
-0.628143 -1.92995
-0.688778 -1.94417
-0.74986 -1.95619
-0.811319 -1.96591
-0.873083 -1.97323
-0.935078 -1.97807
-0.997225 -1.98036
-1.05944 -1.98001
-1.12165 -1.97696
-1.18376 -1.97117
-1.24569 -1.96257
-1.30735 -1.95113
-1.36865 -1.93683
-1.4295 -1.91963
-1.48981 -1.89954
-1.54949 -1.87653
-1.60845 -1.85063
-1.66659 -1.82184
-1.72383 -1.79019
-1.78008 -1.75572
-1.83524 -1.71846
-1.88923 -1.67847
-1.94196 -1.63581
-1.99335 -1.59055
-2.04333 -1.54276
-2.0918 -1.49253
-2.13869 -1.43996
-2.18393 -1.38514
-2.22745 -1.32818
-2.26918 -1.2692
-2.30905 -1.20832
-2.34701 -1.14566
-2.38301 -1.08137
-2.41698 -1.01556
-2.44889 -0.948403
-2.47869 -0.880026
-2.50633 -0.810584
-2.5318 -0.74023
-2.55506 -0.669119
-2.57608 -0.597409
-2.59485 -0.525259
-2.61135 -0.452827
-2.62558 -0.380274
-2.63753 -0.30776
-2.64719 -0.235441
-2.65459 -0.163476
-2.65973 -0.0920199
-2.66262 -0.0212243
-2.66329 0.0487612
-2.66175 0.117791
-2.65805 0.185723
-2.65222 0.252421
-2.64429 0.317754
-2.6343 0.381594
-2.62231 0.443822
-2.60837 0.504325
-2.59253 0.562994
-2.57484 0.619731
-2.55537 0.674443
-2.53418 0.727046
-2.51134 0.777462
-2.48691 0.825625
-2.46097 0.871474
-2.43359 0.914958
-2.40484 0.956035
-2.37481 0.994672
-2.34356 1.03084
-2.31117 1.06454
-2.27772 1.09574
-2.2433 1.12447
-2.20797 1.15072
-2.17182 1.17452
-2.13492 1.19589
-2.09734 1.21488
-2.05918 1.23154
-2.02048 1.2459
-1.98134 1.25804
-1.94181 1.26803
-1.90198 1.27594
-1.86189 1.28185
-1.82162 1.28585
-1.78122 1.28804
-1.74075 1.28852
-1.70027 1.2874
-1.65982 1.28478
-1.61945 1.28077
-1.57922 1.27551
-1.53914 1.26911
-1.49927 1.26168
-1.45963 1.25337
-1.42025 1.24429
-1.38116 1.23458
-1.34237 1.22436
-1.3039 1.21376
-1.26577 1.20291
-1.22798 1.19194
-1.19053 1.18097
-1.15343 1.17012
-1.11666 1.15952
-1.08023 1.14927
-1.04413 1.1395
-1.00833 1.13031
-0.972814 1.1218
-0.93757 1.11407
-0.902568 1.10722
-0.867781 1.10133
-0.83318 1.09648
-0.798731 1.09275
-0.764399 1.09019
-0.730148 1.08887
-0.695938 1.08884
-0.661729 1.09015
-0.627478 1.09282
-0.593144 1.09689
-0.558682 1.10237
-0.524048 1.10928
-0.489197 1.11761
-0.454084 1.12736
-0.418665 1.13852
-0.382895 1.15106
-0.346731 1.16495
-0.310131 1.18014
-0.273054 1.1966
-0.235459 1.21426
-0.19731 1.23306
-0.15857 1.25293
-0.119206 1.27379
-0.079186 1.29555
-0.0384825 1.31813
0.0029304 1.34143
0.0450752 1.36534
0.0879711 1.38975
0.131634 1.41455
0.176076 1.43962
0.221306 1.46484
0.267328 1.49008
0.314143 1.51522
0.361748 1.54013
0.410136 1.56466
0.459294 1.58869
0.509207 1.61208
0.559855 1.63469
0.611214 1.6564
0.663254 1.67706
0.715944 1.69654
0.769245 1.71472
0.823118 1.73146
0.877517 1.74664
0.932393 1.76014
0.987692 1.77183
1.04336 1.78161
1.09933 1.78937
1.15555 1.795
1.21195 1.79841
1.26845 1.79951
1.32499 1.79822
1.38148 1.79445
1.43786 1.78814
1.49404 1.77923
1.54994 1.76766
1.60548 1.7534
1.66056 1.7364
1.71512 1.71663
1.76905 1.69409
1.82228 1.66875
1.8747 1.64062
1.92625 1.6097
1.97682 1.57603
2.02634 1.53961
2.07471 1.50049
2.12185 1.45871
2.16768 1.41433
2.21211 1.36741
2.25508 1.31802
2.29648 1.26623
2.33627 1.21215
2.37435 1.15586
2.41067 1.09746
2.44514 1.03707
2.47773 0.974806
2.50835 0.910783
2.53697 0.845133
2.56352 0.777991
2.58796 0.709497
2.61025 0.639792
2.63036 0.569027
2.64823 0.49735
2.66386 0.424918
2.67721 0.351885
2.68826 0.278411
2.69701 0.204655
2.70344 0.130777
2.70755 0.0569381
2.70934 -0.0167022
2.70881 -0.0899848
2.70599 -0.162752
2.70087 -0.234849
2.69349 -0.306123
2.68388 -0.376424
2.67205 -0.445606
2.65805 -0.513528
2.64192 -0.580054
2.62369 -0.645051
2.60343 -0.708394
2.58117 -0.769962
2.55698 -0.829643
2.53091 -0.88733
2.50304 -0.942923
2.47341 -0.996331
2.44211 -1.04747
2.4092 -1.09627
2.37476 -1.14265
2.33886 -1.18656
2.30158 -1.22796
2.263 -1.26679
2.2232 -1.30302
2.18226 -1.33664
2.14027 -1.36763
2.0973 -1.39599
2.05344 -1.42171
2.00877 -1.44482
1.96338 -1.46532
1.91734 -1.48327
1.87074 -1.49868
1.82365 -1.51162
1.77616 -1.52213
1.72834 -1.53028
1.68026 -1.53615
1.632 -1.5398
1.58362 -1.54133
1.5352 -1.54082
1.48679 -1.53838
1.43846 -1.5341
1.39026 -1.52809
1.34225 -1.52048
1.29448 -1.51136
1.247 -1.50088
1.19984 -1.48914
1.15306 -1.47627
1.10667 -1.46241
1.06073 -1.44769
1.01525 -1.43222
0.970248 -1.41616
0.925755 -1.39962
0.881782 -1.38275
0.838339 -1.36566
0.795433 -1.34849
0.753067 -1.33136
0.711238 -1.31439
0.669943 -1.29771
0.629172 -1.28143
0.588912 -1.26566
0.549147 -1.25051
0.509859 -1.23608
0.471024 -1.22246
0.432617 -1.20975
0.394609 -1.19802
0.35697 -1.18736
0.319665 -1.17784
0.28266 -1.16951
0.245917 -1.16243
0.209396 -1.15664
0.173057 -1.15219
0.136857 -1.14911
0.100755 -1.14742
0.0647052 -1.14713
0.0286648 -1.14825
-0.00741062 -1.15077
-0.0435653 -1.15468
-0.0798429 -1.15997
-0.116287 -1.1666
-0.152939 -1.17454
-0.18984 -1.18374
-0.22703 -1.19415
-0.264548 -1.20571
-0.302429 -1.21835
-0.340707 -1.232
-0.379414 -1.24658
-0.418578 -1.26199
-0.458227 -1.27814
-0.498384 -1.29494
-0.539068 -1.31228
-0.580297 -1.33004
-0.622084 -1.34811
-0.664439 -1.36638
-0.707368 -1.38472
-0.750873 -1.403
-0.794952 -1.4211
-0.8396 -1.43889
-0.884807 -1.45624
-0.930559 -1.47301
-0.976838 -1.48908
-1.02362 -1.5043
-1.07088 -1.51856
-1.11859 -1.53171
-1.16672 -1.54364
-1.21521 -1.55422
-1.26404 -1.56332
-1.31316 -1.57082
-1.36251 -1.57662
-1.41205 -1.5806
-1.46171 -1.58265
-1.51143 -1.58268
-1.56115 -1.5806
-1.61081 -1.57631
-1.66034 -1.56973
-1.70965 -1.56079
-1.75869 -1.54943
-1.80737 -1.53558
-1.85562 -1.51919
-1.90334 -1.50023
-1.95048 -1.47866
-1.99694 -1.45445
-2.04263 -1.42759
-2.08748 -1.39806
-2.13141 -1.36588
-2.17432 -1.33105
-2.21614 -1.2936
-2.25678 -1.25354
-2.29616 -1.21093
-2.33421 -1.16579
-2.37084 -1.11821
-2.40597 -1.06822
-2.43953 -1.01592
-2.47145 -0.961371
-2.50165 -0.904674
-2.53007 -0.845923
-2.55665 -0.78522
-2.58132 -0.722678
-2.60403 -0.658414
-2.62471 -0.592552
-2.64333 -0.525221
-2.65983 -0.456557
-2.67417 -0.386699
-2.68632 -0.315793
-2.69624 -0.243985
-2.70391 -0.171429
-2.7093 -0.0982789
-2.71238 -0.0246908
-2.71316 0.0491763
-2.71161 0.123163
-2.70774 0.197108
-2.70155 0.270851
-2.69304 0.344233
-2.68223 0.417094
-2.66912 0.489277
-2.65375 0.560628
-2.63614 0.630993
-2.61631 0.700225
-2.59431 0.768177
-2.57018 0.834709
-2.54395 0.899685
-2.51569 0.962973
-2.48543 1.02445
-2.45325 1.084
-2.41919 1.1415
-2.38333 1.19685
-2.34572 1.24996
-2.30645 1.30073
-2.26559 1.34908
-2.2232 1.39493
-2.17938 1.43823
-2.13419 1.47891
-2.08773 1.51693
-2.04007 1.55224
-1.9913 1.58481
-1.94151 1.61463
-1.89078 1.64169
-1.8392 1.66597
-1.78686 1.68749
-1.73384 1.70625
-1.68024 1.7223
-1.62613 1.73565
-1.5716 1.74635
-1.51673 1.75445
-1.46161 1.76
-1.40631 1.76308
-1.35092 1.76376
-1.29551 1.76211
-1.24014 1.75823
-1.18491 1.75221
-1.12985 1.74415
-1.07506 1.73416
-1.02057 1.72234
-0.966461 1.70881
-0.912774 1.69369
-0.859562 1.67711
-0.806871 1.6592
-0.754743 1.64007
-0.703215 1.61987
-0.652322 1.59873
-0.602094 1.57678
-0.552555 1.55415
-0.503727 1.53099
-0.455626 1.50742
-0.408267 1.48358
-0.361656 1.4596
-0.315798 1.43561
-0.270694 1.41174
-0.22634 1.3881
-0.18273 1.36481
-0.13985 1.342
-0.0976874 1.31977
-0.0562232 1.29822
-0.0154358 1.27746
0.0246993 1.25758
0.0642097 1.23866
0.103126 1.22079
0.14148 1.20403
0.179308 1.18846
0.216647 1.17413
0.253536 1.16109
0.290015 1.14939
0.326127 1.13905
0.361913 1.13011
0.397419 1.12258
0.432688 1.11647
0.467765 1.11177
0.502694 1.10849
0.537521 1.10661
0.572288 1.10609
0.607039 1.10691
0.641816 1.10903
0.676659 1.11239
0.711608 1.11695
0.7467 1.12263
0.781971 1.12936
0.817453 1.13707
0.853177 1.14567
0.889171 1.15506
0.925461 1.16516
0.962068 1.17586
0.999011 1.18706
1.03631 1.19863
1.07396 1.21048
1.112 1.22246
1.1504 1.23448
1.18919 1.24639
1.22835 1.25807
1.26787 1.2694
1.30775 1.28025
1.34798 1.29049
1.38852 1.29998
1.42936 1.3086
1.47048 1.31622
1.51183 1.32272
1.55339 1.32798
1.59511 1.33187
1.63695 1.33429
1.67887 1.3351
1.72082 1.33422
1.76274 1.33154
1.80457 1.32695
1.84626 1.32037
1.88775 1.31172
1.92896 1.30091
1.96983 1.28787
2.01029 1.27253
2.05027 1.25485
2.0897 1.23478
2.12849 1.21226
2.16658 1.18728
2.20388 1.1598
2.24032 1.12981
2.27581 1.09731
2.31029 1.0623
2.34366 1.0248
2.37586 0.984814
2.4068 0.942384
2.43641 0.897546
2.46461 0.85035
2.49132 0.80085
2.51649 0.749114
2.54002 0.695214
2.56186 0.639233
2.58195 0.581259
2.60021 0.521392
2.61659 0.459734
2.63103 0.396398
2.64349 0.331502
2.6539 0.265169
2.66223 0.197531
2.66844 0.128722
2.67248 0.0588831
2.67433 -0.0118424
2.67396 -0.0833057
2.67134 -0.155355
2.66646 -0.227837
2.6593 -0.300595
2.64986 -0.373469
2.63813 -0.446302
2.62411 -0.518932
2.6078 -0.591202
2.58923 -0.66295
2.5684 -0.734019
2.54534 -0.804253
2.52007 -0.873498
2.49263 -0.941602
2.46304 -1.00842
2.43136 -1.0738
2.39762 -1.13761
2.36188 -1.19972
2.32419 -1.25999
2.2846 -1.31829
2.24319 -1.37453
2.2 -1.42857
2.15512 -1.48032
2.10861 -1.52969
2.06055 -1.57658
2.01102 -1.62092
1.96009 -1.66262
1.90786 -1.70164
1.85439 -1.7379
1.79979 -1.77138
1.74414 -1.80202
1.68752 -1.82981
1.63004 -1.85472
1.57176 -1.87674
1.5128 -1.89588
1.45324 -1.91214
1.39316 -1.92554
1.33267 -1.9361
1.27184 -1.94387
1.21076 -1.94889
1.14953 -1.9512
1.08823 -1.95088
1.02694 -1.94798
0.965739 -1.9426
0.904706 -1.9348
0.843919 -1.92468
0.78345 -1.91234
0.723368 -1.89789
0.663741 -1.88142
0.604631 -1.86306
0.546097 -1.84292
0.488197 -1.82113
0.430981 -1.79781
0.374498 -1.7731
0.318791 -1.74712
0.2639 -1.72002
0.209861 -1.69192
0.156705 -1.66298
0.104457 -1.63331
0.0531422 -1.60308
0.00277706 -1.5724
-0.0466243 -1.54142
-0.0950523 -1.51027
-0.142502 -1.47909
-0.188971 -1.448
-0.234464 -1.41713
-0.278987 -1.3866
-0.322551 -1.35653
-0.365171 -1.32704
-0.406863 -1.29824
-0.447651 -1.27022
-0.487559 -1.24308
-0.526613 -1.21691
-0.564846 -1.1918
-0.60229 -1.16782
-0.63898 -1.14505
-0.674955 -1.12353
-0.710254 -1.10334
-0.744918 -1.0845
-0.778991 -1.06707
-0.812516 -1.05107
-0.845539 -1.03651
-0.878104 -1.02342
-0.910257 -1.0118
-0.942046 -1.00163
-0.973515 -0.992916
-1.00471 -0.985625
-1.03568 -0.97973
-1.06646 -0.975194
-1.0971 -0.971969
-1.12763 -0.970003
-1.15811 -0.969234
-1.18856 -0.969594
-1.21902 -0.971008
-1.24953 -0.973393
-1.28011 -0.976662
-1.3108 -0.98072
-1.34161 -0.985469
-1.37257 -0.990804
-1.4037 -0.996617
-1.43501 -1.00279
-1.46652 -1.00922
-1.49822 -1.01577
-1.53014 -1.02233
-1.56226 -1.02878
-1.59458 -1.03498
-1.6271 -1.04081
-1.6598 -1.04614
-1.69266 -1.05085
-1.72568 -1.05482
-1.75882 -1.05791
-1.79206 -1.06
-1.82536 -1.06098
-1.85869 -1.06073
-1.89202 -1.05913
-1.92529 -1.05606
-1.95847 -1.05144
-1.99151 -1.04515
-2.02434 -1.0371
-2.05693 -1.0272
-2.0892 -1.01537
-2.1211 -1.00152
-2.15257 -0.985595
-2.18353 -0.967526
-2.21393 -0.947259
-2.24369 -0.924746
-2.27274 -0.899948
-2.30102 -0.872833
-2.32844 -0.843381
-2.35494 -0.811577
-2.38043 -0.777417
-2.40486 -0.740904
-2.42814 -0.702052
-2.45019 -0.660883
-2.47096 -0.617427
-2.49036 -0.571724
-2.50832 -0.523823
-2.52478 -0.473782
-2.53966 -0.421665
-2.55291 -0.367546
-2.56446 -0.311508
-2.57424 -0.253641
-2.58221 -0.194041
-2.58831 -0.132814
-2.59248 -0.0700709
-2.59468 -0.00592919
-2.59487 0.0594869
-2.593 0.126048
-2.58904 0.193619
-2.58296 0.26206
-2.57472 0.331228
-2.56432 0.400975
-2.55172 0.471151
-2.53692 0.541602
-2.5199 0.612172
-2.50067 0.682705
-2.47922 0.753042
-2.45556 0.823025
-2.4297 0.892495
-2.40166 0.961294
-2.37146 1.02927
-2.33912 1.09626
-2.30468 1.16211
-2.26817 1.22668
-2.22963 1.28982
-2.18911 1.35139
-2.14665 1.41125
-2.10231 1.46927
-2.05615 1.52531
-2.00823 1.57927
-1.95861 1.63101
-1.90737 1.68045
-1.85457 1.72747
-1.8003 1.77197
-1.74463 1.81389
-1.68764 1.85312
-1.62942 1.88962
-1.57005 1.92331
-1.50962 1.95414
-1.44823 1.98208
-1.38595 2.00708
-1.3229 2.02912
-1.25915 2.04818
-1.1948 2.06426
-1.12994 2.07737
-1.06467 2.08751
-0.99909 2.0947
-0.933279 2.09897
-0.867334 2.10037
-0.801345 2.09894
-0.735401 2.09473
-0.669589 2.08782
-0.603994 2.07826
-0.5387 2.06615
-0.473785 2.05157
-0.409329 2.03462
-0.345406 2.01539
-0.282087 1.99399
-0.21944 1.97053
-0.157531 1.94514
-0.0964185 1.91793
-0.0361614 1.88903
0.0231878 1.85857
0.0815801 1.82669
0.138971 1.79352
0.195319 1.7592
0.25059 1.72387
0.30475 1.68768
0.357773 1.65076
0.409636 1.61325
0.460321 1.5753
0.509814 1.53705
0.558105 1.49864
0.605189 1.46019
0.651065 1.42185
0.695736 1.38374
0.73921 1.346
0.781498 1.30873
0.822616 1.27207
0.862582 1.23611
0.901418 1.20098
0.93915 1.16676
0.975807 1.13355
1.01142 1.10144
1.04603 1.07051
1.07966 1.04083
1.11236 1.01246
1.14417 0.985465
1.17513 0.959892
1.20529 0.935781
1.23469 0.913163
1.26338 0.892064
1.2914 0.872498
1.31882 0.854472
1.34566 0.837985
1.37199 0.823026
1.39785 0.809577
1.42328 0.797611
1.44834 0.787092
1.47307 0.777977
1.49751 0.770216
1.52171 0.763751
1.54571 0.758515
1.56954 0.754436
1.59324 0.751434
1.61685 0.749426
1.64039 0.748318
1.6639 0.748014
1.68741 0.748413
1.71092 0.749407
1.73446 0.750888
1.75806 0.752739
1.7817 0.754845
1.80542 0.757085
1.82921 0.759338
1.85306 0.761479
1.87699 0.763386
1.90097 0.764932
1.925 0.765993
1.94907 0.766445
1.97315 0.766165
1.99722 0.765032
2.02126 0.762927
2.04523 0.759735
2.0691 0.755342
2.09283 0.74964
2.11638 0.742525
2.13971 0.733896
2.16277 0.723659
2.1855 0.711727
2.20786 0.698015
2.22979 0.682449
2.25123 0.664959
2.27212 0.645483
2.2924 0.623967
2.31201 0.600364
2.33087 0.574635
2.34892 0.546751
2.3661 0.51669
2.38234 0.484438
2.39756 0.44999
2.41169 0.413352
2.42468 0.374536
2.43645 0.333565
2.44693 0.290469
2.45605 0.245287
2.46376 0.198069
2.46998 0.148871
2.47466 0.097758
2.47773 0.0448043
2.47914 -0.00990895
2.47883 -0.0662925
2.47674 -0.12425
2.47284 -0.183677
2.46707 -0.244463
2.45939 -0.306491
2.44976 -0.369639
2.43815 -0.433777
2.42452 -0.498773
2.40885 -0.564488
2.39111 -0.630779
2.37129 -0.6975
2.34938 -0.764503
2.32536 -0.831634
2.29923 -0.898741
2.271 -0.965668
2.24066 -1.03226
2.20823 -1.09836
2.17372 -1.1638
2.13715 -1.22844
2.09856 -1.29212
2.05796 -1.35469
2.0154 -1.416
1.97091 -1.47589
1.92455 -1.53423
1.87634 -1.59088
1.82636 -1.6457
1.77466 -1.69855
1.72129 -1.74933
1.66633 -1.7979
1.60985 -1.84416
1.55191 -1.88799
1.49259 -1.92931
1.43197 -1.96801
1.37014 -2.00403
1.30718 -2.03727
1.24317 -2.06768
1.17821 -2.0952
1.11239 -2.11978
1.04579 -2.14137
0.97851 -2.15995
0.910649 -2.1755
0.8423 -2.188
0.773558 -2.19744
0.704519 -2.20385
0.635278 -2.20722
0.565932 -2.20759
0.496575 -2.20499
0.427299 -2.19946
0.358196 -2.19105
0.289358 -2.17982
0.220873 -2.16584
0.152827 -2.14919
0.0853044 -2.12994
0.0183863 -2.10819
-0.0478485 -2.08404
-0.113325 -2.05759
-0.17797 -2.02896
-0.241715 -1.99825
-0.304496 -1.96559
-0.36625 -1.9311
-0.426921 -1.89492
-0.486456 -1.85718
-0.544804 -1.81802
-0.601923 -1.77758
-0.65777 -1.73599
-0.712311 -1.69341
-0.765515 -1.64998
-0.817353 -1.60584
-0.867805 -1.56114
-0.916853 -1.51602
-0.964483 -1.47063
-1.01069 -1.42511
-1.05546 -1.3796
-1.0988 -1.33423
-1.14072 -1.28915
-1.18123 -1.24447
-1.22032 -1.20032
-1.25804 -1.15683
-1.29438 -1.1141
-1.32938 -1.07226
-1.36307 -1.03139
-1.39547 -0.991607
-1.42663 -0.95299
-1.45657 -0.915624
-1.48534 -0.879586
-1.51297 -0.844943
-1.53952 -0.811755
-1.56502 -0.780075
-1.58953 -0.749945
-1.61309 -0.721401
-1.63576 -0.694471
-1.65757 -0.669171
-1.6786 -0.645511
-1.69888 -0.623493
-1.71847 -0.603109
-1.73742 -0.584343
-1.75578 -0.567171
-1.77359 -0.551559
-1.79092 -0.537468
-1.80781 -0.524848
-1.8243 -0.513644
-1.84044 -0.503792
-1.85627 -0.495223
-1.87182 -0.487858
-1.88715 -0.481615
-1.90228 -0.476405
-1.91725 -0.472131
-1.93208 -0.468696
-1.94681 -0.465993
-1.96145 -0.463915
-1.97602 -0.462349
-1.99055 -0.461179
-2.00504 -0.460288
-2.0195 -0.459554
-2.03394 -0.458856
-2.04836 -0.458071
-2.06275 -0.457075
-2.07711 -0.455745
-2.09143 -0.453958
-2.10569 -0.451593
-2.11988 -0.448528
-2.13397 -0.444647
-2.14794 -0.439834
-2.16176 -0.433978
-2.17539 -0.426969
-2.18881 -0.418706
-2.20196 -0.409088
-2.21481 -0.398022
-2.22732 -0.38542
-2.23943 -0.371199
-2.25109 -0.355284
-2.26225 -0.337606
-2.27286 -0.318103
-2.28285 -0.296721
-2.29218 -0.273413
-2.30077 -0.24814
-2.30856 -0.220873
-2.3155 -0.191589
-2.32152 -0.160274
-2.32656 -0.126924
-2.33054 -0.0915429
-2.33342 -0.0541426
-2.33512 -0.0147448
-2.33558 0.0266204
-2.33475 0.069914
-2.33255 0.115088
-2.32894 0.162088
-2.32384 0.210848
-2.31722 0.261297
-2.30901 0.313353
-2.29916 0.366929
-2.28764 0.42193
-2.27438 0.478253
-2.25935 0.535789
-2.24252 0.594423
-2.22385 0.654033
-2.2033 0.714493
-2.18085 0.77567
-2.15648 0.837429
-2.13017 0.899628
-2.1019 0.962124
-2.07168 1.02477
-2.03948 1.08741
-2.00532 1.14991
-1.96919 1.21209
-1.93111 1.27382
-1.89109 1.33494
-1.84915 1.39528
-1.80531 1.45471
-1.75961 1.51306
-1.71207 1.57019
-1.66274 1.62595
-1.61165 1.68019
-1.55886 1.73278
-1.50442 1.78358
-1.44839 1.83245
-1.39082 1.87926
-1.33177 1.92391
-1.27133 1.96626
-1.20955 2.00621
-1.14652 2.04367
-1.08231 2.07852
-1.01701 2.1107
-0.950698 2.1401
-0.883461 2.16668
-0.815388 2.19035
-0.746572 2.21107
-0.677105 2.22879
-0.607081 2.24347
-0.536596 2.2551
-0.465746 2.26364
-0.394627 2.26908
-0.323338 2.27144
-0.251974 2.27072
-0.180633 2.26693
-0.109411 2.26011
-0.0384028 2.2503
0.0322966 2.23753
0.102595 2.22186
0.172401 2.20337
0.241626 2.18211
0.310183 2.15816
0.377988 2.13163
0.444959 2.10259
0.511018 2.07115
0.576089 2.03742
0.6401 2.00151
0.702983 1.96355
0.764674 1.92365
0.825111 1.88195
0.884238 1.83858
0.942002 1.79368
0.998356 1.74739
1.05325 1.69985
1.10666 1.65121
1.15854 1.60162
1.20886 1.55122
1.25759 1.50017
1.30473 1.44861
1.35024 1.39669
1.39412 1.34455
1.43636 1.29235
1.47696 1.24023
1.51593 1.18832
1.55326 1.13676
1.58898 1.08568
1.62309 1.03522
1.65561 0.985495
1.68657 0.936623
1.716 0.888717
1.74392 0.841884
1.77037 0.796224
1.79539 0.75183
1.81901 0.708787
1.84128 0.667174
1.86224 0.627061
1.88194 0.588512
1.90043 0.55158
1.91776 0.516312
1.93398 0.482745
1.94915 0.45091
1.96331 0.420825
1.97654 0.392503
1.98887 0.365948
2.00036 0.341153
2.01108 0.318106
2.02108 0.296782
2.0304 0.277153
2.03911 0.259179
2.04725 0.242814
2.05488 0.228003
2.06204 0.214685
2.06879 0.20279
2.07516 0.192244
2.0812 0.182965
2.08695 0.174865
2.09244 0.16785
2.09772 0.161822
2.1028 0.156677
2.10772 0.152308
2.11251 0.148605
2.11718 0.145451
2.12175 0.14273
2.12623 0.140323
2.13064 0.138107
2.13498 0.135962
2.13925 0.133764
2.14345 0.131391
2.14758 0.128719
2.15162 0.125628
2.15557 0.121998
2.1594 0.117711
2.1631 0.112653
2.16664 0.106711
2.16999 0.099779
2.17313 0.0917518
2.17601 0.0825306
2.17861 0.0720216
2.18087 0.0601363
2.18276 0.0467923
2.18423 0.0319134
2.18523 0.0154303
2.18572 -0.00271933
2.18563 -0.0225903
2.18492 -0.04423
2.18353 -0.0676778
2.1814 -0.0929649
2.17848 -0.120114
2.17471 -0.149141
2.17002 -0.18005
2.16437 -0.212839
2.15768 -0.247497
2.1499 -0.284003
2.14098 -0.322329
2.13086 -0.362437
2.11947 -0.404282
2.10677 -0.447808
2.0927 -0.492954
2.07721 -0.539649
2.06025 -0.587813
2.04179 -0.637361
2.02176 -0.6882
2.00014 -0.740228
1.97688 -0.79334
1.95196 -0.847421
1.92533 -0.902353
1.89698 -0.958012
1.86689 -1.01427
1.83502 -1.07098
1.80137 -1.12802
1.76593 -1.18525
1.72869 -1.24251
1.68966 -1.29966
1.64882 -1.35656
1.6062 -1.41305
1.56181 -1.46898
1.51566 -1.52419
1.46777 -1.57855
1.41818 -1.63189
1.3669 -1.68407
1.314 -1.73494
1.25949 -1.78436
1.20343 -1.83218
1.14586 -1.87827
1.08685 -1.9225
1.02645 -1.96473
0.964723 -2.00484
0.901735 -2.04272
0.837558 -2.07825
0.772264 -2.11132
0.70593 -2.14184
0.638639 -2.16971
0.570471 -2.19485
0.501514 -2.21719
0.431854 -2.23665
0.361584 -2.25317
0.290794 -2.26672
0.219579 -2.27723
0.148033 -2.28469
0.0762528 -2.28906
0.00433543 -2.29033
-0.0676219 -2.2885
-0.139522 -2.28357
-0.211267 -2.27555
-0.282759 -2.26447
-0.353904 -2.25035
-0.424605 -2.23325
-0.494769 -2.2132
-0.564303 -2.19026
-0.633116 -2.16451
-0.701121 -2.13602
-0.76823 -2.10487
-0.83436 -2.07115
-0.899431 -2.03496
-0.963365 -1.9964
-1.02609 -1.95559
-1.08753 -1.91265
-1.14762 -1.86769
-1.2063 -1.82084
-1.26351 -1.77225
-1.31919 -1.72204
-1.37329 -1.67036
-1.42577 -1.61735
-1.47658 -1.56316
-1.52569 -1.50794
-1.57307 -1.45183
-1.61868 -1.395
-1.66251 -1.33758
-1.70453 -1.27975
-1.74474 -1.22163
-1.78312 -1.16339
-1.81967 -1.10518
-1.85439 -1.04713
-1.88729 -0.989392
-1.91838 -0.932107
-1.94766 -0.875407
-1.97517 -0.819425
-2.00091 -0.764286
-2.02492 -0.710112
-2.04723 -0.657016
-2.06788 -0.605109
-2.08689 -0.554491
-2.10431 -0.50526
-2.12018 -0.457502
-2.13456 -0.411298
-2.14748 -0.366722
-2.159 -0.323837
-2.16917 -0.282702
-2.17806 -0.243362
-2.1857 -0.20586
-2.19217 -0.170224
-2.19752 -0.136479
-2.2018 -0.104636
-2.20509 -0.0747022
-2.20744 -0.0466724
-2.20891 -0.0205346
-2.20955 0.00373218
-2.20943 0.0261571
-2.20861 0.0467776
-2.20714 0.065639
-2.20508 0.0827945
-2.20248 0.0983045
-2.19939 0.112237
-2.19586 0.124666
-2.19195 0.135673
-2.18768 0.145344
-2.18312 0.153774
-2.17829 0.161058
-2.17323 0.167301
-2.16797 0.172608
-2.16255 0.177092
-2.15698 0.180866
-2.1513 0.184047
-2.14552 0.186755
-2.13965 0.189109
-2.13371 0.191234
-2.1277 0.193251
-2.12163 0.195283
-2.11549 0.197454
-2.10929 0.199884
-2.10301 0.202693
-2.09664 0.206
-2.09017 0.20992
-2.08358 0.214564
-2.07683 0.220042
-2.06992 0.226458
-2.06281 0.233912
-2.05546 0.242498
-2.04784 0.252306
-2.03991 0.26342
-2.03164 0.275916
-2.02297 0.289865
-2.01386 0.305331
-2.00427 0.322369
-1.99414 0.341028
-1.98343 0.361349
-1.97207 0.383365
-1.96003 0.407101
-1.94724 0.432572
-1.93365 0.459785
-1.9192 0.488741
-1.90385 0.51943
-1.88753 0.551832
-1.87019 0.585922
-1.85178 0.621664
-1.83225 0.659015
-1.81155 0.697921
-1.78962 0.738322
-1.76642 0.78015
-1.74191 0.82333
-1.71604 0.867776
-1.68878 0.913398
-1.66008 0.960098
-1.62992 1.00777
-1.59826 1.05631
-1.56507 1.10559
-1.53033 1.1555
-1.49403 1.20591
-1.45614 1.25668
-1.41666 1.30769
-1.37558 1.35879
-1.33289 1.40984
-1.28859 1.46069
-1.2427 1.51121
-1.19522 1.56125
-1.14617 1.61064
-1.09557 1.65926
-1.04344 1.70695
-0.989808 1.75356
-0.934715 1.79894
-0.878196 1.84297
-0.820294 1.88548
-0.761056 1.92635
-0.700535 1.96543
-0.638785 2.00261
-0.575867 2.03776
-0.511845 2.07074
-0.446787 2.10146
-0.380764 2.1298
-0.31385 2.15566
-0.246124 2.17894
-0.177666 2.19955
-0.108561 2.21742
-0.0388944 2.23247
0.0312451 2.24464
0.101767 2.25388
0.172579 2.26012
0.243587 2.26335
0.314697 2.26351
0.385811 2.26061
0.456835 2.25462
0.52767 2.24554
0.59822 2.23339
0.668389 2.21817
0.738079 2.19992
0.807195 2.17866
0.875644 2.15445
0.943333 2.12734
1.01017 2.09739
1.07606 2.06466
1.14093 2.02925
1.20469 1.99122
1.26725 1.95069
1.32853 1.90775
1.38847 1.8625
1.44699 1.81507
1.50401 1.76557
1.55948 1.71413
1.61334 1.66089
1.66552 1.60597
1.71597 1.54952
1.76466 1.49169
1.81152 1.43261
1.85653 1.37245
1.89965 1.31135
1.94085 1.24947
1.98011 1.18696
2.0174 1.12397
2.05271 1.06066
2.08603 0.997193
2.11736 0.933708
2.1467 0.870361
2.17404 0.807299
2.19941 0.744668
2.2228 0.682609
2.24425 0.621261
2.26377 0.560756
2.28139 0.501224
2.29713 0.442785
2.31104 0.385559
2.32316 0.329656
2.33351 0.275179
2.34216 0.222226
2.34914 0.170888
2.35451 0.121245
2.35832 0.073374
2.36063 0.0273396
2.36148 -0.0167996
2.36096 -0.058994
2.3591 -0.0992027
2.35599 -0.137393
2.35167 -0.173542
2.34622 -0.207635
2.33969 -0.239666
2.33216 -0.269637
2.32369 -0.297561
2.31434 -0.323457
2.30418 -0.347354
2.29327 -0.369288
2.28167 -0.389304
2.26944 -0.407456
2.25663 -0.423802
2.24332 -0.438411
2.22955 -0.451356
2.21536 -0.462719
2.20083 -0.472586
2.18598 -0.48105
2.17087 -0.488208
2.15553 -0.494164
2.14 -0.499026
2.12432 -0.502903
2.10852 -0.50591
2.09263 -0.508165
2.07666 -0.509788
2.06065 -0.5109
2.0446 -0.511624
2.02852 -0.512084
2.01243 -0.512402
1.99633 -0.512703
1.98023 -0.51311
1.96411 -0.513742
1.94797 -0.514719
1.93179 -0.516158
1.91558 -0.518172
1.8993 -0.52087
1.88293 -0.524359
1.86646 -0.528739
1.84985 -0.534107
1.83307 -0.540554
1.81608 -0.548165
1.79886 -0.557019
1.78136 -0.567188
1.76354 -0.578736
1.74536 -0.591723
1.72677 -0.606199
1.70772 -0.622206
1.68817 -0.63978
1.66807 -0.658947
1.64737 -0.679725
1.62602 -0.702124
1.60396 -0.726146
1.58114 -0.751783
1.55752 -0.77902
1.53305 -0.807832
1.50767 -0.838186
1.48133 -0.870041
1.454 -0.903347
1.42562 -0.938047
1.39615 -0.974075
1.36554 -1.01136
1.33377 -1.04981
1.30078 -1.08936
1.26656 -1.12989
1.23106 -1.17131
1.19426 -1.21351
1.15613 -1.25638
1.11666 -1.2998
1.07582 -1.34365
1.03361 -1.38779
0.990009 -1.4321
0.945015 -1.47645
0.898628 -1.52068
0.850852 -1.56466
0.801693 -1.60826
0.751165 -1.65132
0.69931 -1.69368
0.646124 -1.73521
0.591634 -1.77578
0.535869 -1.81524
0.478866 -1.85344
0.420663 -1.89025
0.361304 -1.92554
0.300838 -1.95915
0.239315 -1.99098
0.176793 -2.02088
0.113332 -2.04874
0.0489966 -2.07444
-0.0161461 -2.09787
-0.0820245 -2.11892
-0.148564 -2.1375
-0.215687 -2.15352
-0.283313 -2.16688
-0.351359 -2.17752
-0.419739 -2.18536
-0.488365 -2.19035
-0.557148 -2.19243
-0.625995 -2.19156
-0.694816 -2.18769
-0.763515 -2.18082
-0.831999 -2.17092
-0.900171 -2.15797
-0.967937 -2.142
-1.0352 -2.12299
-1.10187 -2.10099
-1.16784 -2.076
-1.23304 -2.04808
-1.29735 -2.01728
-1.3607 -1.98364
-1.42299 -1.94723
-1.48414 -1.90812
-1.54406 -1.86641
-1.60267 -1.82217
-1.65989 -1.7755
-1.71564 -1.72651
-1.76986 -1.67531
-1.82247 -1.62202
-1.87341 -1.56676
-1.92261 -1.50966
-1.97001 -1.45085
-2.01557 -1.39047
-2.05924 -1.32867
-2.10096 -1.26559
-2.1407 -1.20138
-2.17843 -1.1362
-2.21411 -1.07019
-2.24772 -1.00352
-2.27923 -0.936345
-2.30863 -0.868814
-2.33592 -0.801087
-2.36107 -0.733321
-2.3841 -0.665669
-2.405 -0.598285
-2.42379 -0.531318
-2.44048 -0.464915
-2.45508 -0.39922
-2.46761 -0.334373
-2.47811 -0.270507
-2.48661 -0.207754
-2.49313 -0.146237
-2.49772 -0.0860753
-2.50043 -0.0273807
-2.50129 0.029741
-2.50035 0.0851914
-2.49768 0.138879
-2.49332 0.190721
-2.48733 0.240641
-2.47977 0.288571
-2.47071 0.334454
-2.46021 0.378237
-2.44833 0.41988
-2.43514 0.459349
-2.42072 0.496619
-2.40512 0.531676
-2.38843 0.564513
-2.3707 0.595131
-2.35201 0.623542
-2.33243 0.649766
-2.31203 0.67383
-2.29087 0.69577
-2.26902 0.715633
-2.24655 0.733469
-2.22351 0.749338
-2.19998 0.763309
-2.17601 0.775454
-2.15166 0.785856
-2.12698 0.794601
-2.10203 0.801782
-2.07685 0.807497
-2.05149 0.81185
-2.026 0.814948
-2.00041 0.816902
-1.97476 0.817829
-1.94907 0.817846
-1.92339 0.817074
-1.89773 0.815635
-1.87212 0.813654
-1.84657 0.811254
-1.82109 0.808562
-1.7957 0.805701
-1.7704 0.802795
-1.74519 0.799967
-1.72007 0.797338
-1.69503 0.795026
-1.67007 0.793145
-1.64516 0.791808
-1.6203 0.791123
-1.59545 0.791192
-1.57061 0.792115
-1.54573 0.793984
-1.5208 0.796887
-1.49577 0.800905
-1.47062 0.806113
-1.44531 0.812579
-1.41979 0.820364
-1.39403 0.82952
-1.36798 0.840094
-1.3416 0.852124
-1.31484 0.865639
-1.28766 0.88066
-1.26 0.897202
-1.23183 0.915267
-1.20309 0.934853
-1.17373 0.955947
-1.14371 0.978528
-1.11298 1.00257
-1.0815 1.02803
-1.04922 1.05486
-1.01609 1.08301
-0.982083 1.11242
-0.94715 1.14302
-0.911256 1.17473
-0.874366 1.20747
-0.836448 1.24115
-0.797473 1.27566
-0.757414 1.3109
-0.716248 1.34678
-0.673956 1.38316
-0.630521 1.41993
-0.585932 1.45697
-0.540179 1.49415
-0.493259 1.53133
-0.445171 1.56839
-0.39592 1.60518
-0.345513 1.64157
-0.293963 1.67742
-0.241288 1.71258
-0.187508 1.74692
-0.13265 1.78029
-0.0767447 1.81256
-0.0198256 1.84358
0.0380677 1.87322
0.0968918 1.90135
0.156599 1.92784
0.217138 1.95255
0.278454 1.97537
0.340485 1.99617
0.40317 2.01485
0.466442 2.03129
0.530229 2.04539
0.59446 2.05707
0.659057 2.06622
0.723942 2.07277
0.789032 2.07664
0.854244 2.07778
0.919492 2.07611
0.984687 2.07159
1.04974 2.06418
1.11456 2.05386
1.17906 2.04058
1.24314 2.02435
1.30671 2.00515
1.36967 1.98299
1.43194 1.95788
1.49343 1.92985
1.55403 1.89893
1.61366 1.86515
1.67223 1.82858
1.72965 1.78926
1.78584 1.74726
1.84071 1.70267
1.89418 1.65556
1.94617 1.60603
1.9966 1.55417
2.0454 1.50009
2.09251 1.44391
2.13785 1.38575
2.18137 1.32572
2.223 1.26397
2.26269 1.20062
2.30039 1.13582
2.33606 1.06972
2.36965 1.00245
2.40113 0.934187
2.43047 0.865067
2.45763 0.795252
2.48261 0.724899
2.50537 0.654167
2.52591 0.583214
2.54423 0.512198
2.56031 0.441277
2.57417 0.370607
2.58581 0.300342
2.59524 0.230635
2.60248 0.161632
2.60756 0.0934804
2.61049 0.0263198
2.61132 -0.0397132
2.61007 -0.104487
2.60679 -0.167877
2.60152 -0.229762
2.5943 -0.290029
2.5852 -0.348571
2.57425 -0.40529
2.56152 -0.460091
2.54708 -0.512892
2.53097 -0.563615
2.51327 -0.612192
2.49405 -0.658563
2.47337 -0.702677
2.4513 -0.744491
2.42792 -0.783972
2.4033 -0.821095
2.37752 -0.855843
2.35064 -0.888211
2.32275 -0.918199
2.29392 -0.945819
2.26421 -0.97109
2.23372 -0.99404
2.2025 -1.01471
2.17064 -1.03313
2.1382 -1.04937
2.10524 -1.06348
2.07185 -1.07554
2.03807 -1.08561
2.00398 -1.09378
1.96963 -1.10013
1.93509 -1.10476
1.9004 -1.10777
1.86561 -1.10926
1.83077 -1.10934
1.79594 -1.10813
1.76114 -1.10574
1.72642 -1.10229
1.6918 -1.0979
1.65733 -1.0927
1.62301 -1.08682
1.58888 -1.08037
1.55496 -1.07349
1.52125 -1.0663
1.48776 -1.05893
1.45451 -1.0515
1.42149 -1.04414
1.3887 -1.03697
1.35614 -1.03011
1.32379 -1.02366
1.29164 -1.01775
1.25968 -1.01247
1.22789 -1.00793
1.19624 -1.00422
1.1647 -1.00144
1.13325 -0.999667
1.10186 -0.998982
1.07049 -0.999455
1.03911 -1.00115
1.00767 -1.00413
0.976135 -1.00843
0.944468 -1.0141
0.912623 -1.02118
0.880555 -1.02969
0.84822 -1.03964
0.815573 -1.05104
0.782567 -1.0639
0.749158 -1.0782
0.7153 -1.09393
0.680947 -1.11107
0.646057 -1.12957
0.610586 -1.14939
0.574492 -1.1705
0.537735 -1.19282
0.500277 -1.21629
0.462083 -1.24085
0.423117 -1.2664
0.383348 -1.29286
0.342749 -1.32015
0.301293 -1.34815
0.258958 -1.37676
0.215724 -1.40588
0.171576 -1.43538
0.126501 -1.46514
0.0804919 -1.49505
0.0335434 -1.52497
-0.0143448 -1.55478
-0.0631689 -1.58434
-0.112921 -1.61351
-0.16359 -1.64216
-0.215157 -1.67015
-0.267604 -1.69734
-0.320905 -1.7236
-0.375031 -1.74879
-0.429948 -1.77278
-0.485618 -1.79543
-0.541999 -1.81661
-0.599045 -1.8362
-0.656707 -1.85406
-0.714929 -1.87009
-0.773655 -1.88416
-0.832822 -1.89617
-0.892367 -1.906
-0.95222 -1.91357
-1.01231 -1.91878
-1.07257 -1.92153
-1.13291 -1.92177
-1.19326 -1.9194
-1.25353 -1.91438
-1.31365 -1.90663
-1.37352 -1.89613
-1.43306 -1.88282
-1.49219 -1.86669
-1.55081 -1.8477
-1.60883 -1.82585
-1.66617 -1.80113
-1.72273 -1.77355
-1.77842 -1.74313
-1.83316 -1.70989
-1.88685 -1.67386
-1.93942 -1.6351
-1.99076 -1.59364
-2.04081 -1.54955
-2.08947 -1.5029
-2.13666 -1.45377
-2.18232 -1.40224
-2.22635 -1.34841
-2.26869 -1.29238
-2.30928 -1.23425
-2.34804 -1.17414
-2.38491 -1.11217
-2.41983 -1.04847
-2.45276 -0.983175
-2.48363 -0.916417
-2.51241 -0.848342
-2.53905 -0.779094
-2.56351 -0.708825
-2.58577 -0.637687
-2.6058 -0.565836
-2.62357 -0.49343
-2.63906 -0.420626
-2.65227 -0.347584
-2.66318 -0.274466
-2.6718 -0.201429
-2.67813 -0.128632
-2.68217 -0.0562331
-2.68393 0.0156132
-2.68344 0.0867542
-2.68072 0.15704
-2.67579 0.226326
-2.66868 0.29447
-2.65943 0.361334
-2.64809 0.426786
-2.63468 0.490702
-2.61927 0.552958
-2.60191 0.613443
-2.58265 0.672049
-2.56154 0.728675
-2.53866 0.783228
-2.51407 0.835625
-2.48782 0.885788
-2.46001 0.933649
-2.43069 0.979148
-2.39994 1.02223
-2.36784 1.06286
-2.33446 1.101
-2.29989 1.13663
-2.2642 1.16972
-2.22746 1.20028
-2.18977 1.2283
-2.1512 1.2538
-2.11183 1.2768
-2.07173 1.29732
-2.03099 1.31541
-1.98969 1.3311
-1.94789 1.34446
-1.90567 1.35554
-1.8631 1.36441
-1.82025 1.37115
-1.7772 1.37584
-1.73399 1.37857
-1.6907 1.37944
-1.64738 1.37854
-1.60409 1.37598
-1.56088 1.37188
-1.5178 1.36635
-1.4749 1.3595
-1.4322 1.35146
-1.38977 1.34235
-1.34761 1.3323
-1.30577 1.32144
-1.26428 1.30989
-1.22314 1.29779
-1.18239 1.28526
-1.14203 1.27244
-1.10207 1.25944
-1.06252 1.24641
-1.02338 1.23345
-0.984649 1.2207
-0.946315 1.20827
-0.908373 1.19626
-0.870807 1.1848
-0.833601 1.17399
-0.796735 1.16392
-0.760185 1.1547
-0.723924 1.1464
-0.687924 1.13911
-0.652153 1.13291
-0.616577 1.12786
-0.581159 1.12403
-0.545862 1.12146
-0.510645 1.1202
-0.475468 1.12029
-0.440288 1.12176
-0.405062 1.12463
-0.369746 1.1289
-0.334295 1.1346
-0.298666 1.1417
-0.262814 1.1502
-0.226694 1.16008
-0.190265 1.1713
-0.153483 1.18384
-0.116307 1.19763
-0.0786985 1.21263
-0.0406187 1.22878
-0.00203191 1.246
0.0370958 1.26423
0.0767959 1.28337
0.117097 1.30334
0.158026 1.32405
0.199604 1.34538
0.241853 1.36724
0.284788 1.38951
0.328422 1.41208
0.372765 1.43482
0.417822 1.45761
0.463595 1.48032
0.510081 1.50283
0.557274 1.525
0.605163 1.54671
0.653733 1.56781
0.702967 1.58817
0.752839 1.60766
0.803324 1.62614
0.854389 1.64349
0.905999 1.65957
0.958114 1.67426
1.01069 1.68743
1.06368 1.69896
1.11703 1.70874
1.17069 1.71664
1.2246 1.72257
1.27869 1.72642
1.3329 1.7281
1.38717 1.72751
1.44142 1.72458
1.49558 1.71922
1.54956 1.71137
1.60331 1.70096
1.65672 1.68795
1.70973 1.67228
1.76224 1.65393
1.81418 1.63286
1.86545 1.60905
1.91598 1.5825
1.96568 1.55321
2.01445 1.52118
2.06222 1.48642
2.1089 1.44898
2.1544 1.40887
2.19864 1.36616
2.24154 1.32088
2.28302 1.27311
2.323 1.2229
2.3614 1.17035
2.39815 1.11554
2.43319 1.05856
2.46643 0.999517
2.49781 0.938518
2.52729 0.875679
2.55478 0.811123
2.58026 0.744978
2.60365 0.677378
2.62492 0.608461
2.64403 0.538371
2.66094 0.467254
2.67561 0.395262
2.68802 0.322548
2.69815 0.249269
2.70598 0.175582
2.71149 0.101647
2.71468 0.0276245
2.71555 -0.0463263
2.7141 -0.120045
2.71033 -0.193372
2.70425 -0.266151
2.6959 -0.338225
2.68527 -0.409443
2.67242 -0.479654
2.65735 -0.548712
2.64012 -0.616476
2.62076 -0.682809
2.59932 -0.747577
2.57585 -0.810656
2.55039 -0.871924
2.52301 -0.931267
2.49376 -0.98858
2.46272 -1.04376
2.42994 -1.09672
2.3955 -1.14737
2.35947 -1.19563
2.32193 -1.24145
2.28294 -1.28475
2.2426 -1.32549
2.20098 -1.36362
2.15815 -1.39912
2.11422 -1.43195
2.06925 -1.46211
2.02334 -1.48959
1.97656 -1.51439
1.92901 -1.53652
1.88075 -1.55601
1.83189 -1.57288
1.7825 -1.58718
1.73266 -1.59895
1.68245 -1.60824
1.63194 -1.61512
1.58123 -1.61966
1.53036 -1.62194
1.47943 -1.62204
1.42849 -1.62005
1.37762 -1.61608
1.32687 -1.61021
1.27631 -1.60257
1.22598 -1.59326
1.17595 -1.5824
1.12626 -1.57012
1.07695 -1.55653
1.02807 -1.54176
0.979658 -1.52595
0.931739 -1.50922
0.884345 -1.49171
0.837502 -1.47354
0.791229 -1.45486
0.745543 -1.43578
0.700456 -1.41645
0.655975 -1.39699
0.612106 -1.37753
0.568848 -1.35819
0.526197 -1.3391
0.484146 -1.32037
0.442683 -1.30211
0.401794 -1.28444
0.361459 -1.26745
0.321658 -1.25125
0.282366 -1.23592
0.243555 -1.22155
0.205195 -1.20822
0.167253 -1.19601
0.129696 -1.18497
0.0924846 -1.17516
0.0555814 -1.16664
0.0189459 -1.15944
-0.0174635 -1.1536
-0.0536896 -1.14914
-0.0897755 -1.14608
-0.125765 -1.14442
-0.161703 -1.14417
-0.197633 -1.14532
-0.233599 -1.14785
-0.269644 -1.15173
-0.305812 -1.15693
-0.342142 -1.16341
-0.378676 -1.17111
-0.415452 -1.17999
-0.452507 -1.18997
-0.489875 -1.20099
-0.52759 -1.21296
-0.56568 -1.2258
-0.604173 -1.23941
-0.643094 -1.25371
-0.682463 -1.26857
-0.7223 -1.28391
-0.762618 -1.2996
-0.803429 -1.31552
-0.844739 -1.33156
-0.886554 -1.3476
-0.928872 -1.36351
-0.97169 -1.37915
-1.015 -1.3944
-1.05879 -1.40913
-1.10304 -1.42321
-1.14773 -1.43651
-1.19284 -1.4489
-1.23834 -1.46024
-1.28419 -1.47042
-1.33037 -1.4793
-1.37682 -1.48677
-1.42351 -1.49271
-1.47039 -1.497
-1.5174 -1.49953
-1.56449 -1.5002
-1.6116 -1.4989
-1.65867 -1.49555
-1.70563 -1.49006
-1.75242 -1.48234
-1.79897 -1.47231
-1.8452 -1.45993
-1.89105 -1.44511
-1.93643 -1.42782
-1.98127 -1.40801
-2.02548 -1.38564
-2.069 -1.36069
-2.11173 -1.33315
-2.15359 -1.30299
-2.19451 -1.27023
-2.2344 -1.23487
-2.27317 -1.19693
-2.31076 -1.15644
-2.34708 -1.11343
-2.38204 -1.06796
-2.41558 -1.02007
-2.44761 -0.969825
-2.47806 -0.917301
-2.50687 -0.862576
-2.53396 -0.805737
-2.55926 -0.746879
-2.58271 -0.686105
-2.60426 -0.623526
-2.62384 -0.559256
-2.6414 -0.493419
-2.6569 -0.426143
-2.67028 -0.357563
-2.68151 -0.287817
-2.69054 -0.217049
-2.69736 -0.145405
-2.70193 -0.0730378
-2.70422 -9.97409e-05
-2.70422 0.0732526
-2.70192 0.146861
-2.69731 0.220567
-2.69038 0.29421
-2.68115 0.367629
-2.6696 0.440666
-2.65576 0.513162
-2.63965 0.584959
-2.62128 0.655902
-2.60068 0.725838
-2.57789 0.79462
-2.55294 0.8621
-2.52586 0.928138
-2.49672 0.992598
-2.46555 1.05535
-2.43241 1.11626
-2.39735 1.17522
-2.36045 1.23211
-2.32176 1.28682
-2.28135 1.33926
-2.23929 1.38934
-2.19566 1.43696
-2.15054 1.48206
-2.104 1.52458
-2.05612 1.56444
-2.00699 1.6016
-1.9567 1.63602
-1.90532 1.66767
-1.85296 1.69653
-1.79968 1.72258
-1.74559 1.74583
-1.69076 1.76626
-1.6353 1.7839
-1.57928 1.79878
-1.52279 1.81091
-1.46592 1.82035
-1.40876 1.82714
-1.35138 1.83134
-1.29388 1.83302
-1.23631 1.83224
-1.17878 1.82909
-1.12134 1.82365
-1.06407 1.81602
-1.00704 1.8063
-0.950321 1.79459
-0.893966 1.78101
-0.838038 1.76566
-0.782592 1.74867
-0.727679 1.73016
-0.673347 1.71027
-0.619641 1.68911
-0.566598 1.66683
-0.514255 1.64355
-0.462644 1.61941
-0.41179 1.59455
-0.361717 1.56911
-0.312443 1.54321
-0.263982 1.51699
-0.216345 1.49059
-0.169536 1.46413
-0.123559 1.43775
-0.0784099 1.41156
-0.0340831 1.3857
0.00943138 1.36027
0.0521473 1.33539
0.0940818 1.31116
0.135256 1.28769
0.175692 1.26507
0.215419 1.24339
0.254464 1.22274
0.292862 1.20319
0.330645 1.18481
0.367851 1.16766
0.404519 1.15179
0.440688 1.13726
0.476401 1.12408
0.5117 1.11231
0.546629 1.10195
0.581233 1.09301
0.615557 1.08551
0.649645 1.07944
0.683542 1.07478
0.717293 1.07151
0.750941 1.0696
0.784529 1.06902
0.818099 1.06971
0.851691 1.07163
0.885343 1.07471
0.919092 1.07889
0.952971 1.08408
0.987014 1.09021
1.02125 1.09719
1.0557 1.10493
1.0904 1.11332
1.12536 1.12226
1.16061 1.13164
1.19614 1.14134
1.23198 1.15126
1.26814 1.16127
1.3046 1.17124
1.34138 1.18106
1.37847 1.19059
1.41586 1.19971
1.45353 1.20829
1.49148 1.2162
1.52967 1.22331
1.56808 1.2295
1.60669 1.23465
1.64546 1.23862
1.68436 1.24131
1.72334 1.2426
1.76236 1.24236
1.80137 1.2405
1.84033 1.23691
1.87917 1.2315
1.91784 1.22416
1.95629 1.21483
1.99443 1.2034
2.03222 1.18982
2.06959 1.17402
2.10646 1.15593
2.14275 1.13552
2.17841 1.11273
2.21335 1.08753
2.24751 1.0599
2.28079 1.02982
2.31313 0.997284
2.34445 0.962293
2.37466 0.924856
2.40371 0.884993
2.4315 0.842731
2.45796 0.798107
2.48303 0.751168
2.50661 0.701967
2.52866 0.650568
2.54909 0.597043
2.56784 0.54147
2.58484 0.483937
2.60004 0.424541
2.61337 0.363382
2.62478 0.300571
2.63422 0.236224
2.64164 0.170463
2.64699 0.103416
2.65024 0.035217
2.65134 -0.0339955
2.65027 -0.104079
2.64701 -0.174886
2.64151 -0.246267
2.63378 -0.318069
2.62379 -0.390135
2.61154 -0.46231
2.59702 -0.534434
2.58024 -0.606348
2.5612 -0.677893
2.53991 -0.74891
2.51639 -0.819242
2.49067 -0.888731
2.46276 -0.957225
2.4327 -1.02457
2.40053 -1.09062
2.36628 -1.15523
2.33 -1.21826
2.29174 -1.27958
2.25156 -1.33905
2.20951 -1.39655
2.16566 -1.45196
2.12006 -1.50517
2.07279 -1.55608
2.02393 -1.60458
1.97354 -1.6506
1.92171 -1.69404
1.86851 -1.73483
1.81403 -1.7729
1.75836 -1.80821
1.70158 -1.8407
1.64377 -1.87034
1.58504 -1.89709
1.52547 -1.92093
1.46515 -1.94185
1.40417 -1.95986
1.34262 -1.97495
1.2806 -1.98714
1.2182 -1.99647
1.15551 -2.00295
1.09261 -2.00665
1.0296 -2.00759
0.966552 -2.00586
0.903563 -2.00151
0.84071 -1.99461
0.778074 -1.98526
0.715732 -1.97354
0.653758 -1.95955
0.592223 -1.94339
0.531195 -1.92516
0.47074 -1.90499
0.410919 -1.88299
0.351788 -1.85928
0.293402 -1.834
0.23581 -1.80726
0.179057 -1.77921
0.123185 -1.74998
0.0682313 -1.71971
0.0142281 -1.68853
-0.0387961 -1.65659
-0.0908171 -1.62402
-0.141815 -1.59096
-0.191776 -1.55756
-0.240687 -1.52394
-0.288543 -1.49024
-0.33534 -1.4566
-0.381081 -1.42314
-0.425771 -1.38999
-0.469421 -1.35726
-0.512042 -1.32507
-0.553653 -1.29354
-0.594273 -1.26278
-0.633928 -1.23286
-0.672643 -1.20391
-0.710449 -1.17599
-0.747378 -1.14919
-0.783465 -1.12359
-0.818749 -1.09924
-0.853268 -1.07621
-0.887064 -1.05454
-0.920179 -1.03428
-0.952658 -1.01545
-0.984546 -0.998092
-1.01589 -0.982209
-1.04673 -0.967812
-1.07712 -0.954901
-1.10711 -0.943466
-1.13674 -0.933489
-1.16605 -0.924945
-1.1951 -0.917798
-1.22392 -0.912007
-1.25256 -0.907522
-1.28106 -0.904284
-1.30945 -0.902229
-1.33779 -0.901285
-1.36609 -0.901373
-1.39439 -0.902409
-1.42273 -0.904301
-1.45113 -0.906953
-1.47961 -0.910263
-1.5082 -0.914126
-1.5369 -0.918429
-1.56574 -0.92306
-1.59473 -0.927901
-1.62387 -0.932832
-1.65316 -0.937729
-1.68261 -0.94247
-1.7122 -0.946928
-1.74194 -0.950979
-1.7718 -0.954496
-1.80178 -0.957353
-1.83184 -0.959428
-1.86197 -0.960597
-1.89213 -0.960739
-1.9223 -0.959737
-1.95244 -0.957476
-1.98251 -0.953846
-2.01246 -0.94874
-2.04226 -0.942055
-2.07184 -0.933696
-2.10116 -0.92357
-2.13016 -0.911593
-2.15879 -0.897687
-2.18698 -0.881778
-2.21467 -0.863802
-2.24179 -0.843702
-2.26829 -0.821428
-2.29408 -0.796939
-2.31911 -0.770201
-2.34329 -0.741189
-2.36657 -0.709887
-2.38886 -0.676287
-2.4101 -0.64039
