-5 -5 -0.25 0.25
-5 -4.8 -0.24 0.245
-5 -4.6 -0.23 0.24
-5 -4.4 -0.22 0.235
-5 -4.2 -0.21 0.23
-5 -4 -0.2 0.225
-5 -3.8 -0.19 0.22
-5 -3.6 -0.18 0.215
-5 -3.4 -0.17 0.21
-5 -3.2 -0.16 0.205
-5 -3 -0.15 0.2
-5 -2.8 -0.14 0.195
-5 -2.6 -0.13 0.19
-5 -2.4 -0.12 0.185
-5 -2.2 -0.11 0.18
-5 -2 -0.1 0.175
-5 -1.8 -0.09 0.17
-5 -1.6 -0.08 0.165
-5 -1.4 -0.07 0.16
-5 -1.2 -0.06 0.155
-5 -1 -0.05 0.15
-5 -0.8 -0.04 0.145
-5 -0.6 -0.03 0.14
-5 -0.4 -0.02 0.135
-5 -0.2 -0.01 0.13
-5 -2.68221e-07 -1.3411e-08 0.125
-5 0.2 0.00999999 0.12
-5 0.4 0.02 0.115
-5 0.6 0.03 0.11
-5 0.8 0.04 0.105
-5 1 0.05 0.1
-5 1.2 0.06 0.095
-5 1.4 0.07 0.09
-5 1.6 0.08 0.085
-5 1.8 0.09 0.08
-5 2 0.1 0.075
-5 2.2 0.11 0.07
-5 2.4 0.12 0.065
-5 2.6 0.13 0.06
-5 2.8 0.14 0.055
-5 3 0.15 0.05
-5 3.2 0.16 0.045
-5 3.4 0.17 0.04
-5 3.6 0.18 0.035
-5 3.8 0.19 0.03
-5 4 0.2 0.025
-5 4.2 0.21 0.02
-5 4.4 0.22 0.015
-5 4.6 0.23 0.01
-5 4.8 0.24 0.00500002
-5 5 0.25 2.38419e-08
-4.8 -5 -0.25 0.245
-4.8 -4.8 -0.24 0.24
-4.8 -4.6 -0.23 0.235
-4.8 -4.4 -0.22 0.23
-4.8 -4.2 -0.21 0.225
-4.8 -4 -0.2 0.22
-4.8 -3.8 -0.19 0.215
-4.8 -3.6 -0.18 0.21
-4.8 -3.4 -0.17 0.205
-4.8 -3.2 -0.16 0.2
-4.8 -3 -0.15 0.195
-4.8 -2.8 -0.14 0.19
-4.8 -2.6 -0.13 0.185
-4.8 -2.4 -0.12 0.18
-4.8 -2.2 -0.11 0.175
-4.8 -2 -0.1 0.17
-4.8 -1.8 -0.09 0.165
-4.8 -1.6 -0.08 0.16
-4.8 -1.4 -0.07 0.155
-4.8 -1.2 -0.06 0.15
-4.8 -1 -0.05 0.145
-4.8 -0.8 -0.04 0.14
-4.8 -0.6 -0.03 0.135
-4.8 -0.4 -0.02 0.13
-4.8 -0.2 -0.01 0.125
-4.8 -2.68221e-07 -1.3411e-08 0.12
-4.8 0.2 0.00999999 0.115
-4.8 0.4 0.02 0.11
-4.8 0.6 0.03 0.105
-4.8 0.8 0.04 0.1
-4.8 1 0.05 0.095
-4.8 1.2 0.06 0.09
-4.8 1.4 0.07 0.085
-4.8 1.6 0.08 0.08
-4.8 1.8 0.09 0.075
-4.8 2 0.1 0.07
-4.8 2.2 0.11 0.065
-4.8 2.4 0.12 0.06
-4.8 2.6 0.13 0.055
-4.8 2.8 0.14 0.05
-4.8 3 0.15 0.045
-4.8 3.2 0.16 0.04
-4.8 3.4 0.17 0.035
-4.8 3.6 0.18 0.03
-4.8 3.8 0.19 0.025
-4.8 4 0.2 0.02
-4.8 4.2 0.21 0.015
-4.8 4.4 0.22 0.01
-4.8 4.6 0.23 0.00500002
-4.8 4.8 0.24 2.38419e-08
-4.8 5 0.25 -0.00499997
-4.6 -5 -0.25 0.24
-4.6 -4.8 -0.24 0.235
-4.6 -4.6 -0.23 0.23
-4.6 -4.4 -0.22 0.225
-4.6 -4.2 -0.21 0.22
-4.6 -4 -0.2 0.215
-4.6 -3.8 -0.19 0.21
-4.6 -3.6 -0.18 0.205
-4.6 -3.4 -0.17 0.2
-4.6 -3.2 -0.16 0.195
-4.6 -3 -0.15 0.19
-4.6 -2.8 -0.14 0.185
-4.6 -2.6 -0.13 0.18
-4.6 -2.4 -0.12 0.175
-4.6 -2.2 -0.11 0.17
-4.6 -2 -0.1 0.165
-4.6 -1.8 -0.09 0.16
-4.6 -1.6 -0.08 0.155
-4.6 -1.4 -0.07 0.15
-4.6 -1.2 -0.06 0.145
-4.6 -1 -0.05 0.14
-4.6 -0.8 -0.04 0.135
-4.6 -0.6 -0.03 0.13
-4.6 -0.4 -0.02 0.125
-4.6 -0.2 -0.01 0.12
-4.6 -2.68221e-07 -1.3411e-08 0.115
-4.6 0.2 0.00999999 0.11
-4.6 0.4 0.02 0.105
-4.6 0.6 0.03 0.1
-4.6 0.8 0.04 0.095
-4.6 1 0.05 0.09
-4.6 1.2 0.06 0.085
-4.6 1.4 0.07 0.08
-4.6 1.6 0.08 0.075
-4.6 1.8 0.09 0.07
-4.6 2 0.1 0.065
-4.6 2.2 0.11 0.06
-4.6 2.4 0.12 0.055
-4.6 2.6 0.13 0.05
-4.6 2.8 0.14 0.045
-4.6 3 0.15 0.04
-4.6 3.2 0.16 0.035
-4.6 3.4 0.17 0.03
-4.6 3.6 0.18 0.025
-4.6 3.8 0.19 0.02
-4.6 4 0.2 0.015
-4.6 4.2 0.21 0.01
-4.6 4.4 0.22 0.00500002
-4.6 4.6 0.23 2.38419e-08
-4.6 4.8 0.24 -0.00499997
-4.6 5 0.25 -0.00999997
-4.4 -5 -0.25 0.235
-4.4 -4.8 -0.24 0.23
-4.4 -4.6 -0.23 0.225
-4.4 -4.4 -0.22 0.22
-4.4 -4.2 -0.21 0.215
-4.4 -4 -0.2 0.21
-4.4 -3.8 -0.19 0.205
-4.4 -3.6 -0.18 0.2
-4.4 -3.4 -0.17 0.195
-4.4 -3.2 -0.16 0.19
-4.4 -3 -0.15 0.185
-4.4 -2.8 -0.14 0.18
-4.4 -2.6 -0.13 0.175
-4.4 -2.4 -0.12 0.17
-4.4 -2.2 -0.11 0.165
-4.4 -2 -0.1 0.16
-4.4 -1.8 -0.09 0.155
-4.4 -1.6 -0.08 0.15
-4.4 -1.4 -0.07 0.145
-4.4 -1.2 -0.06 0.14
-4.4 -1 -0.05 0.135
-4.4 -0.8 -0.04 0.13
-4.4 -0.6 -0.03 0.125
-4.4 -0.4 -0.02 0.12
-4.4 -0.2 -0.01 0.115
-4.4 -2.68221e-07 -1.3411e-08 0.11
-4.4 0.2 0.00999999 0.105
-4.4 0.4 0.02 0.1
-4.4 0.6 0.03 0.095
-4.4 0.8 0.04 0.09
-4.4 1 0.05 0.085
-4.4 1.2 0.06 0.08
-4.4 1.4 0.07 0.075
-4.4 1.6 0.08 0.07
-4.4 1.8 0.09 0.065
-4.4 2 0.1 0.06
-4.4 2.2 0.11 0.055
-4.4 2.4 0.12 0.05
-4.4 2.6 0.13 0.045
-4.4 2.8 0.14 0.04
-4.4 3 0.15 0.035
-4.4 3.2 0.16 0.03
-4.4 3.4 0.17 0.025
-4.4 3.6 0.18 0.02
-4.4 3.8 0.19 0.015
-4.4 4 0.2 0.01
-4.4 4.2 0.21 0.00500002
-4.4 4.4 0.22 2.38419e-08
-4.4 4.6 0.23 -0.00499997
-4.4 4.8 0.24 -0.00999997
-4.4 5 0.25 -0.015
-4.2 -5 -0.25 0.23
-4.2 -4.8 -0.24 0.225
-4.2 -4.6 -0.23 0.22
-4.2 -4.4 -0.22 0.215
-4.2 -4.2 -0.21 0.21
-4.2 -4 -0.2 0.205
-4.2 -3.8 -0.19 0.2
-4.2 -3.6 -0.18 0.195
-4.2 -3.4 -0.17 0.19
-4.2 -3.2 -0.16 0.185
-4.2 -3 -0.15 0.18
-4.2 -2.8 -0.14 0.175
-4.2 -2.6 -0.13 0.17
-4.2 -2.4 -0.12 0.165
-4.2 -2.2 -0.11 0.16
-4.2 -2 -0.1 0.155
-4.2 -1.8 -0.09 0.15
-4.2 -1.6 -0.08 0.145
-4.2 -1.4 -0.07 0.14
-4.2 -1.2 -0.06 0.135
-4.2 -1 -0.05 0.13
-4.2 -0.8 -0.04 0.125
-4.2 -0.6 -0.03 0.12
-4.2 -0.4 -0.02 0.115
-4.2 -0.2 -0.01 0.11
-4.2 -2.68221e-07 -1.3411e-08 0.105
-4.2 0.2 0.00999999 0.1
-4.2 0.4 0.02 0.095
-4.2 0.6 0.03 0.09
-4.2 0.8 0.04 0.085
-4.2 1 0.05 0.08
-4.2 1.2 0.06 0.075
-4.2 1.4 0.07 0.07
-4.2 1.6 0.08 0.065
-4.2 1.8 0.09 0.06
-4.2 2 0.1 0.055
-4.2 2.2 0.11 0.05
-4.2 2.4 0.12 0.045
-4.2 2.6 0.13 0.04
-4.2 2.8 0.14 0.035
-4.2 3 0.15 0.03
-4.2 3.2 0.16 0.025
-4.2 3.4 0.17 0.02
-4.2 3.6 0.18 0.015
-4.2 3.8 0.19 0.01
-4.2 4 0.2 0.00500002
-4.2 4.2 0.21 2.38419e-08
-4.2 4.4 0.22 -0.00499997
-4.2 4.6 0.23 -0.00999997
-4.2 4.8 0.24 -0.015
-4.2 5 0.25 -0.02
-4 -5 -0.25 0.225
-4 -4.8 -0.24 0.22
-4 -4.6 -0.23 0.215
-4 -4.4 -0.22 0.21
-4 -4.2 -0.21 0.205
-4 -4 -0.2 0.2
-4 -3.8 -0.19 0.195
-4 -3.6 -0.18 0.19
-4 -3.4 -0.17 0.185
-4 -3.2 -0.16 0.18
-4 -3 -0.15 0.175
-4 -2.8 -0.14 0.17
-4 -2.6 -0.13 0.165
-4 -2.4 -0.12 0.16
-4 -2.2 -0.11 0.155
-4 -2 -0.1 0.15
-4 -1.8 -0.09 0.145
-4 -1.6 -0.08 0.14
-4 -1.4 -0.07 0.135
-4 -1.2 -0.06 0.13
-4 -1 -0.05 0.125
-4 -0.8 -0.04 0.12
-4 -0.6 -0.03 0.115
-4 -0.4 -0.02 0.11
-4 -0.2 -0.01 0.105
-4 -2.68221e-07 -1.3411e-08 0.1
-4 0.2 0.00999999 0.095
-4 0.4 0.02 0.09
-4 0.6 0.03 0.085
-4 0.8 0.04 0.08
-4 1 0.05 0.075
-4 1.2 0.06 0.07
-4 1.4 0.07 0.065
-4 1.6 0.08 0.06
-4 1.8 0.09 0.055
-4 2 0.1 0.05
-4 2.2 0.11 0.045
-4 2.4 0.12 0.04
-4 2.6 0.13 0.035
-4 2.8 0.14 0.03
-4 3 0.15 0.025
-4 3.2 0.16 0.02
-4 3.4 0.17 0.015
-4 3.6 0.18 0.01
-4 3.8 0.19 0.00500002
-4 4 0.2 2.38419e-08
-4 4.2 0.21 -0.00499997
-4 4.4 0.22 -0.00999997
-4 4.6 0.23 -0.015
-4 4.8 0.24 -0.02
-4 5 0.25 -0.025
-3.8 -5 -0.25 0.22
-3.8 -4.8 -0.24 0.215
-3.8 -4.6 -0.23 0.21
-3.8 -4.4 -0.22 0.205
-3.8 -4.2 -0.21 0.2
-3.8 -4 -0.2 0.195
-3.8 -3.8 -0.19 0.19
-3.8 -3.6 -0.18 0.185
-3.8 -3.4 -0.17 0.18
-3.8 -3.2 -0.16 0.175
-3.8 -3 -0.15 0.17
-3.8 -2.8 -0.14 0.165
-3.8 -2.6 -0.13 0.16
-3.8 -2.4 -0.12 0.155
-3.8 -2.2 -0.11 0.15
-3.8 -2 -0.1 0.145
-3.8 -1.8 -0.09 0.14
-3.8 -1.6 -0.08 0.135
-3.8 -1.4 -0.07 0.13
-3.8 -1.2 -0.06 0.125
-3.8 -1 -0.05 0.12
-3.8 -0.8 -0.04 0.115
-3.8 -0.6 -0.03 0.11
-3.8 -0.4 -0.02 0.105
-3.8 -0.2 -0.01 0.1
-3.8 -2.68221e-07 -1.3411e-08 0.095
-3.8 0.2 0.00999999 0.09
-3.8 0.4 0.02 0.085
-3.8 0.6 0.03 0.08
-3.8 0.8 0.04 0.075
-3.8 1 0.05 0.07
-3.8 1.2 0.06 0.065
-3.8 1.4 0.07 0.06
-3.8 1.6 0.08 0.055
-3.8 1.8 0.09 0.05
-3.8 2 0.1 0.045
-3.8 2.2 0.11 0.04
-3.8 2.4 0.12 0.035
-3.8 2.6 0.13 0.03
-3.8 2.8 0.14 0.025
-3.8 3 0.15 0.02
-3.8 3.2 0.16 0.015
-3.8 3.4 0.17 0.01
-3.8 3.6 0.18 0.00500002
-3.8 3.8 0.19 1.78814e-08
-3.8 4 0.2 -0.00499998
-3.8 4.2 0.21 -0.00999997
-3.8 4.4 0.22 -0.015
-3.8 4.6 0.23 -0.02
-3.8 4.8 0.24 -0.025
-3.8 5 0.25 -0.03
-3.6 -5 -0.25 0.215
-3.6 -4.8 -0.24 0.21
-3.6 -4.6 -0.23 0.205
-3.6 -4.4 -0.22 0.2
-3.6 -4.2 -0.21 0.195
-3.6 -4 -0.2 0.19
-3.6 -3.8 -0.19 0.185
-3.6 -3.6 -0.18 0.18
-3.6 -3.4 -0.17 0.175
-3.6 -3.2 -0.16 0.17
-3.6 -3 -0.15 0.165
-3.6 -2.8 -0.14 0.16
-3.6 -2.6 -0.13 0.155
-3.6 -2.4 -0.12 0.15
-3.6 -2.2 -0.11 0.145
-3.6 -2 -0.1 0.14
-3.6 -1.8 -0.09 0.135
-3.6 -1.6 -0.08 0.13
-3.6 -1.4 -0.07 0.125
-3.6 -1.2 -0.06 0.12
-3.6 -1 -0.05 0.115
-3.6 -0.8 -0.04 0.11
-3.6 -0.6 -0.03 0.105
-3.6 -0.4 -0.02 0.1
-3.6 -0.2 -0.01 0.095
-3.6 -2.68221e-07 -1.3411e-08 0.09
-3.6 0.2 0.00999999 0.085
-3.6 0.4 0.02 0.08
-3.6 0.6 0.03 0.075
-3.6 0.8 0.04 0.07
-3.6 1 0.05 0.065
-3.6 1.2 0.06 0.06
-3.6 1.4 0.07 0.055
-3.6 1.6 0.08 0.05
-3.6 1.8 0.09 0.045
-3.6 2 0.1 0.04
-3.6 2.2 0.11 0.035
-3.6 2.4 0.12 0.03
-3.6 2.6 0.13 0.025
-3.6 2.8 0.14 0.02
-3.6 3 0.15 0.015
-3.6 3.2 0.16 0.01
-3.6 3.4 0.17 0.00500002
-3.6 3.6 0.18 1.78814e-08
-3.6 3.8 0.19 -0.00499998
-3.6 4 0.2 -0.00999998
-3.6 4.2 0.21 -0.015
-3.6 4.4 0.22 -0.02
-3.6 4.6 0.23 -0.025
-3.6 4.8 0.24 -0.03
-3.6 5 0.25 -0.035
-3.4 -5 -0.25 0.21
-3.4 -4.8 -0.24 0.205
-3.4 -4.6 -0.23 0.2
-3.4 -4.4 -0.22 0.195
-3.4 -4.2 -0.21 0.19
-3.4 -4 -0.2 0.185
-3.4 -3.8 -0.19 0.18
-3.4 -3.6 -0.18 0.175
-3.4 -3.4 -0.17 0.17
-3.4 -3.2 -0.16 0.165
-3.4 -3 -0.15 0.16
-3.4 -2.8 -0.14 0.155
-3.4 -2.6 -0.13 0.15
-3.4 -2.4 -0.12 0.145
-3.4 -2.2 -0.11 0.14
-3.4 -2 -0.1 0.135
-3.4 -1.8 -0.09 0.13
-3.4 -1.6 -0.08 0.125
-3.4 -1.4 -0.07 0.12
-3.4 -1.2 -0.06 0.115
-3.4 -1 -0.05 0.11
-3.4 -0.8 -0.04 0.105
-3.4 -0.6 -0.03 0.1
-3.4 -0.4 -0.02 0.095
-3.4 -0.2 -0.01 0.09
-3.4 -2.68221e-07 -1.3411e-08 0.085
-3.4 0.2 0.00999999 0.08
-3.4 0.4 0.02 0.075
-3.4 0.6 0.03 0.07
-3.4 0.8 0.04 0.065
-3.4 1 0.05 0.06
-3.4 1.2 0.06 0.055
-3.4 1.4 0.07 0.05
-3.4 1.6 0.08 0.045
-3.4 1.8 0.09 0.04
-3.4 2 0.1 0.035
-3.4 2.2 0.11 0.03
-3.4 2.4 0.12 0.025
-3.4 2.6 0.13 0.02
-3.4 2.8 0.14 0.015
-3.4 3 0.15 0.01
-3.4 3.2 0.16 0.00500002
-3.4 3.4 0.17 1.78814e-08
-3.4 3.6 0.18 -0.00499998
-3.4 3.8 0.19 -0.00999998
-3.4 4 0.2 -0.015
-3.4 4.2 0.21 -0.02
-3.4 4.4 0.22 -0.025
-3.4 4.6 0.23 -0.03
-3.4 4.8 0.24 -0.035
-3.4 5 0.25 -0.04
-3.2 -5 -0.25 0.205
-3.2 -4.8 -0.24 0.2
-3.2 -4.6 -0.23 0.195
-3.2 -4.4 -0.22 0.19
-3.2 -4.2 -0.21 0.185
-3.2 -4 -0.2 0.18
-3.2 -3.8 -0.19 0.175
-3.2 -3.6 -0.18 0.17
-3.2 -3.4 -0.17 0.165
-3.2 -3.2 -0.16 0.16
-3.2 -3 -0.15 0.155
-3.2 -2.8 -0.14 0.15
-3.2 -2.6 -0.13 0.145
-3.2 -2.4 -0.12 0.14
-3.2 -2.2 -0.11 0.135
-3.2 -2 -0.1 0.13
-3.2 -1.8 -0.09 0.125
-3.2 -1.6 -0.08 0.12
-3.2 -1.4 -0.07 0.115
-3.2 -1.2 -0.06 0.11
-3.2 -1 -0.05 0.105
-3.2 -0.8 -0.04 0.1
-3.2 -0.6 -0.03 0.095
-3.2 -0.4 -0.02 0.09
-3.2 -0.2 -0.01 0.085
-3.2 -2.68221e-07 -1.3411e-08 0.08
-3.2 0.2 0.00999999 0.075
-3.2 0.4 0.02 0.07
-3.2 0.6 0.03 0.065
-3.2 0.8 0.04 0.06
-3.2 1 0.05 0.055
-3.2 1.2 0.06 0.05
-3.2 1.4 0.07 0.045
-3.2 1.6 0.08 0.04
-3.2 1.8 0.09 0.035
-3.2 2 0.1 0.03
-3.2 2.2 0.11 0.025
-3.2 2.4 0.12 0.02
-3.2 2.6 0.13 0.015
-3.2 2.8 0.14 0.01
-3.2 3 0.15 0.00500002
-3.2 3.2 0.16 1.78814e-08
-3.2 3.4 0.17 -0.00499998
-3.2 3.6 0.18 -0.00999998
-3.2 3.8 0.19 -0.015
-3.2 4 0.2 -0.02
-3.2 4.2 0.21 -0.025
-3.2 4.4 0.22 -0.03
-3.2 4.6 0.23 -0.035
-3.2 4.8 0.24 -0.04
-3.2 5 0.25 -0.045
-3 -5 -0.25 0.2
-3 -4.8 -0.24 0.195
-3 -4.6 -0.23 0.19
-3 -4.4 -0.22 0.185
-3 -4.2 -0.21 0.18
-3 -4 -0.2 0.175
-3 -3.8 -0.19 0.17
-3 -3.6 -0.18 0.165
-3 -3.4 -0.17 0.16
-3 -3.2 -0.16 0.155
-3 -3 -0.15 0.15
-3 -2.8 -0.14 0.145
-3 -2.6 -0.13 0.14
-3 -2.4 -0.12 0.135
-3 -2.2 -0.11 0.13
-3 -2 -0.1 0.125
-3 -1.8 -0.09 0.12
-3 -1.6 -0.08 0.115
-3 -1.4 -0.07 0.11
-3 -1.2 -0.06 0.105
-3 -1 -0.05 0.1
-3 -0.8 -0.04 0.095
-3 -0.6 -0.03 0.09
-3 -0.4 -0.02 0.085
-3 -0.2 -0.01 0.08
-3 -2.68221e-07 -1.3411e-08 0.075
-3 0.2 0.00999999 0.07
-3 0.4 0.02 0.065
-3 0.6 0.03 0.06
-3 0.8 0.04 0.055
-3 1 0.05 0.05
-3 1.2 0.06 0.045
-3 1.4 0.07 0.04
-3 1.6 0.08 0.035
-3 1.8 0.09 0.03
-3 2 0.1 0.025
-3 2.2 0.11 0.02
-3 2.4 0.12 0.015
-3 2.6 0.13 0.01
-3 2.8 0.14 0.00500002
-3 3 0.15 1.78814e-08
-3 3.2 0.16 -0.00499998
-3 3.4 0.17 -0.00999998
-3 3.6 0.18 -0.015
-3 3.8 0.19 -0.02
-3 4 0.2 -0.025
-3 4.2 0.21 -0.03
-3 4.4 0.22 -0.035
-3 4.6 0.23 -0.04
-3 4.8 0.24 -0.045
-3 5 0.25 -0.05
-2.8 -5 -0.25 0.195
-2.8 -4.8 -0.24 0.19
-2.8 -4.6 -0.23 0.185
-2.8 -4.4 -0.22 0.18
-2.8 -4.2 -0.21 0.175
-2.8 -4 -0.2 0.17
-2.8 -3.8 -0.19 0.165
-2.8 -3.6 -0.18 0.16
-2.8 -3.4 -0.17 0.155
-2.8 -3.2 -0.16 0.15
-2.8 -3 -0.15 0.145
-2.8 -2.8 -0.14 0.14
-2.8 -2.6 -0.13 0.135
-2.8 -2.4 -0.12 0.13
-2.8 -2.2 -0.11 0.125
-2.8 -2 -0.1 0.12
-2.8 -1.8 -0.09 0.115
-2.8 -1.6 -0.08 0.11
-2.8 -1.4 -0.07 0.105
-2.8 -1.2 -0.06 0.1
-2.8 -1 -0.05 0.095
-2.8 -0.8 -0.04 0.09
-2.8 -0.6 -0.03 0.085
-2.8 -0.4 -0.02 0.08
-2.8 -0.2 -0.01 0.075
-2.8 -2.68221e-07 -1.3411e-08 0.07
-2.8 0.2 0.00999999 0.065
-2.8 0.4 0.02 0.06
-2.8 0.6 0.03 0.055
-2.8 0.8 0.04 0.05
-2.8 1 0.05 0.045
-2.8 1.2 0.06 0.04
-2.8 1.4 0.07 0.035
-2.8 1.6 0.08 0.03
-2.8 1.8 0.09 0.025
-2.8 2 0.1 0.02
-2.8 2.2 0.11 0.015
-2.8 2.4 0.12 0.01
-2.8 2.6 0.13 0.00500002
-2.8 2.8 0.14 1.78814e-08
-2.8 3 0.15 -0.00499998
-2.8 3.2 0.16 -0.00999998
-2.8 3.4 0.17 -0.015
-2.8 3.6 0.18 -0.02
-2.8 3.8 0.19 -0.025
-2.8 4 0.2 -0.03
-2.8 4.2 0.21 -0.035
-2.8 4.4 0.22 -0.04
-2.8 4.6 0.23 -0.045
-2.8 4.8 0.24 -0.05
-2.8 5 0.25 -0.055
-2.6 -5 -0.25 0.19
-2.6 -4.8 -0.24 0.185
-2.6 -4.6 -0.23 0.18
-2.6 -4.4 -0.22 0.175
-2.6 -4.2 -0.21 0.17
-2.6 -4 -0.2 0.165
-2.6 -3.8 -0.19 0.16
-2.6 -3.6 -0.18 0.155
-2.6 -3.4 -0.17 0.15
-2.6 -3.2 -0.16 0.145
-2.6 -3 -0.15 0.14
-2.6 -2.8 -0.14 0.135
-2.6 -2.6 -0.13 0.13
-2.6 -2.4 -0.12 0.125
-2.6 -2.2 -0.11 0.12
-2.6 -2 -0.1 0.115
-2.6 -1.8 -0.09 0.11
-2.6 -1.6 -0.08 0.105
-2.6 -1.4 -0.07 0.1
-2.6 -1.2 -0.06 0.095
-2.6 -1 -0.05 0.09
-2.6 -0.8 -0.04 0.085
-2.6 -0.6 -0.03 0.08
-2.6 -0.4 -0.02 0.075
-2.6 -0.2 -0.01 0.07
-2.6 -2.68221e-07 -1.3411e-08 0.065
-2.6 0.2 0.00999999 0.06
-2.6 0.4 0.02 0.055
-2.6 0.6 0.03 0.05
-2.6 0.8 0.04 0.045
-2.6 1 0.05 0.04
-2.6 1.2 0.06 0.035
-2.6 1.4 0.07 0.03
-2.6 1.6 0.08 0.025
-2.6 1.8 0.09 0.02
-2.6 2 0.1 0.015
-2.6 2.2 0.11 0.01
-2.6 2.4 0.12 0.00500002
-2.6 2.6 0.13 1.78814e-08
-2.6 2.8 0.14 -0.00499998
-2.6 3 0.15 -0.00999998
-2.6 3.2 0.16 -0.015
-2.6 3.4 0.17 -0.02
-2.6 3.6 0.18 -0.025
-2.6 3.8 0.19 -0.03
-2.6 4 0.2 -0.035
-2.6 4.2 0.21 -0.04
-2.6 4.4 0.22 -0.045
-2.6 4.6 0.23 -0.05
-2.6 4.8 0.24 -0.055
-2.6 5 0.25 -0.06
-2.4 -5 -0.25 0.185
-2.4 -4.8 -0.24 0.18
-2.4 -4.6 -0.23 0.175
-2.4 -4.4 -0.22 0.17
-2.4 -4.2 -0.21 0.165
-2.4 -4 -0.2 0.16
-2.4 -3.8 -0.19 0.155
-2.4 -3.6 -0.18 0.15
-2.4 -3.4 -0.17 0.145
-2.4 -3.2 -0.16 0.14
-2.4 -3 -0.15 0.135
-2.4 -2.8 -0.14 0.13
-2.4 -2.6 -0.13 0.125
-2.4 -2.4 -0.12 0.12
-2.4 -2.2 -0.11 0.115
-2.4 -2 -0.1 0.11
-2.4 -1.8 -0.09 0.105
-2.4 -1.6 -0.08 0.1
-2.4 -1.4 -0.07 0.095
-2.4 -1.2 -0.06 0.09
-2.4 -1 -0.05 0.085
-2.4 -0.8 -0.04 0.08
-2.4 -0.6 -0.03 0.075
-2.4 -0.4 -0.02 0.07
-2.4 -0.2 -0.01 0.065
-2.4 -2.68221e-07 -1.3411e-08 0.06
-2.4 0.2 0.00999999 0.055
-2.4 0.4 0.02 0.05
-2.4 0.6 0.03 0.045
-2.4 0.8 0.04 0.04
-2.4 1 0.05 0.035
-2.4 1.2 0.06 0.03
-2.4 1.4 0.07 0.025
-2.4 1.6 0.08 0.02
-2.4 1.8 0.09 0.015
-2.4 2 0.1 0.01
-2.4 2.2 0.11 0.00500002
-2.4 2.4 0.12 1.78814e-08
-2.4 2.6 0.13 -0.00499998
-2.4 2.8 0.14 -0.00999998
-2.4 3 0.15 -0.015
-2.4 3.2 0.16 -0.02
-2.4 3.4 0.17 -0.025
-2.4 3.6 0.18 -0.03
-2.4 3.8 0.19 -0.035
-2.4 4 0.2 -0.04
-2.4 4.2 0.21 -0.045
-2.4 4.4 0.22 -0.05
-2.4 4.6 0.23 -0.055
-2.4 4.8 0.24 -0.06
-2.4 5 0.25 -0.065
-2.2 -5 -0.25 0.18
-2.2 -4.8 -0.24 0.175
-2.2 -4.6 -0.23 0.17
-2.2 -4.4 -0.22 0.165
-2.2 -4.2 -0.21 0.16
-2.2 -4 -0.2 0.155
-2.2 -3.8 -0.19 0.15
-2.2 -3.6 -0.18 0.145
-2.2 -3.4 -0.17 0.14
-2.2 -3.2 -0.16 0.135
-2.2 -3 -0.15 0.13
-2.2 -2.8 -0.14 0.125
-2.2 -2.6 -0.13 0.12
-2.2 -2.4 -0.12 0.115
-2.2 -2.2 -0.11 0.11
-2.2 -2 -0.1 0.105
-2.2 -1.8 -0.09 0.1
-2.2 -1.6 -0.08 0.095
-2.2 -1.4 -0.07 0.09
-2.2 -1.2 -0.06 0.085
-2.2 -1 -0.05 0.08
-2.2 -0.8 -0.04 0.075
-2.2 -0.6 -0.03 0.07
-2.2 -0.4 -0.02 0.065
-2.2 -0.2 -0.01 0.06
-2.2 -2.68221e-07 -1.3411e-08 0.055
-2.2 0.2 0.00999999 0.05
-2.2 0.4 0.02 0.045
-2.2 0.6 0.03 0.04
-2.2 0.8 0.04 0.035
-2.2 1 0.05 0.03
-2.2 1.2 0.06 0.025
-2.2 1.4 0.07 0.02
-2.2 1.6 0.08 0.015
-2.2 1.8 0.09 0.01
-2.2 2 0.1 0.00500002
-2.2 2.2 0.11 1.78814e-08
-2.2 2.4 0.12 -0.00499998
-2.2 2.6 0.13 -0.00999998
-2.2 2.8 0.14 -0.015
-2.2 3 0.15 -0.02
-2.2 3.2 0.16 -0.025
-2.2 3.4 0.17 -0.03
-2.2 3.6 0.18 -0.035
-2.2 3.8 0.19 -0.04
-2.2 4 0.2 -0.045
-2.2 4.2 0.21 -0.05
-2.2 4.4 0.22 -0.055
-2.2 4.6 0.23 -0.06
-2.2 4.8 0.24 -0.065
-2.2 5 0.25 -0.07
-2 -5 -0.25 0.175
-2 -4.8 -0.24 0.17
-2 -4.6 -0.23 0.165
-2 -4.4 -0.22 0.16
-2 -4.2 -0.21 0.155
-2 -4 -0.2 0.15
-2 -3.8 -0.19 0.145
-2 -3.6 -0.18 0.14
-2 -3.4 -0.17 0.135
-2 -3.2 -0.16 0.13
-2 -3 -0.15 0.125
-2 -2.8 -0.14 0.12
-2 -2.6 -0.13 0.115
-2 -2.4 -0.12 0.11
-2 -2.2 -0.11 0.105
-2 -2 -0.1 0.1
-2 -1.8 -0.09 0.095
-2 -1.6 -0.08 0.09
-2 -1.4 -0.07 0.085
-2 -1.2 -0.06 0.08
-2 -1 -0.05 0.075
-2 -0.8 -0.04 0.07
-2 -0.6 -0.03 0.065
-2 -0.4 -0.02 0.06
-2 -0.2 -0.01 0.055
-2 -2.68221e-07 -1.3411e-08 0.05
-2 0.2 0.00999999 0.045
-2 0.4 0.02 0.04
-2 0.6 0.03 0.035
-2 0.8 0.04 0.03
-2 1 0.05 0.025
-2 1.2 0.06 0.02
-2 1.4 0.07 0.015
-2 1.6 0.08 0.01
-2 1.8 0.09 0.00500002
-2 2 0.1 1.49012e-08
-2 2.2 0.11 -0.00499998
-2 2.4 0.12 -0.00999998
-2 2.6 0.13 -0.015
-2 2.8 0.14 -0.02
-2 3 0.15 -0.025
-2 3.2 0.16 -0.03
-2 3.4 0.17 -0.035
-2 3.6 0.18 -0.04
-2 3.8 0.19 -0.045
-2 4 0.2 -0.05
-2 4.2 0.21 -0.055
-2 4.4 0.22 -0.06
-2 4.6 0.23 -0.065
-2 4.8 0.24 -0.07
-2 5 0.25 -0.075
-1.8 -5 -0.25 0.17
-1.8 -4.8 -0.24 0.165
-1.8 -4.6 -0.23 0.16
-1.8 -4.4 -0.22 0.155
-1.8 -4.2 -0.21 0.15
-1.8 -4 -0.2 0.145
-1.8 -3.8 -0.19 0.14
-1.8 -3.6 -0.18 0.135
-1.8 -3.4 -0.17 0.13
-1.8 -3.2 -0.16 0.125
-1.8 -3 -0.15 0.12
-1.8 -2.8 -0.14 0.115
-1.8 -2.6 -0.13 0.11
-1.8 -2.4 -0.12 0.105
-1.8 -2.2 -0.11 0.1
-1.8 -2 -0.1 0.095
-1.8 -1.8 -0.09 0.09
-1.8 -1.6 -0.08 0.085
-1.8 -1.4 -0.07 0.08
-1.8 -1.2 -0.06 0.075
-1.8 -1 -0.05 0.07
-1.8 -0.8 -0.04 0.065
-1.8 -0.6 -0.03 0.06
-1.8 -0.4 -0.02 0.055
-1.8 -0.2 -0.01 0.05
-1.8 -2.68221e-07 -1.3411e-08 0.045
-1.8 0.2 0.00999999 0.04
-1.8 0.4 0.02 0.035
-1.8 0.6 0.03 0.03
-1.8 0.8 0.04 0.025
-1.8 1 0.05 0.02
-1.8 1.2 0.06 0.015
-1.8 1.4 0.07 0.01
-1.8 1.6 0.08 0.00500002
-1.8 1.8 0.09 1.49012e-08
-1.8 2 0.1 -0.00499999
-1.8 2.2 0.11 -0.00999998
-1.8 2.4 0.12 -0.015
-1.8 2.6 0.13 -0.02
-1.8 2.8 0.14 -0.025
-1.8 3 0.15 -0.03
-1.8 3.2 0.16 -0.035
-1.8 3.4 0.17 -0.04
-1.8 3.6 0.18 -0.045
-1.8 3.8 0.19 -0.05
-1.8 4 0.2 -0.055
-1.8 4.2 0.21 -0.06
-1.8 4.4 0.22 -0.065
-1.8 4.6 0.23 -0.07
-1.8 4.8 0.24 -0.075
-1.8 5 0.25 -0.08
-1.6 -5 -0.25 0.165
-1.6 -4.8 -0.24 0.16
-1.6 -4.6 -0.23 0.155
-1.6 -4.4 -0.22 0.15
-1.6 -4.2 -0.21 0.145
-1.6 -4 -0.2 0.14
-1.6 -3.8 -0.19 0.135
-1.6 -3.6 -0.18 0.13
-1.6 -3.4 -0.17 0.125
-1.6 -3.2 -0.16 0.12
-1.6 -3 -0.15 0.115
-1.6 -2.8 -0.14 0.11
-1.6 -2.6 -0.13 0.105
-1.6 -2.4 -0.12 0.1
-1.6 -2.2 -0.11 0.095
-1.6 -2 -0.1 0.09
-1.6 -1.8 -0.09 0.085
-1.6 -1.6 -0.08 0.08
-1.6 -1.4 -0.07 0.075
-1.6 -1.2 -0.06 0.07
-1.6 -1 -0.05 0.065
-1.6 -0.8 -0.04 0.06
-1.6 -0.6 -0.03 0.055
-1.6 -0.4 -0.02 0.05
-1.6 -0.2 -0.01 0.045
-1.6 -2.68221e-07 -1.3411e-08 0.04
-1.6 0.2 0.00999999 0.035
-1.6 0.4 0.02 0.03
-1.6 0.6 0.03 0.025
-1.6 0.8 0.04 0.02
-1.6 1 0.05 0.015
-1.6 1.2 0.06 0.01
-1.6 1.4 0.07 0.00500002
-1.6 1.6 0.08 1.49012e-08
-1.6 1.8 0.09 -0.00499999
-1.6 2 0.1 -0.00999999
-1.6 2.2 0.11 -0.015
-1.6 2.4 0.12 -0.02
-1.6 2.6 0.13 -0.025
-1.6 2.8 0.14 -0.03
-1.6 3 0.15 -0.035
-1.6 3.2 0.16 -0.04
-1.6 3.4 0.17 -0.045
-1.6 3.6 0.18 -0.05
-1.6 3.8 0.19 -0.055
-1.6 4 0.2 -0.06
-1.6 4.2 0.21 -0.065
-1.6 4.4 0.22 -0.07
-1.6 4.6 0.23 -0.075
-1.6 4.8 0.24 -0.08
-1.6 5 0.25 -0.085
-1.4 -5 -0.25 0.16
-1.4 -4.8 -0.24 0.155
-1.4 -4.6 -0.23 0.15
-1.4 -4.4 -0.22 0.145
-1.4 -4.2 -0.21 0.14
-1.4 -4 -0.2 0.135
-1.4 -3.8 -0.19 0.13
-1.4 -3.6 -0.18 0.125
-1.4 -3.4 -0.17 0.12
-1.4 -3.2 -0.16 0.115
-1.4 -3 -0.15 0.11
-1.4 -2.8 -0.14 0.105
-1.4 -2.6 -0.13 0.1
-1.4 -2.4 -0.12 0.095
-1.4 -2.2 -0.11 0.09
-1.4 -2 -0.1 0.085
-1.4 -1.8 -0.09 0.08
-1.4 -1.6 -0.08 0.075
-1.4 -1.4 -0.07 0.07
-1.4 -1.2 -0.06 0.065
-1.4 -1 -0.05 0.06
-1.4 -0.8 -0.04 0.055
-1.4 -0.6 -0.03 0.05
-1.4 -0.4 -0.02 0.045
-1.4 -0.2 -0.01 0.04
-1.4 -2.68221e-07 -1.3411e-08 0.035
-1.4 0.2 0.00999999 0.03
-1.4 0.4 0.02 0.025
-1.4 0.6 0.03 0.02
-1.4 0.8 0.04 0.015
-1.4 1 0.05 0.01
-1.4 1.2 0.06 0.00500002
-1.4 1.4 0.07 1.49012e-08
-1.4 1.6 0.08 -0.00499999
-1.4 1.8 0.09 -0.00999999
-1.4 2 0.1 -0.015
-1.4 2.2 0.11 -0.02
-1.4 2.4 0.12 -0.025
-1.4 2.6 0.13 -0.03
-1.4 2.8 0.14 -0.035
-1.4 3 0.15 -0.04
-1.4 3.2 0.16 -0.045
-1.4 3.4 0.17 -0.05
-1.4 3.6 0.18 -0.055
-1.4 3.8 0.19 -0.06
-1.4 4 0.2 -0.065
-1.4 4.2 0.21 -0.07
-1.4 4.4 0.22 -0.075
-1.4 4.6 0.23 -0.08
-1.4 4.8 0.24 -0.085
-1.4 5 0.25 -0.09
-1.2 -5 -0.25 0.155
-1.2 -4.8 -0.24 0.15
-1.2 -4.6 -0.23 0.145
-1.2 -4.4 -0.22 0.14
-1.2 -4.2 -0.21 0.135
-1.2 -4 -0.2 0.13
-1.2 -3.8 -0.19 0.125
-1.2 -3.6 -0.18 0.12
-1.2 -3.4 -0.17 0.115
-1.2 -3.2 -0.16 0.11
-1.2 -3 -0.15 0.105
-1.2 -2.8 -0.14 0.1
-1.2 -2.6 -0.13 0.095
-1.2 -2.4 -0.12 0.09
-1.2 -2.2 -0.11 0.085
-1.2 -2 -0.1 0.08
-1.2 -1.8 -0.09 0.075
-1.2 -1.6 -0.08 0.07
-1.2 -1.4 -0.07 0.065
-1.2 -1.2 -0.06 0.06
-1.2 -1 -0.05 0.055
-1.2 -0.8 -0.04 0.05
-1.2 -0.6 -0.03 0.045
-1.2 -0.4 -0.02 0.04
-1.2 -0.2 -0.01 0.035
-1.2 -2.68221e-07 -1.3411e-08 0.03
-1.2 0.2 0.00999999 0.025
-1.2 0.4 0.02 0.02
-1.2 0.6 0.03 0.015
-1.2 0.8 0.04 0.01
-1.2 1 0.05 0.00500001
-1.2 1.2 0.06 1.49012e-08
-1.2 1.4 0.07 -0.00499999
-1.2 1.6 0.08 -0.00999999
-1.2 1.8 0.09 -0.015
-1.2 2 0.1 -0.02
-1.2 2.2 0.11 -0.025
-1.2 2.4 0.12 -0.03
-1.2 2.6 0.13 -0.035
-1.2 2.8 0.14 -0.04
-1.2 3 0.15 -0.045
-1.2 3.2 0.16 -0.05
-1.2 3.4 0.17 -0.055
-1.2 3.6 0.18 -0.06
-1.2 3.8 0.19 -0.065
-1.2 4 0.2 -0.07
-1.2 4.2 0.21 -0.075
-1.2 4.4 0.22 -0.08
-1.2 4.6 0.23 -0.085
-1.2 4.8 0.24 -0.09
-1.2 5 0.25 -0.095
-1 -5 -0.25 0.15
-1 -4.8 -0.24 0.145
-1 -4.6 -0.23 0.14
-1 -4.4 -0.22 0.135
-1 -4.2 -0.21 0.13
-1 -4 -0.2 0.125
-1 -3.8 -0.19 0.12
-1 -3.6 -0.18 0.115
-1 -3.4 -0.17 0.11
-1 -3.2 -0.16 0.105
-1 -3 -0.15 0.1
-1 -2.8 -0.14 0.095
-1 -2.6 -0.13 0.09
-1 -2.4 -0.12 0.085
-1 -2.2 -0.11 0.08
-1 -2 -0.1 0.075
-1 -1.8 -0.09 0.07
-1 -1.6 -0.08 0.065
-1 -1.4 -0.07 0.06
-1 -1.2 -0.06 0.055
-1 -1 -0.05 0.05
-1 -0.8 -0.04 0.045
-1 -0.6 -0.03 0.04
-1 -0.4 -0.02 0.035
-1 -0.2 -0.01 0.03
-1 -2.68221e-07 -1.3411e-08 0.025
-1 0.2 0.00999999 0.02
-1 0.4 0.02 0.015
-1 0.6 0.03 0.01
-1 0.8 0.04 0.00500001
-1 1 0.05 1.3411e-08
-1 1.2 0.06 -0.00499999
-1 1.4 0.07 -0.00999999
-1 1.6 0.08 -0.015
-1 1.8 0.09 -0.02
-1 2 0.1 -0.025
-1 2.2 0.11 -0.03
-1 2.4 0.12 -0.035
-1 2.6 0.13 -0.04
-1 2.8 0.14 -0.045
-1 3 0.15 -0.05
-1 3.2 0.16 -0.055
-1 3.4 0.17 -0.06
-1 3.6 0.18 -0.065
-1 3.8 0.19 -0.07
-1 4 0.2 -0.075
-1 4.2 0.21 -0.08
-1 4.4 0.22 -0.085
-1 4.6 0.23 -0.09
-1 4.8 0.24 -0.095
-1 5 0.25 -0.1
-0.8 -5 -0.25 0.145
-0.8 -4.8 -0.24 0.14
-0.8 -4.6 -0.23 0.135
-0.8 -4.4 -0.22 0.13
-0.8 -4.2 -0.21 0.125
-0.8 -4 -0.2 0.12
-0.8 -3.8 -0.19 0.115
-0.8 -3.6 -0.18 0.11
-0.8 -3.4 -0.17 0.105
-0.8 -3.2 -0.16 0.1
-0.8 -3 -0.15 0.095
-0.8 -2.8 -0.14 0.09
-0.8 -2.6 -0.13 0.085
-0.8 -2.4 -0.12 0.08
-0.8 -2.2 -0.11 0.075
-0.8 -2 -0.1 0.07
-0.8 -1.8 -0.09 0.065
-0.8 -1.6 -0.08 0.06
-0.8 -1.4 -0.07 0.055
-0.8 -1.2 -0.06 0.05
-0.8 -1 -0.05 0.045
-0.8 -0.8 -0.04 0.04
-0.8 -0.6 -0.03 0.035
-0.8 -0.4 -0.02 0.03
-0.8 -0.2 -0.01 0.025
-0.8 -2.68221e-07 -1.3411e-08 0.02
-0.8 0.2 0.00999999 0.015
-0.8 0.4 0.02 0.01
-0.8 0.6 0.03 0.00500001
-0.8 0.8 0.04 1.3411e-08
-0.8 1 0.05 -0.00499999
-0.8 1.2 0.06 -0.00999999
-0.8 1.4 0.07 -0.015
-0.8 1.6 0.08 -0.02
-0.8 1.8 0.09 -0.025
-0.8 2 0.1 -0.03
-0.8 2.2 0.11 -0.035
-0.8 2.4 0.12 -0.04
-0.8 2.6 0.13 -0.045
-0.8 2.8 0.14 -0.05
-0.8 3 0.15 -0.055
-0.8 3.2 0.16 -0.06
-0.8 3.4 0.17 -0.065
-0.8 3.6 0.18 -0.07
-0.8 3.8 0.19 -0.075
-0.8 4 0.2 -0.08
-0.8 4.2 0.21 -0.085
-0.8 4.4 0.22 -0.09
-0.8 4.6 0.23 -0.095
-0.8 4.8 0.24 -0.1
-0.8 5 0.25 -0.105
-0.6 -5 -0.25 0.14
-0.6 -4.8 -0.24 0.135
-0.6 -4.6 -0.23 0.13
-0.6 -4.4 -0.22 0.125
-0.6 -4.2 -0.21 0.12
-0.6 -4 -0.2 0.115
-0.6 -3.8 -0.19 0.11
-0.6 -3.6 -0.18 0.105
-0.6 -3.4 -0.17 0.1
-0.6 -3.2 -0.16 0.095
-0.6 -3 -0.15 0.09
-0.6 -2.8 -0.14 0.085
-0.6 -2.6 -0.13 0.08
-0.6 -2.4 -0.12 0.075
-0.6 -2.2 -0.11 0.07
-0.6 -2 -0.1 0.065
-0.6 -1.8 -0.09 0.06
-0.6 -1.6 -0.08 0.055
-0.6 -1.4 -0.07 0.05
-0.6 -1.2 -0.06 0.045
-0.6 -1 -0.05 0.04
-0.6 -0.8 -0.04 0.035
-0.6 -0.6 -0.03 0.03
-0.6 -0.4 -0.02 0.025
-0.6 -0.2 -0.01 0.02
-0.6 -2.68221e-07 -1.3411e-08 0.015
-0.6 0.2 0.00999999 0.01
-0.6 0.4 0.02 0.00500001
-0.6 0.6 0.03 1.3411e-08
-0.6 0.8 0.04 -0.00499999
-0.6 1 0.05 -0.00999999
-0.6 1.2 0.06 -0.015
-0.6 1.4 0.07 -0.02
-0.6 1.6 0.08 -0.025
-0.6 1.8 0.09 -0.03
-0.6 2 0.1 -0.035
-0.6 2.2 0.11 -0.04
-0.6 2.4 0.12 -0.045
-0.6 2.6 0.13 -0.05
-0.6 2.8 0.14 -0.055
-0.6 3 0.15 -0.06
-0.6 3.2 0.16 -0.065
-0.6 3.4 0.17 -0.07
-0.6 3.6 0.18 -0.075
-0.6 3.8 0.19 -0.08
-0.6 4 0.2 -0.085
-0.6 4.2 0.21 -0.09
-0.6 4.4 0.22 -0.095
-0.6 4.6 0.23 -0.1
-0.6 4.8 0.24 -0.105
-0.6 5 0.25 -0.11
-0.4 -5 -0.25 0.135
-0.4 -4.8 -0.24 0.13
-0.4 -4.6 -0.23 0.125
-0.4 -4.4 -0.22 0.12
-0.4 -4.2 -0.21 0.115
-0.4 -4 -0.2 0.11
-0.4 -3.8 -0.19 0.105
-0.4 -3.6 -0.18 0.1
-0.4 -3.4 -0.17 0.095
-0.4 -3.2 -0.16 0.09
-0.4 -3 -0.15 0.085
-0.4 -2.8 -0.14 0.08
-0.4 -2.6 -0.13 0.075
-0.4 -2.4 -0.12 0.07
-0.4 -2.2 -0.11 0.065
-0.4 -2 -0.1 0.06
-0.4 -1.8 -0.09 0.055
-0.4 -1.6 -0.08 0.05
-0.4 -1.4 -0.07 0.045
-0.4 -1.2 -0.06 0.04
-0.4 -1 -0.05 0.035
-0.4 -0.8 -0.04 0.03
-0.4 -0.6 -0.03 0.025
-0.4 -0.4 -0.02 0.02
-0.4 -0.2 -0.01 0.015
-0.4 -2.68221e-07 -1.3411e-08 0.01
-0.4 0.2 0.00999999 0.00500001
-0.4 0.4 0.02 1.3411e-08
-0.4 0.6 0.03 -0.00499999
-0.4 0.8 0.04 -0.00999999
-0.4 1 0.05 -0.015
-0.4 1.2 0.06 -0.02
-0.4 1.4 0.07 -0.025
-0.4 1.6 0.08 -0.03
-0.4 1.8 0.09 -0.035
-0.4 2 0.1 -0.04
-0.4 2.2 0.11 -0.045
-0.4 2.4 0.12 -0.05
-0.4 2.6 0.13 -0.055
-0.4 2.8 0.14 -0.06
-0.4 3 0.15 -0.065
-0.4 3.2 0.16 -0.07
-0.4 3.4 0.17 -0.075
-0.4 3.6 0.18 -0.08
-0.4 3.8 0.19 -0.085
-0.4 4 0.2 -0.09
-0.4 4.2 0.21 -0.095
-0.4 4.4 0.22 -0.1
-0.4 4.6 0.23 -0.105
-0.4 4.8 0.24 -0.11
-0.4 5 0.25 -0.115
-0.2 -5 -0.25 0.13
-0.2 -4.8 -0.24 0.125
-0.2 -4.6 -0.23 0.12
-0.2 -4.4 -0.22 0.115
-0.2 -4.2 -0.21 0.11
-0.2 -4 -0.2 0.105
-0.2 -3.8 -0.19 0.1
-0.2 -3.6 -0.18 0.095
-0.2 -3.4 -0.17 0.09
-0.2 -3.2 -0.16 0.085
-0.2 -3 -0.15 0.08
-0.2 -2.8 -0.14 0.075
-0.2 -2.6 -0.13 0.07
-0.2 -2.4 -0.12 0.065
-0.2 -2.2 -0.11 0.06
-0.2 -2 -0.1 0.055
-0.2 -1.8 -0.09 0.05
-0.2 -1.6 -0.08 0.045
-0.2 -1.4 -0.07 0.04
-0.2 -1.2 -0.06 0.035
-0.2 -1 -0.05 0.03
-0.2 -0.8 -0.04 0.025
-0.2 -0.6 -0.03 0.02
-0.2 -0.4 -0.02 0.015
-0.2 -0.2 -0.01 0.01
-0.2 -2.68221e-07 -1.3411e-08 0.00500001
-0.2 0.2 0.00999999 1.3411e-08
-0.2 0.4 0.02 -0.00499999
-0.2 0.6 0.03 -0.00999999
-0.2 0.8 0.04 -0.015
-0.2 1 0.05 -0.02
-0.2 1.2 0.06 -0.025
-0.2 1.4 0.07 -0.03
-0.2 1.6 0.08 -0.035
-0.2 1.8 0.09 -0.04
-0.2 2 0.1 -0.045
-0.2 2.2 0.11 -0.05
-0.2 2.4 0.12 -0.055
-0.2 2.6 0.13 -0.06
-0.2 2.8 0.14 -0.065
-0.2 3 0.15 -0.07
-0.2 3.2 0.16 -0.075
-0.2 3.4 0.17 -0.08
-0.2 3.6 0.18 -0.085
-0.2 3.8 0.19 -0.09
-0.2 4 0.2 -0.095
-0.2 4.2 0.21 -0.1
-0.2 4.4 0.22 -0.105
-0.2 4.6 0.23 -0.11
-0.2 4.8 0.24 -0.115
-0.2 5 0.25 -0.12
-2.68221e-07 -5 -0.25 0.125
-2.68221e-07 -4.8 -0.24 0.12
-2.68221e-07 -4.6 -0.23 0.115
-2.68221e-07 -4.4 -0.22 0.11
-2.68221e-07 -4.2 -0.21 0.105
-2.68221e-07 -4 -0.2 0.1
-2.68221e-07 -3.8 -0.19 0.095
-2.68221e-07 -3.6 -0.18 0.09
-2.68221e-07 -3.4 -0.17 0.085
-2.68221e-07 -3.2 -0.16 0.08
-2.68221e-07 -3 -0.15 0.075
-2.68221e-07 -2.8 -0.14 0.07
-2.68221e-07 -2.6 -0.13 0.065
-2.68221e-07 -2.4 -0.12 0.06
-2.68221e-07 -2.2 -0.11 0.055
-2.68221e-07 -2 -0.1 0.05
-2.68221e-07 -1.8 -0.09 0.045
-2.68221e-07 -1.6 -0.08 0.04
-2.68221e-07 -1.4 -0.07 0.035
-2.68221e-07 -1.2 -0.06 0.03
-2.68221e-07 -1 -0.05 0.025
-2.68221e-07 -0.8 -0.04 0.02
-2.68221e-07 -0.6 -0.03 0.015
-2.68221e-07 -0.4 -0.02 0.01
-2.68221e-07 -0.2 -0.01 0.00500001
-2.68221e-07 -2.68221e-07 -1.3411e-08 1.3411e-08
-2.68221e-07 0.2 0.00999999 -0.00499999
-2.68221e-07 0.4 0.02 -0.00999999
-2.68221e-07 0.6 0.03 -0.015
-2.68221e-07 0.8 0.04 -0.02
-2.68221e-07 1 0.05 -0.025
-2.68221e-07 1.2 0.06 -0.03
-2.68221e-07 1.4 0.07 -0.035
-2.68221e-07 1.6 0.08 -0.04
-2.68221e-07 1.8 0.09 -0.045
-2.68221e-07 2 0.1 -0.05
-2.68221e-07 2.2 0.11 -0.055
-2.68221e-07 2.4 0.12 -0.06
-2.68221e-07 2.6 0.13 -0.065
-2.68221e-07 2.8 0.14 -0.07
-2.68221e-07 3 0.15 -0.075
-2.68221e-07 3.2 0.16 -0.08
-2.68221e-07 3.4 0.17 -0.085
-2.68221e-07 3.6 0.18 -0.09
-2.68221e-07 3.8 0.19 -0.095
-2.68221e-07 4 0.2 -0.1
-2.68221e-07 4.2 0.21 -0.105
-2.68221e-07 4.4 0.22 -0.11
-2.68221e-07 4.6 0.23 -0.115
-2.68221e-07 4.8 0.24 -0.12
-2.68221e-07 5 0.25 -0.125
0.2 -5 -0.25 0.12
0.2 -4.8 -0.24 0.115
0.2 -4.6 -0.23 0.11
0.2 -4.4 -0.22 0.105
0.2 -4.2 -0.21 0.1
0.2 -4 -0.2 0.095
0.2 -3.8 -0.19 0.09
0.2 -3.6 -0.18 0.085
0.2 -3.4 -0.17 0.08
0.2 -3.2 -0.16 0.075
0.2 -3 -0.15 0.07
0.2 -2.8 -0.14 0.065
0.2 -2.6 -0.13 0.06
0.2 -2.4 -0.12 0.055
0.2 -2.2 -0.11 0.05
0.2 -2 -0.1 0.045
0.2 -1.8 -0.09 0.04
0.2 -1.6 -0.08 0.035
0.2 -1.4 -0.07 0.03
0.2 -1.2 -0.06 0.025
0.2 -1 -0.05 0.02
0.2 -0.8 -0.04 0.015
0.2 -0.6 -0.03 0.01
0.2 -0.4 -0.02 0.00500001
0.2 -0.2 -0.01 1.3411e-08
0.2 -2.68221e-07 -1.3411e-08 -0.00499999
0.2 0.2 0.00999999 -0.00999999
0.2 0.4 0.02 -0.015
0.2 0.6 0.03 -0.02
0.2 0.8 0.04 -0.025
0.2 1 0.05 -0.03
0.2 1.2 0.06 -0.035
0.2 1.4 0.07 -0.04
0.2 1.6 0.08 -0.045
0.2 1.8 0.09 -0.05
0.2 2 0.1 -0.055
0.2 2.2 0.11 -0.06
0.2 2.4 0.12 -0.065
0.2 2.6 0.13 -0.07
0.2 2.8 0.14 -0.075
0.2 3 0.15 -0.08
0.2 3.2 0.16 -0.085
0.2 3.4 0.17 -0.09
0.2 3.6 0.18 -0.095
0.2 3.8 0.19 -0.1
0.2 4 0.2 -0.105
0.2 4.2 0.21 -0.11
0.2 4.4 0.22 -0.115
0.2 4.6 0.23 -0.12
0.2 4.8 0.24 -0.125
0.2 5 0.25 -0.13
0.4 -5 -0.25 0.115
0.4 -4.8 -0.24 0.11
0.4 -4.6 -0.23 0.105
0.4 -4.4 -0.22 0.1
0.4 -4.2 -0.21 0.095
0.4 -4 -0.2 0.09
0.4 -3.8 -0.19 0.085
0.4 -3.6 -0.18 0.08
0.4 -3.4 -0.17 0.075
0.4 -3.2 -0.16 0.07
0.4 -3 -0.15 0.065
0.4 -2.8 -0.14 0.06
0.4 -2.6 -0.13 0.055
0.4 -2.4 -0.12 0.05
0.4 -2.2 -0.11 0.045
0.4 -2 -0.1 0.04
0.4 -1.8 -0.09 0.035
0.4 -1.6 -0.08 0.03
0.4 -1.4 -0.07 0.025
0.4 -1.2 -0.06 0.02
0.4 -1 -0.05 0.015
0.4 -0.8 -0.04 0.01
0.4 -0.6 -0.03 0.00500001
0.4 -0.4 -0.02 1.3411e-08
0.4 -0.2 -0.01 -0.00499999
0.4 -2.68221e-07 -1.3411e-08 -0.00999999
0.4 0.2 0.00999999 -0.015
0.4 0.4 0.02 -0.02
0.4 0.6 0.03 -0.025
0.4 0.8 0.04 -0.03
0.4 1 0.05 -0.035
0.4 1.2 0.06 -0.04
0.4 1.4 0.07 -0.045
0.4 1.6 0.08 -0.05
0.4 1.8 0.09 -0.055
0.4 2 0.1 -0.06
0.4 2.2 0.11 -0.065
0.4 2.4 0.12 -0.07
0.4 2.6 0.13 -0.075
0.4 2.8 0.14 -0.08
0.4 3 0.15 -0.085
0.4 3.2 0.16 -0.09
0.4 3.4 0.17 -0.095
0.4 3.6 0.18 -0.1
0.4 3.8 0.19 -0.105
0.4 4 0.2 -0.11
0.4 4.2 0.21 -0.115
0.4 4.4 0.22 -0.12
0.4 4.6 0.23 -0.125
0.4 4.8 0.24 -0.13
0.4 5 0.25 -0.135
0.6 -5 -0.25 0.11
0.6 -4.8 -0.24 0.105
0.6 -4.6 -0.23 0.1
0.6 -4.4 -0.22 0.095
0.6 -4.2 -0.21 0.09
0.6 -4 -0.2 0.085
0.6 -3.8 -0.19 0.08
0.6 -3.6 -0.18 0.075
0.6 -3.4 -0.17 0.07
0.6 -3.2 -0.16 0.065
0.6 -3 -0.15 0.06
0.6 -2.8 -0.14 0.055
0.6 -2.6 -0.13 0.05
0.6 -2.4 -0.12 0.045
0.6 -2.2 -0.11 0.04
0.6 -2 -0.1 0.035
0.6 -1.8 -0.09 0.03
0.6 -1.6 -0.08 0.025
0.6 -1.4 -0.07 0.02
0.6 -1.2 -0.06 0.015
0.6 -1 -0.05 0.01
0.6 -0.8 -0.04 0.00500001
0.6 -0.6 -0.03 1.3411e-08
0.6 -0.4 -0.02 -0.00499999
0.6 -0.2 -0.01 -0.00999999
0.6 -2.68221e-07 -1.3411e-08 -0.015
0.6 0.2 0.00999999 -0.02
0.6 0.4 0.02 -0.025
0.6 0.6 0.03 -0.03
0.6 0.8 0.04 -0.035
0.6 1 0.05 -0.04
0.6 1.2 0.06 -0.045
0.6 1.4 0.07 -0.05
0.6 1.6 0.08 -0.055
0.6 1.8 0.09 -0.06
0.6 2 0.1 -0.065
0.6 2.2 0.11 -0.07
0.6 2.4 0.12 -0.075
0.6 2.6 0.13 -0.08
0.6 2.8 0.14 -0.085
0.6 3 0.15 -0.09
0.6 3.2 0.16 -0.095
0.6 3.4 0.17 -0.1
0.6 3.6 0.18 -0.105
0.6 3.8 0.19 -0.11
0.6 4 0.2 -0.115
0.6 4.2 0.21 -0.12
0.6 4.4 0.22 -0.125
0.6 4.6 0.23 -0.13
0.6 4.8 0.24 -0.135
0.6 5 0.25 -0.14
0.8 -5 -0.25 0.105
0.8 -4.8 -0.24 0.1
0.8 -4.6 -0.23 0.095
0.8 -4.4 -0.22 0.09
0.8 -4.2 -0.21 0.085
0.8 -4 -0.2 0.08
0.8 -3.8 -0.19 0.075
0.8 -3.6 -0.18 0.07
0.8 -3.4 -0.17 0.065
0.8 -3.2 -0.16 0.06
0.8 -3 -0.15 0.055
0.8 -2.8 -0.14 0.05
0.8 -2.6 -0.13 0.045
0.8 -2.4 -0.12 0.04
0.8 -2.2 -0.11 0.035
0.8 -2 -0.1 0.03
0.8 -1.8 -0.09 0.025
0.8 -1.6 -0.08 0.02
0.8 -1.4 -0.07 0.015
0.8 -1.2 -0.06 0.01
0.8 -1 -0.05 0.00500001
0.8 -0.8 -0.04 1.3411e-08
0.8 -0.6 -0.03 -0.00499999
0.8 -0.4 -0.02 -0.00999999
0.8 -0.2 -0.01 -0.015
0.8 -2.68221e-07 -1.3411e-08 -0.02
0.8 0.2 0.00999999 -0.025
0.8 0.4 0.02 -0.03
0.8 0.6 0.03 -0.035
0.8 0.8 0.04 -0.04
0.8 1 0.05 -0.045
0.8 1.2 0.06 -0.05
0.8 1.4 0.07 -0.055
0.8 1.6 0.08 -0.06
0.8 1.8 0.09 -0.065
0.8 2 0.1 -0.07
0.8 2.2 0.11 -0.075
0.8 2.4 0.12 -0.08
0.8 2.6 0.13 -0.085
0.8 2.8 0.14 -0.09
0.8 3 0.15 -0.095
0.8 3.2 0.16 -0.1
0.8 3.4 0.17 -0.105
0.8 3.6 0.18 -0.11
0.8 3.8 0.19 -0.115
0.8 4 0.2 -0.12
0.8 4.2 0.21 -0.125
0.8 4.4 0.22 -0.13
0.8 4.6 0.23 -0.135
0.8 4.8 0.24 -0.14
0.8 5 0.25 -0.145
1 -5 -0.25 0.1
1 -4.8 -0.24 0.095
1 -4.6 -0.23 0.09
1 -4.4 -0.22 0.085
1 -4.2 -0.21 0.08
1 -4 -0.2 0.075
1 -3.8 -0.19 0.07
1 -3.6 -0.18 0.065
1 -3.4 -0.17 0.06
1 -3.2 -0.16 0.055
1 -3 -0.15 0.05
1 -2.8 -0.14 0.045
1 -2.6 -0.13 0.04
1 -2.4 -0.12 0.035
1 -2.2 -0.11 0.03
1 -2 -0.1 0.025
1 -1.8 -0.09 0.02
1 -1.6 -0.08 0.015
1 -1.4 -0.07 0.01
1 -1.2 -0.06 0.00500001
1 -1 -0.05 1.3411e-08
1 -0.8 -0.04 -0.00499999
1 -0.6 -0.03 -0.00999999
1 -0.4 -0.02 -0.015
1 -0.2 -0.01 -0.02
1 -2.68221e-07 -1.3411e-08 -0.025
1 0.2 0.00999999 -0.03
1 0.4 0.02 -0.035
1 0.6 0.03 -0.04
1 0.8 0.04 -0.045
1 1 0.05 -0.05
1 1.2 0.06 -0.055
1 1.4 0.07 -0.06
1 1.6 0.08 -0.065
1 1.8 0.09 -0.07
1 2 0.1 -0.075
1 2.2 0.11 -0.08
1 2.4 0.12 -0.085
1 2.6 0.13 -0.09
1 2.8 0.14 -0.095
1 3 0.15 -0.1
1 3.2 0.16 -0.105
1 3.4 0.17 -0.11
1 3.6 0.18 -0.115
1 3.8 0.19 -0.12
1 4 0.2 -0.125
1 4.2 0.21 -0.13
1 4.4 0.22 -0.135
1 4.6 0.23 -0.14
1 4.8 0.24 -0.145
1 5 0.25 -0.15
1.2 -5 -0.25 0.095
1.2 -4.8 -0.24 0.09
1.2 -4.6 -0.23 0.085
1.2 -4.4 -0.22 0.08
1.2 -4.2 -0.21 0.075
1.2 -4 -0.2 0.07
1.2 -3.8 -0.19 0.065
1.2 -3.6 -0.18 0.06
1.2 -3.4 -0.17 0.055
1.2 -3.2 -0.16 0.05
1.2 -3 -0.15 0.045
1.2 -2.8 -0.14 0.04
1.2 -2.6 -0.13 0.035
1.2 -2.4 -0.12 0.03
1.2 -2.2 -0.11 0.025
1.2 -2 -0.1 0.02
1.2 -1.8 -0.09 0.015
1.2 -1.6 -0.08 0.01
1.2 -1.4 -0.07 0.00500002
1.2 -1.2 -0.06 1.49012e-08
1.2 -1 -0.05 -0.00499999
1.2 -0.8 -0.04 -0.00999999
1.2 -0.6 -0.03 -0.015
1.2 -0.4 -0.02 -0.02
1.2 -0.2 -0.01 -0.025
1.2 -2.68221e-07 -1.3411e-08 -0.03
1.2 0.2 0.00999999 -0.035
1.2 0.4 0.02 -0.04
1.2 0.6 0.03 -0.045
1.2 0.8 0.04 -0.05
1.2 1 0.05 -0.055
1.2 1.2 0.06 -0.06
1.2 1.4 0.07 -0.065
1.2 1.6 0.08 -0.07
1.2 1.8 0.09 -0.075
1.2 2 0.1 -0.08
1.2 2.2 0.11 -0.085
1.2 2.4 0.12 -0.09
1.2 2.6 0.13 -0.095
1.2 2.8 0.14 -0.1
1.2 3 0.15 -0.105
1.2 3.2 0.16 -0.11
1.2 3.4 0.17 -0.115
1.2 3.6 0.18 -0.12
1.2 3.8 0.19 -0.125
1.2 4 0.2 -0.13
1.2 4.2 0.21 -0.135
1.2 4.4 0.22 -0.14
1.2 4.6 0.23 -0.145
1.2 4.8 0.24 -0.15
1.2 5 0.25 -0.155
1.4 -5 -0.25 0.09
1.4 -4.8 -0.24 0.085
1.4 -4.6 -0.23 0.08
1.4 -4.4 -0.22 0.075
1.4 -4.2 -0.21 0.07
1.4 -4 -0.2 0.065
1.4 -3.8 -0.19 0.06
1.4 -3.6 -0.18 0.055
1.4 -3.4 -0.17 0.05
1.4 -3.2 -0.16 0.045
1.4 -3 -0.15 0.04
1.4 -2.8 -0.14 0.035
1.4 -2.6 -0.13 0.03
1.4 -2.4 -0.12 0.025
1.4 -2.2 -0.11 0.02
1.4 -2 -0.1 0.015
1.4 -1.8 -0.09 0.01
1.4 -1.6 -0.08 0.00500002
1.4 -1.4 -0.07 1.49012e-08
1.4 -1.2 -0.06 -0.00499999
1.4 -1 -0.05 -0.00999999
1.4 -0.8 -0.04 -0.015
1.4 -0.6 -0.03 -0.02
1.4 -0.4 -0.02 -0.025
1.4 -0.2 -0.01 -0.03
1.4 -2.68221e-07 -1.3411e-08 -0.035
1.4 0.2 0.00999999 -0.04
1.4 0.4 0.02 -0.045
1.4 0.6 0.03 -0.05
1.4 0.8 0.04 -0.055
1.4 1 0.05 -0.06
1.4 1.2 0.06 -0.065
1.4 1.4 0.07 -0.07
1.4 1.6 0.08 -0.075
1.4 1.8 0.09 -0.08
1.4 2 0.1 -0.085
1.4 2.2 0.11 -0.09
1.4 2.4 0.12 -0.095
1.4 2.6 0.13 -0.1
1.4 2.8 0.14 -0.105
1.4 3 0.15 -0.11
1.4 3.2 0.16 -0.115
1.4 3.4 0.17 -0.12
1.4 3.6 0.18 -0.125
1.4 3.8 0.19 -0.13
1.4 4 0.2 -0.135
1.4 4.2 0.21 -0.14
1.4 4.4 0.22 -0.145
1.4 4.6 0.23 -0.15
1.4 4.8 0.24 -0.155
1.4 5 0.25 -0.16
1.6 -5 -0.25 0.085
1.6 -4.8 -0.24 0.08
1.6 -4.6 -0.23 0.075
1.6 -4.4 -0.22 0.07
1.6 -4.2 -0.21 0.065
1.6 -4 -0.2 0.06
1.6 -3.8 -0.19 0.055
1.6 -3.6 -0.18 0.05
1.6 -3.4 -0.17 0.045
1.6 -3.2 -0.16 0.04
1.6 -3 -0.15 0.035
1.6 -2.8 -0.14 0.03
1.6 -2.6 -0.13 0.025
1.6 -2.4 -0.12 0.02
1.6 -2.2 -0.11 0.015
1.6 -2 -0.1 0.01
1.6 -1.8 -0.09 0.00500002
1.6 -1.6 -0.08 1.49012e-08
1.6 -1.4 -0.07 -0.00499999
1.6 -1.2 -0.06 -0.00999999
1.6 -1 -0.05 -0.015
1.6 -0.8 -0.04 -0.02
1.6 -0.6 -0.03 -0.025
1.6 -0.4 -0.02 -0.03
1.6 -0.2 -0.01 -0.035
1.6 -2.68221e-07 -1.3411e-08 -0.04
1.6 0.2 0.00999999 -0.045
1.6 0.4 0.02 -0.05
1.6 0.6 0.03 -0.055
1.6 0.8 0.04 -0.06
1.6 1 0.05 -0.065
1.6 1.2 0.06 -0.07
1.6 1.4 0.07 -0.075
1.6 1.6 0.08 -0.08
1.6 1.8 0.09 -0.085
1.6 2 0.1 -0.09
1.6 2.2 0.11 -0.095
1.6 2.4 0.12 -0.1
1.6 2.6 0.13 -0.105
1.6 2.8 0.14 -0.11
1.6 3 0.15 -0.115
1.6 3.2 0.16 -0.12
1.6 3.4 0.17 -0.125
1.6 3.6 0.18 -0.13
1.6 3.8 0.19 -0.135
1.6 4 0.2 -0.14
1.6 4.2 0.21 -0.145
1.6 4.4 0.22 -0.15
1.6 4.6 0.23 -0.155
1.6 4.8 0.24 -0.16
1.6 5 0.25 -0.165
1.8 -5 -0.25 0.08
1.8 -4.8 -0.24 0.075
1.8 -4.6 -0.23 0.07
1.8 -4.4 -0.22 0.065
1.8 -4.2 -0.21 0.06
1.8 -4 -0.2 0.055
1.8 -3.8 -0.19 0.05
1.8 -3.6 -0.18 0.045
1.8 -3.4 -0.17 0.04
1.8 -3.2 -0.16 0.035
1.8 -3 -0.15 0.03
1.8 -2.8 -0.14 0.025
1.8 -2.6 -0.13 0.02
1.8 -2.4 -0.12 0.015
1.8 -2.2 -0.11 0.01
1.8 -2 -0.1 0.00500002
1.8 -1.8 -0.09 1.49012e-08
1.8 -1.6 -0.08 -0.00499999
1.8 -1.4 -0.07 -0.00999999
1.8 -1.2 -0.06 -0.015
1.8 -1 -0.05 -0.02
1.8 -0.8 -0.04 -0.025
1.8 -0.6 -0.03 -0.03
1.8 -0.4 -0.02 -0.035
1.8 -0.2 -0.01 -0.04
1.8 -2.68221e-07 -1.3411e-08 -0.045
1.8 0.2 0.00999999 -0.05
1.8 0.4 0.02 -0.055
1.8 0.6 0.03 -0.06
1.8 0.8 0.04 -0.065
1.8 1 0.05 -0.07
1.8 1.2 0.06 -0.075
1.8 1.4 0.07 -0.08
1.8 1.6 0.08 -0.085
1.8 1.8 0.09 -0.09
1.8 2 0.1 -0.095
1.8 2.2 0.11 -0.1
1.8 2.4 0.12 -0.105
1.8 2.6 0.13 -0.11
1.8 2.8 0.14 -0.115
1.8 3 0.15 -0.12
1.8 3.2 0.16 -0.125
1.8 3.4 0.17 -0.13
1.8 3.6 0.18 -0.135
1.8 3.8 0.19 -0.14
1.8 4 0.2 -0.145
1.8 4.2 0.21 -0.15
1.8 4.4 0.22 -0.155
1.8 4.6 0.23 -0.16
1.8 4.8 0.24 -0.165
1.8 5 0.25 -0.17
2 -5 -0.25 0.075
2 -4.8 -0.24 0.07
2 -4.6 -0.23 0.065
2 -4.4 -0.22 0.06
2 -4.2 -0.21 0.055
2 -4 -0.2 0.05
2 -3.8 -0.19 0.045
2 -3.6 -0.18 0.04
2 -3.4 -0.17 0.035
2 -3.2 -0.16 0.03
2 -3 -0.15 0.025
2 -2.8 -0.14 0.02
2 -2.6 -0.13 0.015
2 -2.4 -0.12 0.01
2 -2.2 -0.11 0.00500002
2 -2 -0.1 1.49012e-08
2 -1.8 -0.09 -0.00499999
2 -1.6 -0.08 -0.00999999
2 -1.4 -0.07 -0.015
2 -1.2 -0.06 -0.02
2 -1 -0.05 -0.025
2 -0.8 -0.04 -0.03
2 -0.6 -0.03 -0.035
2 -0.4 -0.02 -0.04
2 -0.2 -0.01 -0.045
2 -2.68221e-07 -1.3411e-08 -0.05
2 0.2 0.00999999 -0.055
2 0.4 0.02 -0.06
2 0.6 0.03 -0.065
2 0.8 0.04 -0.07
2 1 0.05 -0.075
2 1.2 0.06 -0.08
2 1.4 0.07 -0.085
2 1.6 0.08 -0.09
2 1.8 0.09 -0.095
2 2 0.1 -0.1
2 2.2 0.11 -0.105
2 2.4 0.12 -0.11
2 2.6 0.13 -0.115
2 2.8 0.14 -0.12
2 3 0.15 -0.125
2 3.2 0.16 -0.13
2 3.4 0.17 -0.135
2 3.6 0.18 -0.14
2 3.8 0.19 -0.145
2 4 0.2 -0.15
2 4.2 0.21 -0.155
2 4.4 0.22 -0.16
2 4.6 0.23 -0.165
2 4.8 0.24 -0.17
2 5 0.25 -0.175
2.2 -5 -0.25 0.07
2.2 -4.8 -0.24 0.065
2.2 -4.6 -0.23 0.06
2.2 -4.4 -0.22 0.055
2.2 -4.2 -0.21 0.05
2.2 -4 -0.2 0.045
2.2 -3.8 -0.19 0.04
2.2 -3.6 -0.18 0.035
2.2 -3.4 -0.17 0.03
2.2 -3.2 -0.16 0.025
2.2 -3 -0.15 0.02
2.2 -2.8 -0.14 0.015
2.2 -2.6 -0.13 0.01
2.2 -2.4 -0.12 0.00500002
2.2 -2.2 -0.11 1.78814e-08
2.2 -2 -0.1 -0.00499998
2.2 -1.8 -0.09 -0.00999998
2.2 -1.6 -0.08 -0.015
2.2 -1.4 -0.07 -0.02
2.2 -1.2 -0.06 -0.025
2.2 -1 -0.05 -0.03
2.2 -0.8 -0.04 -0.035
2.2 -0.6 -0.03 -0.04
2.2 -0.4 -0.02 -0.045
2.2 -0.2 -0.01 -0.05
2.2 -2.68221e-07 -1.3411e-08 -0.055
2.2 0.2 0.00999999 -0.06
2.2 0.4 0.02 -0.065
2.2 0.6 0.03 -0.07
2.2 0.8 0.04 -0.075
2.2 1 0.05 -0.08
2.2 1.2 0.06 -0.085
2.2 1.4 0.07 -0.09
2.2 1.6 0.08 -0.095
2.2 1.8 0.09 -0.1
2.2 2 0.1 -0.105
2.2 2.2 0.11 -0.11
2.2 2.4 0.12 -0.115
2.2 2.6 0.13 -0.12
2.2 2.8 0.14 -0.125
2.2 3 0.15 -0.13
2.2 3.2 0.16 -0.135
2.2 3.4 0.17 -0.14
2.2 3.6 0.18 -0.145
2.2 3.8 0.19 -0.15
2.2 4 0.2 -0.155
2.2 4.2 0.21 -0.16
2.2 4.4 0.22 -0.165
2.2 4.6 0.23 -0.17
2.2 4.8 0.24 -0.175
2.2 5 0.25 -0.18
2.4 -5 -0.25 0.065
2.4 -4.8 -0.24 0.06
2.4 -4.6 -0.23 0.055
2.4 -4.4 -0.22 0.05
2.4 -4.2 -0.21 0.045
2.4 -4 -0.2 0.04
2.4 -3.8 -0.19 0.035
2.4 -3.6 -0.18 0.03
2.4 -3.4 -0.17 0.025
2.4 -3.2 -0.16 0.02
2.4 -3 -0.15 0.015
2.4 -2.8 -0.14 0.01
2.4 -2.6 -0.13 0.00500002
2.4 -2.4 -0.12 1.78814e-08
2.4 -2.2 -0.11 -0.00499998
2.4 -2 -0.1 -0.00999998
2.4 -1.8 -0.09 -0.015
2.4 -1.6 -0.08 -0.02
2.4 -1.4 -0.07 -0.025
2.4 -1.2 -0.06 -0.03
2.4 -1 -0.05 -0.035
2.4 -0.8 -0.04 -0.04
2.4 -0.6 -0.03 -0.045
2.4 -0.4 -0.02 -0.05
2.4 -0.2 -0.01 -0.055
2.4 -2.68221e-07 -1.3411e-08 -0.06
2.4 0.2 0.00999999 -0.065
2.4 0.4 0.02 -0.07
2.4 0.6 0.03 -0.075
2.4 0.8 0.04 -0.08
2.4 1 0.05 -0.085
2.4 1.2 0.06 -0.09
2.4 1.4 0.07 -0.095
2.4 1.6 0.08 -0.1
2.4 1.8 0.09 -0.105
2.4 2 0.1 -0.11
2.4 2.2 0.11 -0.115
2.4 2.4 0.12 -0.12
2.4 2.6 0.13 -0.125
2.4 2.8 0.14 -0.13
2.4 3 0.15 -0.135
2.4 3.2 0.16 -0.14
2.4 3.4 0.17 -0.145
2.4 3.6 0.18 -0.15
2.4 3.8 0.19 -0.155
2.4 4 0.2 -0.16
2.4 4.2 0.21 -0.165
2.4 4.4 0.22 -0.17
2.4 4.6 0.23 -0.175
2.4 4.8 0.24 -0.18
2.4 5 0.25 -0.185
2.6 -5 -0.25 0.06
2.6 -4.8 -0.24 0.055
2.6 -4.6 -0.23 0.05
2.6 -4.4 -0.22 0.045
2.6 -4.2 -0.21 0.04
2.6 -4 -0.2 0.035
2.6 -3.8 -0.19 0.03
2.6 -3.6 -0.18 0.025
2.6 -3.4 -0.17 0.02
2.6 -3.2 -0.16 0.015
2.6 -3 -0.15 0.01
2.6 -2.8 -0.14 0.00500002
2.6 -2.6 -0.13 1.78814e-08
2.6 -2.4 -0.12 -0.00499998
2.6 -2.2 -0.11 -0.00999998
2.6 -2 -0.1 -0.015
2.6 -1.8 -0.09 -0.02
2.6 -1.6 -0.08 -0.025
2.6 -1.4 -0.07 -0.03
2.6 -1.2 -0.06 -0.035
2.6 -1 -0.05 -0.04
2.6 -0.8 -0.04 -0.045
2.6 -0.6 -0.03 -0.05
2.6 -0.4 -0.02 -0.055
2.6 -0.2 -0.01 -0.06
2.6 -2.68221e-07 -1.3411e-08 -0.065
2.6 0.2 0.00999999 -0.07
2.6 0.4 0.02 -0.075
2.6 0.6 0.03 -0.08
2.6 0.8 0.04 -0.085
2.6 1 0.05 -0.09
2.6 1.2 0.06 -0.095
2.6 1.4 0.07 -0.1
2.6 1.6 0.08 -0.105
2.6 1.8 0.09 -0.11
2.6 2 0.1 -0.115
2.6 2.2 0.11 -0.12
2.6 2.4 0.12 -0.125
2.6 2.6 0.13 -0.13
2.6 2.8 0.14 -0.135
2.6 3 0.15 -0.14
2.6 3.2 0.16 -0.145
2.6 3.4 0.17 -0.15
2.6 3.6 0.18 -0.155
2.6 3.8 0.19 -0.16
2.6 4 0.2 -0.165
2.6 4.2 0.21 -0.17
2.6 4.4 0.22 -0.175
2.6 4.6 0.23 -0.18
2.6 4.8 0.24 -0.185
2.6 5 0.25 -0.19
2.8 -5 -0.25 0.055
2.8 -4.8 -0.24 0.05
2.8 -4.6 -0.23 0.045
2.8 -4.4 -0.22 0.04
2.8 -4.2 -0.21 0.035
2.8 -4 -0.2 0.03
2.8 -3.8 -0.19 0.025
2.8 -3.6 -0.18 0.02
2.8 -3.4 -0.17 0.015
2.8 -3.2 -0.16 0.01
2.8 -3 -0.15 0.00500002
2.8 -2.8 -0.14 1.78814e-08
2.8 -2.6 -0.13 -0.00499998
2.8 -2.4 -0.12 -0.00999998
2.8 -2.2 -0.11 -0.015
2.8 -2 -0.1 -0.02
2.8 -1.8 -0.09 -0.025
2.8 -1.6 -0.08 -0.03
2.8 -1.4 -0.07 -0.035
2.8 -1.2 -0.06 -0.04
2.8 -1 -0.05 -0.045
2.8 -0.8 -0.04 -0.05
2.8 -0.6 -0.03 -0.055
2.8 -0.4 -0.02 -0.06
2.8 -0.2 -0.01 -0.065
2.8 -2.68221e-07 -1.3411e-08 -0.07
2.8 0.2 0.00999999 -0.075
2.8 0.4 0.02 -0.08
2.8 0.6 0.03 -0.085
2.8 0.8 0.04 -0.09
2.8 1 0.05 -0.095
2.8 1.2 0.06 -0.1
2.8 1.4 0.07 -0.105
2.8 1.6 0.08 -0.11
2.8 1.8 0.09 -0.115
2.8 2 0.1 -0.12
2.8 2.2 0.11 -0.125
2.8 2.4 0.12 -0.13
2.8 2.6 0.13 -0.135
2.8 2.8 0.14 -0.14
2.8 3 0.15 -0.145
2.8 3.2 0.16 -0.15
2.8 3.4 0.17 -0.155
2.8 3.6 0.18 -0.16
2.8 3.8 0.19 -0.165
2.8 4 0.2 -0.17
2.8 4.2 0.21 -0.175
2.8 4.4 0.22 -0.18
2.8 4.6 0.23 -0.185
2.8 4.8 0.24 -0.19
2.8 5 0.25 -0.195
3 -5 -0.25 0.05
3 -4.8 -0.24 0.045
3 -4.6 -0.23 0.04
3 -4.4 -0.22 0.035
3 -4.2 -0.21 0.03
3 -4 -0.2 0.025
3 -3.8 -0.19 0.02
3 -3.6 -0.18 0.015
3 -3.4 -0.17 0.01
3 -3.2 -0.16 0.00500002
3 -3 -0.15 1.78814e-08
3 -2.8 -0.14 -0.00499998
3 -2.6 -0.13 -0.00999998
3 -2.4 -0.12 -0.015
3 -2.2 -0.11 -0.02
3 -2 -0.1 -0.025
3 -1.8 -0.09 -0.03
3 -1.6 -0.08 -0.035
3 -1.4 -0.07 -0.04
3 -1.2 -0.06 -0.045
3 -1 -0.05 -0.05
3 -0.8 -0.04 -0.055
3 -0.6 -0.03 -0.06
3 -0.4 -0.02 -0.065
3 -0.2 -0.01 -0.07
3 -2.68221e-07 -1.3411e-08 -0.075
3 0.2 0.00999999 -0.08
3 0.4 0.02 -0.085
3 0.6 0.03 -0.09
3 0.8 0.04 -0.095
3 1 0.05 -0.1
3 1.2 0.06 -0.105
3 1.4 0.07 -0.11
3 1.6 0.08 -0.115
3 1.8 0.09 -0.12
3 2 0.1 -0.125
3 2.2 0.11 -0.13
3 2.4 0.12 -0.135
3 2.6 0.13 -0.14
3 2.8 0.14 -0.145
3 3 0.15 -0.15
3 3.2 0.16 -0.155
3 3.4 0.17 -0.16
3 3.6 0.18 -0.165
3 3.8 0.19 -0.17
3 4 0.2 -0.175
3 4.2 0.21 -0.18
3 4.4 0.22 -0.185
3 4.6 0.23 -0.19
3 4.8 0.24 -0.195
3 5 0.25 -0.2
3.2 -5 -0.25 0.045
3.2 -4.8 -0.24 0.04
3.2 -4.6 -0.23 0.035
3.2 -4.4 -0.22 0.03
3.2 -4.2 -0.21 0.025
3.2 -4 -0.2 0.02
3.2 -3.8 -0.19 0.015
3.2 -3.6 -0.18 0.01
3.2 -3.4 -0.17 0.00500002
3.2 -3.2 -0.16 1.78814e-08
3.2 -3 -0.15 -0.00499998
3.2 -2.8 -0.14 -0.00999998
3.2 -2.6 -0.13 -0.015
3.2 -2.4 -0.12 -0.02
3.2 -2.2 -0.11 -0.025
3.2 -2 -0.1 -0.03
3.2 -1.8 -0.09 -0.035
3.2 -1.6 -0.08 -0.04
3.2 -1.4 -0.07 -0.045
3.2 -1.2 -0.06 -0.05
3.2 -1 -0.05 -0.055
3.2 -0.8 -0.04 -0.06
3.2 -0.6 -0.03 -0.065
3.2 -0.4 -0.02 -0.07
3.2 -0.2 -0.01 -0.075
3.2 -2.68221e-07 -1.3411e-08 -0.08
3.2 0.2 0.00999999 -0.085
3.2 0.4 0.02 -0.09
3.2 0.6 0.03 -0.095
3.2 0.8 0.04 -0.1
3.2 1 0.05 -0.105
3.2 1.2 0.06 -0.11
3.2 1.4 0.07 -0.115
3.2 1.6 0.08 -0.12
3.2 1.8 0.09 -0.125
3.2 2 0.1 -0.13
3.2 2.2 0.11 -0.135
3.2 2.4 0.12 -0.14
3.2 2.6 0.13 -0.145
3.2 2.8 0.14 -0.15
3.2 3 0.15 -0.155
3.2 3.2 0.16 -0.16
3.2 3.4 0.17 -0.165
3.2 3.6 0.18 -0.17
3.2 3.8 0.19 -0.175
3.2 4 0.2 -0.18
3.2 4.2 0.21 -0.185
3.2 4.4 0.22 -0.19
3.2 4.6 0.23 -0.195
3.2 4.8 0.24 -0.2
3.2 5 0.25 -0.205
3.4 -5 -0.25 0.04
3.4 -4.8 -0.24 0.035
3.4 -4.6 -0.23 0.03
3.4 -4.4 -0.22 0.025
3.4 -4.2 -0.21 0.02
3.4 -4 -0.2 0.015
3.4 -3.8 -0.19 0.01
3.4 -3.6 -0.18 0.00500002
3.4 -3.4 -0.17 1.78814e-08
3.4 -3.2 -0.16 -0.00499998
3.4 -3 -0.15 -0.00999998
3.4 -2.8 -0.14 -0.015
3.4 -2.6 -0.13 -0.02
3.4 -2.4 -0.12 -0.025
3.4 -2.2 -0.11 -0.03
3.4 -2 -0.1 -0.035
3.4 -1.8 -0.09 -0.04
3.4 -1.6 -0.08 -0.045
3.4 -1.4 -0.07 -0.05
3.4 -1.2 -0.06 -0.055
3.4 -1 -0.05 -0.06
3.4 -0.8 -0.04 -0.065
3.4 -0.6 -0.03 -0.07
3.4 -0.4 -0.02 -0.075
3.4 -0.2 -0.01 -0.08
3.4 -2.68221e-07 -1.3411e-08 -0.085
3.4 0.2 0.00999999 -0.09
3.4 0.4 0.02 -0.095
3.4 0.6 0.03 -0.1
3.4 0.8 0.04 -0.105
3.4 1 0.05 -0.11
3.4 1.2 0.06 -0.115
3.4 1.4 0.07 -0.12
3.4 1.6 0.08 -0.125
3.4 1.8 0.09 -0.13
3.4 2 0.1 -0.135
3.4 2.2 0.11 -0.14
3.4 2.4 0.12 -0.145
3.4 2.6 0.13 -0.15
3.4 2.8 0.14 -0.155
3.4 3 0.15 -0.16
3.4 3.2 0.16 -0.165
3.4 3.4 0.17 -0.17
3.4 3.6 0.18 -0.175
3.4 3.8 0.19 -0.18
3.4 4 0.2 -0.185
3.4 4.2 0.21 -0.19
3.4 4.4 0.22 -0.195
3.4 4.6 0.23 -0.2
3.4 4.8 0.24 -0.205
3.4 5 0.25 -0.21
3.6 -5 -0.25 0.035
3.6 -4.8 -0.24 0.03
3.6 -4.6 -0.23 0.025
3.6 -4.4 -0.22 0.02
3.6 -4.2 -0.21 0.015
3.6 -4 -0.2 0.01
3.6 -3.8 -0.19 0.00500002
3.6 -3.6 -0.18 1.78814e-08
3.6 -3.4 -0.17 -0.00499998
3.6 -3.2 -0.16 -0.00999998
3.6 -3 -0.15 -0.015
3.6 -2.8 -0.14 -0.02
3.6 -2.6 -0.13 -0.025
3.6 -2.4 -0.12 -0.03
3.6 -2.2 -0.11 -0.035
3.6 -2 -0.1 -0.04
3.6 -1.8 -0.09 -0.045
3.6 -1.6 -0.08 -0.05
3.6 -1.4 -0.07 -0.055
3.6 -1.2 -0.06 -0.06
3.6 -1 -0.05 -0.065
3.6 -0.8 -0.04 -0.07
3.6 -0.6 -0.03 -0.075
3.6 -0.4 -0.02 -0.08
3.6 -0.2 -0.01 -0.085
3.6 -2.68221e-07 -1.3411e-08 -0.09
3.6 0.2 0.00999999 -0.095
3.6 0.4 0.02 -0.1
3.6 0.6 0.03 -0.105
3.6 0.8 0.04 -0.11
3.6 1 0.05 -0.115
3.6 1.2 0.06 -0.12
3.6 1.4 0.07 -0.125
3.6 1.6 0.08 -0.13
3.6 1.8 0.09 -0.135
3.6 2 0.1 -0.14
3.6 2.2 0.11 -0.145
3.6 2.4 0.12 -0.15
3.6 2.6 0.13 -0.155
3.6 2.8 0.14 -0.16
3.6 3 0.15 -0.165
3.6 3.2 0.16 -0.17
3.6 3.4 0.17 -0.175
3.6 3.6 0.18 -0.18
3.6 3.8 0.19 -0.185
3.6 4 0.2 -0.19
3.6 4.2 0.21 -0.195
3.6 4.4 0.22 -0.2
3.6 4.6 0.23 -0.205
3.6 4.8 0.24 -0.21
3.6 5 0.25 -0.215
3.8 -5 -0.25 0.03
3.8 -4.8 -0.24 0.025
3.8 -4.6 -0.23 0.02
3.8 -4.4 -0.22 0.015
3.8 -4.2 -0.21 0.01
3.8 -4 -0.2 0.00500002
3.8 -3.8 -0.19 1.78814e-08
3.8 -3.6 -0.18 -0.00499998
3.8 -3.4 -0.17 -0.00999998
3.8 -3.2 -0.16 -0.015
3.8 -3 -0.15 -0.02
3.8 -2.8 -0.14 -0.025
3.8 -2.6 -0.13 -0.03
3.8 -2.4 -0.12 -0.035
3.8 -2.2 -0.11 -0.04
3.8 -2 -0.1 -0.045
3.8 -1.8 -0.09 -0.05
3.8 -1.6 -0.08 -0.055
3.8 -1.4 -0.07 -0.06
3.8 -1.2 -0.06 -0.065
3.8 -1 -0.05 -0.07
3.8 -0.8 -0.04 -0.075
3.8 -0.6 -0.03 -0.08
3.8 -0.4 -0.02 -0.085
3.8 -0.2 -0.01 -0.09
3.8 -2.68221e-07 -1.3411e-08 -0.095
3.8 0.2 0.00999999 -0.1
3.8 0.4 0.02 -0.105
3.8 0.6 0.03 -0.11
3.8 0.8 0.04 -0.115
3.8 1 0.05 -0.12
3.8 1.2 0.06 -0.125
3.8 1.4 0.07 -0.13
3.8 1.6 0.08 -0.135
3.8 1.8 0.09 -0.14
3.8 2 0.1 -0.145
3.8 2.2 0.11 -0.15
3.8 2.4 0.12 -0.155
3.8 2.6 0.13 -0.16
3.8 2.8 0.14 -0.165
3.8 3 0.15 -0.17
3.8 3.2 0.16 -0.175
3.8 3.4 0.17 -0.18
3.8 3.6 0.18 -0.185
3.8 3.8 0.19 -0.19
3.8 4 0.2 -0.195
3.8 4.2 0.21 -0.2
3.8 4.4 0.22 -0.205
3.8 4.6 0.23 -0.21
3.8 4.8 0.24 -0.215
3.8 5 0.25 -0.22
4 -5 -0.25 0.025
4 -4.8 -0.24 0.02
4 -4.6 -0.23 0.015
4 -4.4 -0.22 0.01
4 -4.2 -0.21 0.00500002
4 -4 -0.2 2.38419e-08
4 -3.8 -0.19 -0.00499998
4 -3.6 -0.18 -0.00999998
4 -3.4 -0.17 -0.015
4 -3.2 -0.16 -0.02
4 -3 -0.15 -0.025
4 -2.8 -0.14 -0.03
4 -2.6 -0.13 -0.035
4 -2.4 -0.12 -0.04
4 -2.2 -0.11 -0.045
4 -2 -0.1 -0.05
4 -1.8 -0.09 -0.055
4 -1.6 -0.08 -0.06
4 -1.4 -0.07 -0.065
4 -1.2 -0.06 -0.07
4 -1 -0.05 -0.075
4 -0.8 -0.04 -0.08
4 -0.6 -0.03 -0.085
4 -0.4 -0.02 -0.09
4 -0.2 -0.01 -0.095
4 -2.68221e-07 -1.3411e-08 -0.1
4 0.2 0.00999999 -0.105
4 0.4 0.02 -0.11
4 0.6 0.03 -0.115
4 0.8 0.04 -0.12
4 1 0.05 -0.125
4 1.2 0.06 -0.13
4 1.4 0.07 -0.135
4 1.6 0.08 -0.14
4 1.8 0.09 -0.145
4 2 0.1 -0.15
4 2.2 0.11 -0.155
4 2.4 0.12 -0.16
4 2.6 0.13 -0.165
4 2.8 0.14 -0.17
4 3 0.15 -0.175
4 3.2 0.16 -0.18
4 3.4 0.17 -0.185
4 3.6 0.18 -0.19
4 3.8 0.19 -0.195
4 4 0.2 -0.2
4 4.2 0.21 -0.205
4 4.4 0.22 -0.21
4 4.6 0.23 -0.215
4 4.8 0.24 -0.22
4 5 0.25 -0.225
4.2 -5 -0.25 0.02
4.2 -4.8 -0.24 0.015
4.2 -4.6 -0.23 0.01
4.2 -4.4 -0.22 0.00500002
4.2 -4.2 -0.21 2.38419e-08
4.2 -4 -0.2 -0.00499997
4.2 -3.8 -0.19 -0.00999997
4.2 -3.6 -0.18 -0.015
4.2 -3.4 -0.17 -0.02
4.2 -3.2 -0.16 -0.025
4.2 -3 -0.15 -0.03
4.2 -2.8 -0.14 -0.035
4.2 -2.6 -0.13 -0.04
4.2 -2.4 -0.12 -0.045
4.2 -2.2 -0.11 -0.05
4.2 -2 -0.1 -0.055
4.2 -1.8 -0.09 -0.06
4.2 -1.6 -0.08 -0.065
4.2 -1.4 -0.07 -0.07
4.2 -1.2 -0.06 -0.075
4.2 -1 -0.05 -0.08
4.2 -0.8 -0.04 -0.085
4.2 -0.6 -0.03 -0.09
4.2 -0.4 -0.02 -0.095
4.2 -0.2 -0.01 -0.1
4.2 -2.68221e-07 -1.3411e-08 -0.105
4.2 0.2 0.00999999 -0.11
4.2 0.4 0.02 -0.115
4.2 0.6 0.03 -0.12
4.2 0.8 0.04 -0.125
4.2 1 0.05 -0.13
4.2 1.2 0.06 -0.135
4.2 1.4 0.07 -0.14
4.2 1.6 0.08 -0.145
4.2 1.8 0.09 -0.15
4.2 2 0.1 -0.155
4.2 2.2 0.11 -0.16
4.2 2.4 0.12 -0.165
4.2 2.6 0.13 -0.17
4.2 2.8 0.14 -0.175
4.2 3 0.15 -0.18
4.2 3.2 0.16 -0.185
4.2 3.4 0.17 -0.19
4.2 3.6 0.18 -0.195
4.2 3.8 0.19 -0.2
4.2 4 0.2 -0.205
4.2 4.2 0.21 -0.21
4.2 4.4 0.22 -0.215
4.2 4.6 0.23 -0.22
4.2 4.8 0.24 -0.225
4.2 5 0.25 -0.23
4.4 -5 -0.25 0.015
4.4 -4.8 -0.24 0.01
4.4 -4.6 -0.23 0.00500002
4.4 -4.4 -0.22 2.38419e-08
4.4 -4.2 -0.21 -0.00499997
4.4 -4 -0.2 -0.00999997
4.4 -3.8 -0.19 -0.015
4.4 -3.6 -0.18 -0.02
4.4 -3.4 -0.17 -0.025
4.4 -3.2 -0.16 -0.03
4.4 -3 -0.15 -0.035
4.4 -2.8 -0.14 -0.04
4.4 -2.6 -0.13 -0.045
4.4 -2.4 -0.12 -0.05
4.4 -2.2 -0.11 -0.055
4.4 -2 -0.1 -0.06
4.4 -1.8 -0.09 -0.065
4.4 -1.6 -0.08 -0.07
4.4 -1.4 -0.07 -0.075
4.4 -1.2 -0.06 -0.08
4.4 -1 -0.05 -0.085
4.4 -0.8 -0.04 -0.09
4.4 -0.6 -0.03 -0.095
4.4 -0.4 -0.02 -0.1
4.4 -0.2 -0.01 -0.105
4.4 -2.68221e-07 -1.3411e-08 -0.11
4.4 0.2 0.00999999 -0.115
4.4 0.4 0.02 -0.12
4.4 0.6 0.03 -0.125
4.4 0.8 0.04 -0.13
4.4 1 0.05 -0.135
4.4 1.2 0.06 -0.14
4.4 1.4 0.07 -0.145
4.4 1.6 0.08 -0.15
4.4 1.8 0.09 -0.155
4.4 2 0.1 -0.16
4.4 2.2 0.11 -0.165
4.4 2.4 0.12 -0.17
4.4 2.6 0.13 -0.175
4.4 2.8 0.14 -0.18
4.4 3 0.15 -0.185
4.4 3.2 0.16 -0.19
4.4 3.4 0.17 -0.195
4.4 3.6 0.18 -0.2
4.4 3.8 0.19 -0.205
4.4 4 0.2 -0.21
4.4 4.2 0.21 -0.215
4.4 4.4 0.22 -0.22
4.4 4.6 0.23 -0.225
4.4 4.8 0.24 -0.23
4.4 5 0.25 -0.235
4.6 -5 -0.25 0.01
4.6 -4.8 -0.24 0.00500002
4.6 -4.6 -0.23 2.38419e-08
4.6 -4.4 -0.22 -0.00499997
4.6 -4.2 -0.21 -0.00999997
4.6 -4 -0.2 -0.015
4.6 -3.8 -0.19 -0.02
4.6 -3.6 -0.18 -0.025
4.6 -3.4 -0.17 -0.03
4.6 -3.2 -0.16 -0.035
4.6 -3 -0.15 -0.04
4.6 -2.8 -0.14 -0.045
4.6 -2.6 -0.13 -0.05
4.6 -2.4 -0.12 -0.055
4.6 -2.2 -0.11 -0.06
4.6 -2 -0.1 -0.065
4.6 -1.8 -0.09 -0.07
4.6 -1.6 -0.08 -0.075
4.6 -1.4 -0.07 -0.08
4.6 -1.2 -0.06 -0.085
4.6 -1 -0.05 -0.09
4.6 -0.8 -0.04 -0.095
4.6 -0.6 -0.03 -0.1
4.6 -0.4 -0.02 -0.105
4.6 -0.2 -0.01 -0.11
4.6 -2.68221e-07 -1.3411e-08 -0.115
4.6 0.2 0.00999999 -0.12
4.6 0.4 0.02 -0.125
4.6 0.6 0.03 -0.13
4.6 0.8 0.04 -0.135
4.6 1 0.05 -0.14
4.6 1.2 0.06 -0.145
4.6 1.4 0.07 -0.15
4.6 1.6 0.08 -0.155
4.6 1.8 0.09 -0.16
4.6 2 0.1 -0.165
4.6 2.2 0.11 -0.17
4.6 2.4 0.12 -0.175
4.6 2.6 0.13 -0.18
4.6 2.8 0.14 -0.185
4.6 3 0.15 -0.19
4.6 3.2 0.16 -0.195
4.6 3.4 0.17 -0.2
4.6 3.6 0.18 -0.205
4.6 3.8 0.19 -0.21
4.6 4 0.2 -0.215
4.6 4.2 0.21 -0.22
4.6 4.4 0.22 -0.225
4.6 4.6 0.23 -0.23
4.6 4.8 0.24 -0.235
4.6 5 0.25 -0.24
4.8 -5 -0.25 0.00500002
4.8 -4.8 -0.24 2.38419e-08
4.8 -4.6 -0.23 -0.00499997
4.8 -4.4 -0.22 -0.00999997
4.8 -4.2 -0.21 -0.015
4.8 -4 -0.2 -0.02
4.8 -3.8 -0.19 -0.025
4.8 -3.6 -0.18 -0.03
4.8 -3.4 -0.17 -0.035
4.8 -3.2 -0.16 -0.04
4.8 -3 -0.15 -0.045
4.8 -2.8 -0.14 -0.05
4.8 -2.6 -0.13 -0.055
4.8 -2.4 -0.12 -0.06
4.8 -2.2 -0.11 -0.065
4.8 -2 -0.1 -0.07
4.8 -1.8 -0.09 -0.075
4.8 -1.6 -0.08 -0.08
4.8 -1.4 -0.07 -0.085
4.8 -1.2 -0.06 -0.09
4.8 -1 -0.05 -0.095
4.8 -0.8 -0.04 -0.1
4.8 -0.6 -0.03 -0.105
4.8 -0.4 -0.02 -0.11
4.8 -0.2 -0.01 -0.115
4.8 -2.68221e-07 -1.3411e-08 -0.12
4.8 0.2 0.00999999 -0.125
4.8 0.4 0.02 -0.13
4.8 0.6 0.03 -0.135
4.8 0.8 0.04 -0.14
4.8 1 0.05 -0.145
4.8 1.2 0.06 -0.15
4.8 1.4 0.07 -0.155
4.8 1.6 0.08 -0.16
4.8 1.8 0.09 -0.165
4.8 2 0.1 -0.17
4.8 2.2 0.11 -0.175
4.8 2.4 0.12 -0.18
4.8 2.6 0.13 -0.185
4.8 2.8 0.14 -0.19
4.8 3 0.15 -0.195
4.8 3.2 0.16 -0.2
4.8 3.4 0.17 -0.205
4.8 3.6 0.18 -0.21
4.8 3.8 0.19 -0.215
4.8 4 0.2 -0.22
4.8 4.2 0.21 -0.225
4.8 4.4 0.22 -0.23
4.8 4.6 0.23 -0.235
4.8 4.8 0.24 -0.24
4.8 5 0.25 -0.245
5 -5 -0.25 2.38419e-08
5 -4.8 -0.24 -0.00499997
5 -4.6 -0.23 -0.00999997
5 -4.4 -0.22 -0.015
5 -4.2 -0.21 -0.02
5 -4 -0.2 -0.025
5 -3.8 -0.19 -0.03
5 -3.6 -0.18 -0.035
5 -3.4 -0.17 -0.04
5 -3.2 -0.16 -0.045
5 -3 -0.15 -0.05
5 -2.8 -0.14 -0.055
5 -2.6 -0.13 -0.06
5 -2.4 -0.12 -0.065
5 -2.2 -0.11 -0.07
5 -2 -0.1 -0.075
5 -1.8 -0.09 -0.08
5 -1.6 -0.08 -0.085
5 -1.4 -0.07 -0.09
5 -1.2 -0.06 -0.095
5 -1 -0.05 -0.1
5 -0.8 -0.04 -0.105
5 -0.6 -0.03 -0.11
5 -0.4 -0.02 -0.115
5 -0.2 -0.01 -0.12
5 -2.68221e-07 -1.3411e-08 -0.125
5 0.2 0.00999999 -0.13
5 0.4 0.02 -0.135
5 0.6 0.03 -0.14
5 0.8 0.04 -0.145
5 1 0.05 -0.15
5 1.2 0.06 -0.155
5 1.4 0.07 -0.16
5 1.6 0.08 -0.165
5 1.8 0.09 -0.17
5 2 0.1 -0.175
5 2.2 0.11 -0.18
5 2.4 0.12 -0.185
5 2.6 0.13 -0.19
5 2.8 0.14 -0.195
5 3 0.15 -0.2
5 3.2 0.16 -0.205
5 3.4 0.17 -0.21
5 3.6 0.18 -0.215
5 3.8 0.19 -0.22
5 4 0.2 -0.225
5 4.2 0.21 -0.23
5 4.4 0.22 -0.235
5 4.6 0.23 -0.24
5 4.8 0.24 -0.245
5 5 0.25 -0.25
