-5 -5 -0.25 0.125
-5 -4.8 -0.24 0.125
-5 -4.6 -0.23 0.125
-5 -4.4 -0.22 0.125
-5 -4.2 -0.21 0.125
-5 -4 -0.2 0.125
-5 -3.8 -0.19 0.125
-5 -3.6 -0.18 0.125
-5 -3.4 -0.17 0.125
-5 -3.2 -0.16 0.125
-5 -3 -0.15 0.125
-5 -2.8 -0.14 0.125
-5 -2.6 -0.13 0.125
-5 -2.4 -0.12 0.125
-5 -2.2 -0.11 0.125
-5 -2 -0.1 0.125
-5 -1.8 -0.09 0.125
-5 -1.6 -0.08 0.125
-5 -1.4 -0.07 0.125
-5 -1.2 -0.06 0.125
-5 -1 -0.05 0.125
-5 -0.8 -0.04 0.125
-5 -0.6 -0.03 0.125
-5 -0.4 -0.02 0.125
-5 -0.2 -0.01 0.125
-5 -2.68221e-07 -1.3411e-08 0.125
-5 0.2 0.00999999 0.125
-5 0.4 0.02 0.125
-5 0.6 0.03 0.125
-5 0.8 0.04 0.125
-5 1 0.05 0.125
-5 1.2 0.06 0.125
-5 1.4 0.07 0.125
-5 1.6 0.08 0.125
-5 1.8 0.09 0.125
-5 2 0.1 0.125
-5 2.2 0.11 0.125
-5 2.4 0.12 0.125
-5 2.6 0.13 0.125
-5 2.8 0.14 0.125
-5 3 0.15 0.125
-5 3.2 0.16 0.125
-5 3.4 0.17 0.125
-5 3.6 0.18 0.125
-5 3.8 0.19 0.125
-5 4 0.2 0.125
-5 4.2 0.21 0.125
-5 4.4 0.22 0.125
-5 4.6 0.23 0.125
-5 4.8 0.24 0.125
-5 5 0.25 0.125
-4.8 -5 -0.25 0.12
-4.8 -4.8 -0.24 0.12
-4.8 -4.6 -0.23 0.12
-4.8 -4.4 -0.22 0.12
-4.8 -4.2 -0.21 0.12
-4.8 -4 -0.2 0.12
-4.8 -3.8 -0.19 0.12
-4.8 -3.6 -0.18 0.12
-4.8 -3.4 -0.17 0.12
-4.8 -3.2 -0.16 0.12
-4.8 -3 -0.15 0.12
-4.8 -2.8 -0.14 0.12
-4.8 -2.6 -0.13 0.12
-4.8 -2.4 -0.12 0.12
-4.8 -2.2 -0.11 0.12
-4.8 -2 -0.1 0.12
-4.8 -1.8 -0.09 0.12
-4.8 -1.6 -0.08 0.12
-4.8 -1.4 -0.07 0.12
-4.8 -1.2 -0.06 0.12
-4.8 -1 -0.05 0.12
-4.8 -0.8 -0.04 0.12
-4.8 -0.6 -0.03 0.12
-4.8 -0.4 -0.02 0.12
-4.8 -0.2 -0.01 0.12
-4.8 -2.68221e-07 -1.3411e-08 0.12
-4.8 0.2 0.00999999 0.12
-4.8 0.4 0.02 0.12
-4.8 0.6 0.03 0.12
-4.8 0.8 0.04 0.12
-4.8 1 0.05 0.12
-4.8 1.2 0.06 0.12
-4.8 1.4 0.07 0.12
-4.8 1.6 0.08 0.12
-4.8 1.8 0.09 0.12
-4.8 2 0.1 0.12
-4.8 2.2 0.11 0.12
-4.8 2.4 0.12 0.12
-4.8 2.6 0.13 0.12
-4.8 2.8 0.14 0.12
-4.8 3 0.15 0.12
-4.8 3.2 0.16 0.12
-4.8 3.4 0.17 0.12
-4.8 3.6 0.18 0.12
-4.8 3.8 0.19 0.12
-4.8 4 0.2 0.12
-4.8 4.2 0.21 0.12
-4.8 4.4 0.22 0.12
-4.8 4.6 0.23 0.12
-4.8 4.8 0.24 0.12
-4.8 5 0.25 0.12
-4.6 -5 -0.25 0.115
-4.6 -4.8 -0.24 0.115
-4.6 -4.6 -0.23 0.115
-4.6 -4.4 -0.22 0.115
-4.6 -4.2 -0.21 0.115
-4.6 -4 -0.2 0.115
-4.6 -3.8 -0.19 0.115
-4.6 -3.6 -0.18 0.115
-4.6 -3.4 -0.17 0.115
-4.6 -3.2 -0.16 0.115
-4.6 -3 -0.15 0.115
-4.6 -2.8 -0.14 0.115
-4.6 -2.6 -0.13 0.115
-4.6 -2.4 -0.12 0.115
-4.6 -2.2 -0.11 0.115
-4.6 -2 -0.1 0.115
-4.6 -1.8 -0.09 0.115
-4.6 -1.6 -0.08 0.115
-4.6 -1.4 -0.07 0.115
-4.6 -1.2 -0.06 0.115
-4.6 -1 -0.05 0.115
-4.6 -0.8 -0.04 0.115
-4.6 -0.6 -0.03 0.115
-4.6 -0.4 -0.02 0.115
-4.6 -0.2 -0.01 0.115
-4.6 -2.68221e-07 -1.3411e-08 0.115
-4.6 0.2 0.00999999 0.115
-4.6 0.4 0.02 0.115
-4.6 0.6 0.03 0.115
-4.6 0.8 0.04 0.115
-4.6 1 0.05 0.115
-4.6 1.2 0.06 0.115
-4.6 1.4 0.07 0.115
-4.6 1.6 0.08 0.115
-4.6 1.8 0.09 0.115
-4.6 2 0.1 0.115
-4.6 2.2 0.11 0.115
-4.6 2.4 0.12 0.115
-4.6 2.6 0.13 0.115
-4.6 2.8 0.14 0.115
-4.6 3 0.15 0.115
-4.6 3.2 0.16 0.115
-4.6 3.4 0.17 0.115
-4.6 3.6 0.18 0.115
-4.6 3.8 0.19 0.115
-4.6 4 0.2 0.115
-4.6 4.2 0.21 0.115
-4.6 4.4 0.22 0.115
-4.6 4.6 0.23 0.115
-4.6 4.8 0.24 0.115
-4.6 5 0.25 0.115
-4.4 -5 -0.25 0.11
-4.4 -4.8 -0.24 0.11
-4.4 -4.6 -0.23 0.11
-4.4 -4.4 -0.22 0.11
-4.4 -4.2 -0.21 0.11
-4.4 -4 -0.2 0.11
-4.4 -3.8 -0.19 0.11
-4.4 -3.6 -0.18 0.11
-4.4 -3.4 -0.17 0.11
-4.4 -3.2 -0.16 0.11
-4.4 -3 -0.15 0.11
-4.4 -2.8 -0.14 0.11
-4.4 -2.6 -0.13 0.11
-4.4 -2.4 -0.12 0.11
-4.4 -2.2 -0.11 0.11
-4.4 -2 -0.1 0.11
-4.4 -1.8 -0.09 0.11
-4.4 -1.6 -0.08 0.11
-4.4 -1.4 -0.07 0.11
-4.4 -1.2 -0.06 0.11
-4.4 -1 -0.05 0.11
-4.4 -0.8 -0.04 0.11
-4.4 -0.6 -0.03 0.11
-4.4 -0.4 -0.02 0.11
-4.4 -0.2 -0.01 0.11
-4.4 -2.68221e-07 -1.3411e-08 0.11
-4.4 0.2 0.00999999 0.11
-4.4 0.4 0.02 0.11
-4.4 0.6 0.03 0.11
-4.4 0.8 0.04 0.11
-4.4 1 0.05 0.11
-4.4 1.2 0.06 0.11
-4.4 1.4 0.07 0.11
-4.4 1.6 0.08 0.11
-4.4 1.8 0.09 0.11
-4.4 2 0.1 0.11
-4.4 2.2 0.11 0.11
-4.4 2.4 0.12 0.11
-4.4 2.6 0.13 0.11
-4.4 2.8 0.14 0.11
-4.4 3 0.15 0.11
-4.4 3.2 0.16 0.11
-4.4 3.4 0.17 0.11
-4.4 3.6 0.18 0.11
-4.4 3.8 0.19 0.11
-4.4 4 0.2 0.11
-4.4 4.2 0.21 0.11
-4.4 4.4 0.22 0.11
-4.4 4.6 0.23 0.11
-4.4 4.8 0.24 0.11
-4.4 5 0.25 0.11
-4.2 -5 -0.25 0.105
-4.2 -4.8 -0.24 0.105
-4.2 -4.6 -0.23 0.105
-4.2 -4.4 -0.22 0.105
-4.2 -4.2 -0.21 0.105
-4.2 -4 -0.2 0.105
-4.2 -3.8 -0.19 0.105
-4.2 -3.6 -0.18 0.105
-4.2 -3.4 -0.17 0.105
-4.2 -3.2 -0.16 0.105
-4.2 -3 -0.15 0.105
-4.2 -2.8 -0.14 0.105
-4.2 -2.6 -0.13 0.105
-4.2 -2.4 -0.12 0.105
-4.2 -2.2 -0.11 0.105
-4.2 -2 -0.1 0.105
-4.2 -1.8 -0.09 0.105
-4.2 -1.6 -0.08 0.105
-4.2 -1.4 -0.07 0.105
-4.2 -1.2 -0.06 0.105
-4.2 -1 -0.05 0.105
-4.2 -0.8 -0.04 0.105
-4.2 -0.6 -0.03 0.105
-4.2 -0.4 -0.02 0.105
-4.2 -0.2 -0.01 0.105
-4.2 -2.68221e-07 -1.3411e-08 0.105
-4.2 0.2 0.00999999 0.105
-4.2 0.4 0.02 0.105
-4.2 0.6 0.03 0.105
-4.2 0.8 0.04 0.105
-4.2 1 0.05 0.105
-4.2 1.2 0.06 0.105
-4.2 1.4 0.07 0.105
-4.2 1.6 0.08 0.105
-4.2 1.8 0.09 0.105
-4.2 2 0.1 0.105
-4.2 2.2 0.11 0.105
-4.2 2.4 0.12 0.105
-4.2 2.6 0.13 0.105
-4.2 2.8 0.14 0.105
-4.2 3 0.15 0.105
-4.2 3.2 0.16 0.105
-4.2 3.4 0.17 0.105
-4.2 3.6 0.18 0.105
-4.2 3.8 0.19 0.105
-4.2 4 0.2 0.105
-4.2 4.2 0.21 0.105
-4.2 4.4 0.22 0.105
-4.2 4.6 0.23 0.105
-4.2 4.8 0.24 0.105
-4.2 5 0.25 0.105
-4 -5 -0.25 0.1
-4 -4.8 -0.24 0.1
-4 -4.6 -0.23 0.1
-4 -4.4 -0.22 0.1
-4 -4.2 -0.21 0.1
-4 -4 -0.2 0.1
-4 -3.8 -0.19 0.1
-4 -3.6 -0.18 0.1
-4 -3.4 -0.17 0.1
-4 -3.2 -0.16 0.1
-4 -3 -0.15 0.1
-4 -2.8 -0.14 0.1
-4 -2.6 -0.13 0.1
-4 -2.4 -0.12 0.1
-4 -2.2 -0.11 0.1
-4 -2 -0.1 0.1
-4 -1.8 -0.09 0.1
-4 -1.6 -0.08 0.1
-4 -1.4 -0.07 0.1
-4 -1.2 -0.06 0.1
-4 -1 -0.05 0.1
-4 -0.8 -0.04 0.1
-4 -0.6 -0.03 0.1
-4 -0.4 -0.02 0.1
-4 -0.2 -0.01 0.1
-4 -2.68221e-07 -1.3411e-08 0.1
-4 0.2 0.00999999 0.1
-4 0.4 0.02 0.1
-4 0.6 0.03 0.1
-4 0.8 0.04 0.1
-4 1 0.05 0.1
-4 1.2 0.06 0.1
-4 1.4 0.07 0.1
-4 1.6 0.08 0.1
-4 1.8 0.09 0.1
-4 2 0.1 0.1
-4 2.2 0.11 0.1
-4 2.4 0.12 0.1
-4 2.6 0.13 0.1
-4 2.8 0.14 0.1
-4 3 0.15 0.1
-4 3.2 0.16 0.1
-4 3.4 0.17 0.1
-4 3.6 0.18 0.1
-4 3.8 0.19 0.1
-4 4 0.2 0.1
-4 4.2 0.21 0.1
-4 4.4 0.22 0.1
-4 4.6 0.23 0.1
-4 4.8 0.24 0.1
-4 5 0.25 0.1
-3.8 -5 -0.25 0.095
-3.8 -4.8 -0.24 0.095
-3.8 -4.6 -0.23 0.095
-3.8 -4.4 -0.22 0.095
-3.8 -4.2 -0.21 0.095
-3.8 -4 -0.2 0.095
-3.8 -3.8 -0.19 0.095
-3.8 -3.6 -0.18 0.095
-3.8 -3.4 -0.17 0.095
-3.8 -3.2 -0.16 0.095
-3.8 -3 -0.15 0.095
-3.8 -2.8 -0.14 0.095
-3.8 -2.6 -0.13 0.095
-3.8 -2.4 -0.12 0.095
-3.8 -2.2 -0.11 0.095
-3.8 -2 -0.1 0.095
-3.8 -1.8 -0.09 0.095
-3.8 -1.6 -0.08 0.095
-3.8 -1.4 -0.07 0.095
-3.8 -1.2 -0.06 0.095
-3.8 -1 -0.05 0.095
-3.8 -0.8 -0.04 0.095
-3.8 -0.6 -0.03 0.095
-3.8 -0.4 -0.02 0.095
-3.8 -0.2 -0.01 0.095
-3.8 -2.68221e-07 -1.3411e-08 0.095
-3.8 0.2 0.00999999 0.095
-3.8 0.4 0.02 0.095
-3.8 0.6 0.03 0.095
-3.8 0.8 0.04 0.095
-3.8 1 0.05 0.095
-3.8 1.2 0.06 0.095
-3.8 1.4 0.07 0.095
-3.8 1.6 0.08 0.095
-3.8 1.8 0.09 0.095
-3.8 2 0.1 0.095
-3.8 2.2 0.11 0.095
-3.8 2.4 0.12 0.095
-3.8 2.6 0.13 0.095
-3.8 2.8 0.14 0.095
-3.8 3 0.15 0.095
-3.8 3.2 0.16 0.095
-3.8 3.4 0.17 0.095
-3.8 3.6 0.18 0.095
-3.8 3.8 0.19 0.095
-3.8 4 0.2 0.095
-3.8 4.2 0.21 0.095
-3.8 4.4 0.22 0.095
-3.8 4.6 0.23 0.095
-3.8 4.8 0.24 0.095
-3.8 5 0.25 0.095
-3.6 -5 -0.25 0.09
-3.6 -4.8 -0.24 0.09
-3.6 -4.6 -0.23 0.09
-3.6 -4.4 -0.22 0.09
-3.6 -4.2 -0.21 0.09
-3.6 -4 -0.2 0.09
-3.6 -3.8 -0.19 0.09
-3.6 -3.6 -0.18 0.09
-3.6 -3.4 -0.17 0.09
-3.6 -3.2 -0.16 0.09
-3.6 -3 -0.15 0.09
-3.6 -2.8 -0.14 0.09
-3.6 -2.6 -0.13 0.09
-3.6 -2.4 -0.12 0.09
-3.6 -2.2 -0.11 0.09
-3.6 -2 -0.1 0.09
-3.6 -1.8 -0.09 0.09
-3.6 -1.6 -0.08 0.09
-3.6 -1.4 -0.07 0.09
-3.6 -1.2 -0.06 0.09
-3.6 -1 -0.05 0.09
-3.6 -0.8 -0.04 0.09
-3.6 -0.6 -0.03 0.09
-3.6 -0.4 -0.02 0.09
-3.6 -0.2 -0.01 0.09
-3.6 -2.68221e-07 -1.3411e-08 0.09
-3.6 0.2 0.00999999 0.09
-3.6 0.4 0.02 0.09
-3.6 0.6 0.03 0.09
-3.6 0.8 0.04 0.09
-3.6 1 0.05 0.09
-3.6 1.2 0.06 0.09
-3.6 1.4 0.07 0.09
-3.6 1.6 0.08 0.09
-3.6 1.8 0.09 0.09
-3.6 2 0.1 0.09
-3.6 2.2 0.11 0.09
-3.6 2.4 0.12 0.09
-3.6 2.6 0.13 0.09
-3.6 2.8 0.14 0.09
-3.6 3 0.15 0.09
-3.6 3.2 0.16 0.09
-3.6 3.4 0.17 0.09
-3.6 3.6 0.18 0.09
-3.6 3.8 0.19 0.09
-3.6 4 0.2 0.09
-3.6 4.2 0.21 0.09
-3.6 4.4 0.22 0.09
-3.6 4.6 0.23 0.09
-3.6 4.8 0.24 0.09
-3.6 5 0.25 0.09
-3.4 -5 -0.25 0.085
-3.4 -4.8 -0.24 0.085
-3.4 -4.6 -0.23 0.085
-3.4 -4.4 -0.22 0.085
-3.4 -4.2 -0.21 0.085
-3.4 -4 -0.2 0.085
-3.4 -3.8 -0.19 0.085
-3.4 -3.6 -0.18 0.085
-3.4 -3.4 -0.17 0.085
-3.4 -3.2 -0.16 0.085
-3.4 -3 -0.15 0.085
-3.4 -2.8 -0.14 0.085
-3.4 -2.6 -0.13 0.085
-3.4 -2.4 -0.12 0.085
-3.4 -2.2 -0.11 0.085
-3.4 -2 -0.1 0.085
-3.4 -1.8 -0.09 0.085
-3.4 -1.6 -0.08 0.085
-3.4 -1.4 -0.07 0.085
-3.4 -1.2 -0.06 0.085
-3.4 -1 -0.05 0.085
-3.4 -0.8 -0.04 0.085
-3.4 -0.6 -0.03 0.085
-3.4 -0.4 -0.02 0.085
-3.4 -0.2 -0.01 0.085
-3.4 -2.68221e-07 -1.3411e-08 0.085
-3.4 0.2 0.00999999 0.085
-3.4 0.4 0.02 0.085
-3.4 0.6 0.03 0.085
-3.4 0.8 0.04 0.085
-3.4 1 0.05 0.085
-3.4 1.2 0.06 0.085
-3.4 1.4 0.07 0.085
-3.4 1.6 0.08 0.085
-3.4 1.8 0.09 0.085
-3.4 2 0.1 0.085
-3.4 2.2 0.11 0.085
-3.4 2.4 0.12 0.085
-3.4 2.6 0.13 0.085
-3.4 2.8 0.14 0.085
-3.4 3 0.15 0.085
-3.4 3.2 0.16 0.085
-3.4 3.4 0.17 0.085
-3.4 3.6 0.18 0.085
-3.4 3.8 0.19 0.085
-3.4 4 0.2 0.085
-3.4 4.2 0.21 0.085
-3.4 4.4 0.22 0.085
-3.4 4.6 0.23 0.085
-3.4 4.8 0.24 0.085
-3.4 5 0.25 0.085
-3.2 -5 -0.25 0.08
-3.2 -4.8 -0.24 0.08
-3.2 -4.6 -0.23 0.08
-3.2 -4.4 -0.22 0.08
-3.2 -4.2 -0.21 0.08
-3.2 -4 -0.2 0.08
-3.2 -3.8 -0.19 0.08
-3.2 -3.6 -0.18 0.08
-3.2 -3.4 -0.17 0.08
-3.2 -3.2 -0.16 0.08
-3.2 -3 -0.15 0.08
-3.2 -2.8 -0.14 0.08
-3.2 -2.6 -0.13 0.08
-3.2 -2.4 -0.12 0.08
-3.2 -2.2 -0.11 0.08
-3.2 -2 -0.1 0.08
-3.2 -1.8 -0.09 0.08
-3.2 -1.6 -0.08 0.08
-3.2 -1.4 -0.07 0.08
-3.2 -1.2 -0.06 0.08
-3.2 -1 -0.05 0.08
-3.2 -0.8 -0.04 0.08
-3.2 -0.6 -0.03 0.08
-3.2 -0.4 -0.02 0.08
-3.2 -0.2 -0.01 0.08
-3.2 -2.68221e-07 -1.3411e-08 0.08
-3.2 0.2 0.00999999 0.08
-3.2 0.4 0.02 0.08
-3.2 0.6 0.03 0.08
-3.2 0.8 0.04 0.08
-3.2 1 0.05 0.08
-3.2 1.2 0.06 0.08
-3.2 1.4 0.07 0.08
-3.2 1.6 0.08 0.08
-3.2 1.8 0.09 0.08
-3.2 2 0.1 0.08
-3.2 2.2 0.11 0.08
-3.2 2.4 0.12 0.08
-3.2 2.6 0.13 0.08
-3.2 2.8 0.14 0.08
-3.2 3 0.15 0.08
-3.2 3.2 0.16 0.08
-3.2 3.4 0.17 0.08
-3.2 3.6 0.18 0.08
-3.2 3.8 0.19 0.08
-3.2 4 0.2 0.08
-3.2 4.2 0.21 0.08
-3.2 4.4 0.22 0.08
-3.2 4.6 0.23 0.08
-3.2 4.8 0.24 0.08
-3.2 5 0.25 0.08
-3 -5 -0.25 0.075
-3 -4.8 -0.24 0.075
-3 -4.6 -0.23 0.075
-3 -4.4 -0.22 0.075
-3 -4.2 -0.21 0.075
-3 -4 -0.2 0.075
-3 -3.8 -0.19 0.075
-3 -3.6 -0.18 0.075
-3 -3.4 -0.17 0.075
-3 -3.2 -0.16 0.075
-3 -3 -0.15 0.075
-3 -2.8 -0.14 0.075
-3 -2.6 -0.13 0.075
-3 -2.4 -0.12 0.075
-3 -2.2 -0.11 0.075
-3 -2 -0.1 0.075
-3 -1.8 -0.09 0.075
-3 -1.6 -0.08 0.075
-3 -1.4 -0.07 0.075
-3 -1.2 -0.06 0.075
-3 -1 -0.05 0.075
-3 -0.8 -0.04 0.075
-3 -0.6 -0.03 0.075
-3 -0.4 -0.02 0.075
-3 -0.2 -0.01 0.075
-3 -2.68221e-07 -1.3411e-08 0.075
-3 0.2 0.00999999 0.075
-3 0.4 0.02 0.075
-3 0.6 0.03 0.075
-3 0.8 0.04 0.075
-3 1 0.05 0.075
-3 1.2 0.06 0.075
-3 1.4 0.07 0.075
-3 1.6 0.08 0.075
-3 1.8 0.09 0.075
-3 2 0.1 0.075
-3 2.2 0.11 0.075
-3 2.4 0.12 0.075
-3 2.6 0.13 0.075
-3 2.8 0.14 0.075
-3 3 0.15 0.075
-3 3.2 0.16 0.075
-3 3.4 0.17 0.075
-3 3.6 0.18 0.075
-3 3.8 0.19 0.075
-3 4 0.2 0.075
-3 4.2 0.21 0.075
-3 4.4 0.22 0.075
-3 4.6 0.23 0.075
-3 4.8 0.24 0.075
-3 5 0.25 0.075
-2.8 -5 -0.25 0.07
-2.8 -4.8 -0.24 0.07
-2.8 -4.6 -0.23 0.07
-2.8 -4.4 -0.22 0.07
-2.8 -4.2 -0.21 0.07
-2.8 -4 -0.2 0.07
-2.8 -3.8 -0.19 0.07
-2.8 -3.6 -0.18 0.07
-2.8 -3.4 -0.17 0.07
-2.8 -3.2 -0.16 0.07
-2.8 -3 -0.15 0.07
-2.8 -2.8 -0.14 0.07
-2.8 -2.6 -0.13 0.07
-2.8 -2.4 -0.12 0.07
-2.8 -2.2 -0.11 0.07
-2.8 -2 -0.1 0.07
-2.8 -1.8 -0.09 0.07
-2.8 -1.6 -0.08 0.07
-2.8 -1.4 -0.07 0.07
-2.8 -1.2 -0.06 0.07
-2.8 -1 -0.05 0.07
-2.8 -0.8 -0.04 0.07
-2.8 -0.6 -0.03 0.07
-2.8 -0.4 -0.02 0.07
-2.8 -0.2 -0.01 0.07
-2.8 -2.68221e-07 -1.3411e-08 0.07
-2.8 0.2 0.00999999 0.07
-2.8 0.4 0.02 0.07
-2.8 0.6 0.03 0.07
-2.8 0.8 0.04 0.07
-2.8 1 0.05 0.07
-2.8 1.2 0.06 0.07
-2.8 1.4 0.07 0.07
-2.8 1.6 0.08 0.07
-2.8 1.8 0.09 0.07
-2.8 2 0.1 0.07
-2.8 2.2 0.11 0.07
-2.8 2.4 0.12 0.07
-2.8 2.6 0.13 0.07
-2.8 2.8 0.14 0.07
-2.8 3 0.15 0.07
-2.8 3.2 0.16 0.07
-2.8 3.4 0.17 0.07
-2.8 3.6 0.18 0.07
-2.8 3.8 0.19 0.07
-2.8 4 0.2 0.07
-2.8 4.2 0.21 0.07
-2.8 4.4 0.22 0.07
-2.8 4.6 0.23 0.07
-2.8 4.8 0.24 0.07
-2.8 5 0.25 0.07
-2.6 -5 -0.25 0.065
-2.6 -4.8 -0.24 0.065
-2.6 -4.6 -0.23 0.065
-2.6 -4.4 -0.22 0.065
-2.6 -4.2 -0.21 0.065
-2.6 -4 -0.2 0.065
-2.6 -3.8 -0.19 0.065
-2.6 -3.6 -0.18 0.065
-2.6 -3.4 -0.17 0.065
-2.6 -3.2 -0.16 0.065
-2.6 -3 -0.15 0.065
-2.6 -2.8 -0.14 0.065
-2.6 -2.6 -0.13 0.065
-2.6 -2.4 -0.12 0.065
-2.6 -2.2 -0.11 0.065
-2.6 -2 -0.1 0.065
-2.6 -1.8 -0.09 0.065
-2.6 -1.6 -0.08 0.065
-2.6 -1.4 -0.07 0.065
-2.6 -1.2 -0.06 0.065
-2.6 -1 -0.05 0.065
-2.6 -0.8 -0.04 0.065
-2.6 -0.6 -0.03 0.065
-2.6 -0.4 -0.02 0.065
-2.6 -0.2 -0.01 0.065
-2.6 -2.68221e-07 -1.3411e-08 0.065
-2.6 0.2 0.00999999 0.065
-2.6 0.4 0.02 0.065
-2.6 0.6 0.03 0.065
-2.6 0.8 0.04 0.065
-2.6 1 0.05 0.065
-2.6 1.2 0.06 0.065
-2.6 1.4 0.07 0.065
-2.6 1.6 0.08 0.065
-2.6 1.8 0.09 0.065
-2.6 2 0.1 0.065
-2.6 2.2 0.11 0.065
-2.6 2.4 0.12 0.065
-2.6 2.6 0.13 0.065
-2.6 2.8 0.14 0.065
-2.6 3 0.15 0.065
-2.6 3.2 0.16 0.065
-2.6 3.4 0.17 0.065
-2.6 3.6 0.18 0.065
-2.6 3.8 0.19 0.065
-2.6 4 0.2 0.065
-2.6 4.2 0.21 0.065
-2.6 4.4 0.22 0.065
-2.6 4.6 0.23 0.065
-2.6 4.8 0.24 0.065
-2.6 5 0.25 0.065
-2.4 -5 -0.25 0.06
-2.4 -4.8 -0.24 0.06
-2.4 -4.6 -0.23 0.06
-2.4 -4.4 -0.22 0.06
-2.4 -4.2 -0.21 0.06
-2.4 -4 -0.2 0.06
-2.4 -3.8 -0.19 0.06
-2.4 -3.6 -0.18 0.06
-2.4 -3.4 -0.17 0.06
-2.4 -3.2 -0.16 0.06
-2.4 -3 -0.15 0.06
-2.4 -2.8 -0.14 0.06
-2.4 -2.6 -0.13 0.06
-2.4 -2.4 -0.12 0.06
-2.4 -2.2 -0.11 0.06
-2.4 -2 -0.1 0.06
-2.4 -1.8 -0.09 0.06
-2.4 -1.6 -0.08 0.06
-2.4 -1.4 -0.07 0.06
-2.4 -1.2 -0.06 0.06
-2.4 -1 -0.05 0.06
-2.4 -0.8 -0.04 0.06
-2.4 -0.6 -0.03 0.06
-2.4 -0.4 -0.02 0.06
-2.4 -0.2 -0.01 0.06
-2.4 -2.68221e-07 -1.3411e-08 0.06
-2.4 0.2 0.00999999 0.06
-2.4 0.4 0.02 0.06
-2.4 0.6 0.03 0.06
-2.4 0.8 0.04 0.06
-2.4 1 0.05 0.06
-2.4 1.2 0.06 0.06
-2.4 1.4 0.07 0.06
-2.4 1.6 0.08 0.06
-2.4 1.8 0.09 0.06
-2.4 2 0.1 0.06
-2.4 2.2 0.11 0.06
-2.4 2.4 0.12 0.06
-2.4 2.6 0.13 0.06
-2.4 2.8 0.14 0.06
-2.4 3 0.15 0.06
-2.4 3.2 0.16 0.06
-2.4 3.4 0.17 0.06
-2.4 3.6 0.18 0.06
-2.4 3.8 0.19 0.06
-2.4 4 0.2 0.06
-2.4 4.2 0.21 0.06
-2.4 4.4 0.22 0.06
-2.4 4.6 0.23 0.06
-2.4 4.8 0.24 0.06
-2.4 5 0.25 0.06
-2.2 -5 -0.25 0.055
-2.2 -4.8 -0.24 0.055
-2.2 -4.6 -0.23 0.055
-2.2 -4.4 -0.22 0.055
-2.2 -4.2 -0.21 0.055
-2.2 -4 -0.2 0.055
-2.2 -3.8 -0.19 0.055
-2.2 -3.6 -0.18 0.055
-2.2 -3.4 -0.17 0.055
-2.2 -3.2 -0.16 0.055
-2.2 -3 -0.15 0.055
-2.2 -2.8 -0.14 0.055
-2.2 -2.6 -0.13 0.055
-2.2 -2.4 -0.12 0.055
-2.2 -2.2 -0.11 0.055
-2.2 -2 -0.1 0.055
-2.2 -1.8 -0.09 0.055
-2.2 -1.6 -0.08 0.055
-2.2 -1.4 -0.07 0.055
-2.2 -1.2 -0.06 0.055
-2.2 -1 -0.05 0.055
-2.2 -0.8 -0.04 0.055
-2.2 -0.6 -0.03 0.055
-2.2 -0.4 -0.02 0.055
-2.2 -0.2 -0.01 0.055
-2.2 -2.68221e-07 -1.3411e-08 0.055
-2.2 0.2 0.00999999 0.055
-2.2 0.4 0.02 0.055
-2.2 0.6 0.03 0.055
-2.2 0.8 0.04 0.055
-2.2 1 0.05 0.055
-2.2 1.2 0.06 0.055
-2.2 1.4 0.07 0.055
-2.2 1.6 0.08 0.055
-2.2 1.8 0.09 0.055
-2.2 2 0.1 0.055
-2.2 2.2 0.11 0.055
-2.2 2.4 0.12 0.055
-2.2 2.6 0.13 0.055
-2.2 2.8 0.14 0.055
-2.2 3 0.15 0.055
-2.2 3.2 0.16 0.055
-2.2 3.4 0.17 0.055
-2.2 3.6 0.18 0.055
-2.2 3.8 0.19 0.055
-2.2 4 0.2 0.055
-2.2 4.2 0.21 0.055
-2.2 4.4 0.22 0.055
-2.2 4.6 0.23 0.055
-2.2 4.8 0.24 0.055
-2.2 5 0.25 0.055
-2 -5 -0.25 0.05
-2 -4.8 -0.24 0.05
-2 -4.6 -0.23 0.05
-2 -4.4 -0.22 0.05
-2 -4.2 -0.21 0.05
-2 -4 -0.2 0.05
-2 -3.8 -0.19 0.05
-2 -3.6 -0.18 0.05
-2 -3.4 -0.17 0.05
-2 -3.2 -0.16 0.05
-2 -3 -0.15 0.05
-2 -2.8 -0.14 0.05
-2 -2.6 -0.13 0.05
-2 -2.4 -0.12 0.05
-2 -2.2 -0.11 0.05
-2 -2 -0.1 0.05
-2 -1.8 -0.09 0.05
-2 -1.6 -0.08 0.05
-2 -1.4 -0.07 0.05
-2 -1.2 -0.06 0.05
-2 -1 -0.05 0.05
-2 -0.8 -0.04 0.05
-2 -0.6 -0.03 0.05
-2 -0.4 -0.02 0.05
-2 -0.2 -0.01 0.05
-2 -2.68221e-07 -1.3411e-08 0.05
-2 0.2 0.00999999 0.05
-2 0.4 0.02 0.05
-2 0.6 0.03 0.05
-2 0.8 0.04 0.05
-2 1 0.05 0.05
-2 1.2 0.06 0.05
-2 1.4 0.07 0.05
-2 1.6 0.08 0.05
-2 1.8 0.09 0.05
-2 2 0.1 0.05
-2 2.2 0.11 0.05
-2 2.4 0.12 0.05
-2 2.6 0.13 0.05
-2 2.8 0.14 0.05
-2 3 0.15 0.05
-2 3.2 0.16 0.05
-2 3.4 0.17 0.05
-2 3.6 0.18 0.05
-2 3.8 0.19 0.05
-2 4 0.2 0.05
-2 4.2 0.21 0.05
-2 4.4 0.22 0.05
-2 4.6 0.23 0.05
-2 4.8 0.24 0.05
-2 5 0.25 0.05
-1.8 -5 -0.25 0.045
-1.8 -4.8 -0.24 0.045
-1.8 -4.6 -0.23 0.045
-1.8 -4.4 -0.22 0.045
-1.8 -4.2 -0.21 0.045
-1.8 -4 -0.2 0.045
-1.8 -3.8 -0.19 0.045
-1.8 -3.6 -0.18 0.045
-1.8 -3.4 -0.17 0.045
-1.8 -3.2 -0.16 0.045
-1.8 -3 -0.15 0.045
-1.8 -2.8 -0.14 0.045
-1.8 -2.6 -0.13 0.045
-1.8 -2.4 -0.12 0.045
-1.8 -2.2 -0.11 0.045
-1.8 -2 -0.1 0.045
-1.8 -1.8 -0.09 0.045
-1.8 -1.6 -0.08 0.045
-1.8 -1.4 -0.07 0.045
-1.8 -1.2 -0.06 0.045
-1.8 -1 -0.05 0.045
-1.8 -0.8 -0.04 0.045
-1.8 -0.6 -0.03 0.045
-1.8 -0.4 -0.02 0.045
-1.8 -0.2 -0.01 0.045
-1.8 -2.68221e-07 -1.3411e-08 0.045
-1.8 0.2 0.00999999 0.045
-1.8 0.4 0.02 0.045
-1.8 0.6 0.03 0.045
-1.8 0.8 0.04 0.045
-1.8 1 0.05 0.045
-1.8 1.2 0.06 0.045
-1.8 1.4 0.07 0.045
-1.8 1.6 0.08 0.045
-1.8 1.8 0.09 0.045
-1.8 2 0.1 0.045
-1.8 2.2 0.11 0.045
-1.8 2.4 0.12 0.045
-1.8 2.6 0.13 0.045
-1.8 2.8 0.14 0.045
-1.8 3 0.15 0.045
-1.8 3.2 0.16 0.045
-1.8 3.4 0.17 0.045
-1.8 3.6 0.18 0.045
-1.8 3.8 0.19 0.045
-1.8 4 0.2 0.045
-1.8 4.2 0.21 0.045
-1.8 4.4 0.22 0.045
-1.8 4.6 0.23 0.045
-1.8 4.8 0.24 0.045
-1.8 5 0.25 0.045
-1.6 -5 -0.25 0.04
-1.6 -4.8 -0.24 0.04
-1.6 -4.6 -0.23 0.04
-1.6 -4.4 -0.22 0.04
-1.6 -4.2 -0.21 0.04
-1.6 -4 -0.2 0.04
-1.6 -3.8 -0.19 0.04
-1.6 -3.6 -0.18 0.04
-1.6 -3.4 -0.17 0.04
-1.6 -3.2 -0.16 0.04
-1.6 -3 -0.15 0.04
-1.6 -2.8 -0.14 0.04
-1.6 -2.6 -0.13 0.04
-1.6 -2.4 -0.12 0.04
-1.6 -2.2 -0.11 0.04
-1.6 -2 -0.1 0.04
-1.6 -1.8 -0.09 0.04
-1.6 -1.6 -0.08 0.04
-1.6 -1.4 -0.07 0.04
-1.6 -1.2 -0.06 0.04
-1.6 -1 -0.05 0.04
-1.6 -0.8 -0.04 0.04
-1.6 -0.6 -0.03 0.04
-1.6 -0.4 -0.02 0.04
-1.6 -0.2 -0.01 0.04
-1.6 -2.68221e-07 -1.3411e-08 0.04
-1.6 0.2 0.00999999 0.04
-1.6 0.4 0.02 0.04
-1.6 0.6 0.03 0.04
-1.6 0.8 0.04 0.04
-1.6 1 0.05 0.04
-1.6 1.2 0.06 0.04
-1.6 1.4 0.07 0.04
-1.6 1.6 0.08 0.04
-1.6 1.8 0.09 0.04
-1.6 2 0.1 0.04
-1.6 2.2 0.11 0.04
-1.6 2.4 0.12 0.04
-1.6 2.6 0.13 0.04
-1.6 2.8 0.14 0.04
-1.6 3 0.15 0.04
-1.6 3.2 0.16 0.04
-1.6 3.4 0.17 0.04
-1.6 3.6 0.18 0.04
-1.6 3.8 0.19 0.04
-1.6 4 0.2 0.04
-1.6 4.2 0.21 0.04
-1.6 4.4 0.22 0.04
-1.6 4.6 0.23 0.04
-1.6 4.8 0.24 0.04
-1.6 5 0.25 0.04
-1.4 -5 -0.25 0.035
-1.4 -4.8 -0.24 0.035
-1.4 -4.6 -0.23 0.035
-1.4 -4.4 -0.22 0.035
-1.4 -4.2 -0.21 0.035
-1.4 -4 -0.2 0.035
-1.4 -3.8 -0.19 0.035
-1.4 -3.6 -0.18 0.035
-1.4 -3.4 -0.17 0.035
-1.4 -3.2 -0.16 0.035
-1.4 -3 -0.15 0.035
-1.4 -2.8 -0.14 0.035
-1.4 -2.6 -0.13 0.035
-1.4 -2.4 -0.12 0.035
-1.4 -2.2 -0.11 0.035
-1.4 -2 -0.1 0.035
-1.4 -1.8 -0.09 0.035
-1.4 -1.6 -0.08 0.035
-1.4 -1.4 -0.07 0.035
-1.4 -1.2 -0.06 0.035
-1.4 -1 -0.05 0.035
-1.4 -0.8 -0.04 0.035
-1.4 -0.6 -0.03 0.035
-1.4 -0.4 -0.02 0.035
-1.4 -0.2 -0.01 0.035
-1.4 -2.68221e-07 -1.3411e-08 0.035
-1.4 0.2 0.00999999 0.035
-1.4 0.4 0.02 0.035
-1.4 0.6 0.03 0.035
-1.4 0.8 0.04 0.035
-1.4 1 0.05 0.035
-1.4 1.2 0.06 0.035
-1.4 1.4 0.07 0.035
-1.4 1.6 0.08 0.035
-1.4 1.8 0.09 0.035
-1.4 2 0.1 0.035
-1.4 2.2 0.11 0.035
-1.4 2.4 0.12 0.035
-1.4 2.6 0.13 0.035
-1.4 2.8 0.14 0.035
-1.4 3 0.15 0.035
-1.4 3.2 0.16 0.035
-1.4 3.4 0.17 0.035
-1.4 3.6 0.18 0.035
-1.4 3.8 0.19 0.035
-1.4 4 0.2 0.035
-1.4 4.2 0.21 0.035
-1.4 4.4 0.22 0.035
-1.4 4.6 0.23 0.035
-1.4 4.8 0.24 0.035
-1.4 5 0.25 0.035
-1.2 -5 -0.25 0.03
-1.2 -4.8 -0.24 0.03
-1.2 -4.6 -0.23 0.03
-1.2 -4.4 -0.22 0.03
-1.2 -4.2 -0.21 0.03
-1.2 -4 -0.2 0.03
-1.2 -3.8 -0.19 0.03
-1.2 -3.6 -0.18 0.03
-1.2 -3.4 -0.17 0.03
-1.2 -3.2 -0.16 0.03
-1.2 -3 -0.15 0.03
-1.2 -2.8 -0.14 0.03
-1.2 -2.6 -0.13 0.03
-1.2 -2.4 -0.12 0.03
-1.2 -2.2 -0.11 0.03
-1.2 -2 -0.1 0.03
-1.2 -1.8 -0.09 0.03
-1.2 -1.6 -0.08 0.03
-1.2 -1.4 -0.07 0.03
-1.2 -1.2 -0.06 0.03
-1.2 -1 -0.05 0.03
-1.2 -0.8 -0.04 0.03
-1.2 -0.6 -0.03 0.03
-1.2 -0.4 -0.02 0.03
-1.2 -0.2 -0.01 0.03
-1.2 -2.68221e-07 -1.3411e-08 0.03
-1.2 0.2 0.00999999 0.03
-1.2 0.4 0.02 0.03
-1.2 0.6 0.03 0.03
-1.2 0.8 0.04 0.03
-1.2 1 0.05 0.03
-1.2 1.2 0.06 0.03
-1.2 1.4 0.07 0.03
-1.2 1.6 0.08 0.03
-1.2 1.8 0.09 0.03
-1.2 2 0.1 0.03
-1.2 2.2 0.11 0.03
-1.2 2.4 0.12 0.03
-1.2 2.6 0.13 0.03
-1.2 2.8 0.14 0.03
-1.2 3 0.15 0.03
-1.2 3.2 0.16 0.03
-1.2 3.4 0.17 0.03
-1.2 3.6 0.18 0.03
-1.2 3.8 0.19 0.03
-1.2 4 0.2 0.03
-1.2 4.2 0.21 0.03
-1.2 4.4 0.22 0.03
-1.2 4.6 0.23 0.03
-1.2 4.8 0.24 0.03
-1.2 5 0.25 0.03
-1 -5 -0.25 0.025
-1 -4.8 -0.24 0.025
-1 -4.6 -0.23 0.025
-1 -4.4 -0.22 0.025
-1 -4.2 -0.21 0.025
-1 -4 -0.2 0.025
-1 -3.8 -0.19 0.025
-1 -3.6 -0.18 0.025
-1 -3.4 -0.17 0.025
-1 -3.2 -0.16 0.025
-1 -3 -0.15 0.025
-1 -2.8 -0.14 0.025
-1 -2.6 -0.13 0.025
-1 -2.4 -0.12 0.025
-1 -2.2 -0.11 0.025
-1 -2 -0.1 0.025
-1 -1.8 -0.09 0.025
-1 -1.6 -0.08 0.025
-1 -1.4 -0.07 0.025
-1 -1.2 -0.06 0.025
-1 -1 -0.05 0.025
-1 -0.8 -0.04 0.025
-1 -0.6 -0.03 0.025
-1 -0.4 -0.02 0.025
-1 -0.2 -0.01 0.025
-1 -2.68221e-07 -1.3411e-08 0.025
-1 0.2 0.00999999 0.025
-1 0.4 0.02 0.025
-1 0.6 0.03 0.025
-1 0.8 0.04 0.025
-1 1 0.05 0.025
-1 1.2 0.06 0.025
-1 1.4 0.07 0.025
-1 1.6 0.08 0.025
-1 1.8 0.09 0.025
-1 2 0.1 0.025
-1 2.2 0.11 0.025
-1 2.4 0.12 0.025
-1 2.6 0.13 0.025
-1 2.8 0.14 0.025
-1 3 0.15 0.025
-1 3.2 0.16 0.025
-1 3.4 0.17 0.025
-1 3.6 0.18 0.025
-1 3.8 0.19 0.025
-1 4 0.2 0.025
-1 4.2 0.21 0.025
-1 4.4 0.22 0.025
-1 4.6 0.23 0.025
-1 4.8 0.24 0.025
-1 5 0.25 0.025
-0.8 -5 -0.25 0.02
-0.8 -4.8 -0.24 0.02
-0.8 -4.6 -0.23 0.02
-0.8 -4.4 -0.22 0.02
-0.8 -4.2 -0.21 0.02
-0.8 -4 -0.2 0.02
-0.8 -3.8 -0.19 0.02
-0.8 -3.6 -0.18 0.02
-0.8 -3.4 -0.17 0.02
-0.8 -3.2 -0.16 0.02
-0.8 -3 -0.15 0.02
-0.8 -2.8 -0.14 0.02
-0.8 -2.6 -0.13 0.02
-0.8 -2.4 -0.12 0.02
-0.8 -2.2 -0.11 0.02
-0.8 -2 -0.1 0.02
-0.8 -1.8 -0.09 0.02
-0.8 -1.6 -0.08 0.02
-0.8 -1.4 -0.07 0.02
-0.8 -1.2 -0.06 0.02
-0.8 -1 -0.05 0.02
-0.8 -0.8 -0.04 0.02
-0.8 -0.6 -0.03 0.02
-0.8 -0.4 -0.02 0.02
-0.8 -0.2 -0.01 0.02
-0.8 -2.68221e-07 -1.3411e-08 0.02
-0.8 0.2 0.00999999 0.02
-0.8 0.4 0.02 0.02
-0.8 0.6 0.03 0.02
-0.8 0.8 0.04 0.02
-0.8 1 0.05 0.02
-0.8 1.2 0.06 0.02
-0.8 1.4 0.07 0.02
-0.8 1.6 0.08 0.02
-0.8 1.8 0.09 0.02
-0.8 2 0.1 0.02
-0.8 2.2 0.11 0.02
-0.8 2.4 0.12 0.02
-0.8 2.6 0.13 0.02
-0.8 2.8 0.14 0.02
-0.8 3 0.15 0.02
-0.8 3.2 0.16 0.02
-0.8 3.4 0.17 0.02
-0.8 3.6 0.18 0.02
-0.8 3.8 0.19 0.02
-0.8 4 0.2 0.02
-0.8 4.2 0.21 0.02
-0.8 4.4 0.22 0.02
-0.8 4.6 0.23 0.02
-0.8 4.8 0.24 0.02
-0.8 5 0.25 0.02
-0.6 -5 -0.25 0.015
-0.6 -4.8 -0.24 0.015
-0.6 -4.6 -0.23 0.015
-0.6 -4.4 -0.22 0.015
-0.6 -4.2 -0.21 0.015
-0.6 -4 -0.2 0.015
-0.6 -3.8 -0.19 0.015
-0.6 -3.6 -0.18 0.015
-0.6 -3.4 -0.17 0.015
-0.6 -3.2 -0.16 0.015
-0.6 -3 -0.15 0.015
-0.6 -2.8 -0.14 0.015
-0.6 -2.6 -0.13 0.015
-0.6 -2.4 -0.12 0.015
-0.6 -2.2 -0.11 0.015
-0.6 -2 -0.1 0.015
-0.6 -1.8 -0.09 0.015
-0.6 -1.6 -0.08 0.015
-0.6 -1.4 -0.07 0.015
-0.6 -1.2 -0.06 0.015
-0.6 -1 -0.05 0.015
-0.6 -0.8 -0.04 0.015
-0.6 -0.6 -0.03 0.015
-0.6 -0.4 -0.02 0.015
-0.6 -0.2 -0.01 0.015
-0.6 -2.68221e-07 -1.3411e-08 0.015
-0.6 0.2 0.00999999 0.015
-0.6 0.4 0.02 0.015
-0.6 0.6 0.03 0.015
-0.6 0.8 0.04 0.015
-0.6 1 0.05 0.015
-0.6 1.2 0.06 0.015
-0.6 1.4 0.07 0.015
-0.6 1.6 0.08 0.015
-0.6 1.8 0.09 0.015
-0.6 2 0.1 0.015
-0.6 2.2 0.11 0.015
-0.6 2.4 0.12 0.015
-0.6 2.6 0.13 0.015
-0.6 2.8 0.14 0.015
-0.6 3 0.15 0.015
-0.6 3.2 0.16 0.015
-0.6 3.4 0.17 0.015
-0.6 3.6 0.18 0.015
-0.6 3.8 0.19 0.015
-0.6 4 0.2 0.015
-0.6 4.2 0.21 0.015
-0.6 4.4 0.22 0.015
-0.6 4.6 0.23 0.015
-0.6 4.8 0.24 0.015
-0.6 5 0.25 0.015
-0.4 -5 -0.25 0.01
-0.4 -4.8 -0.24 0.01
-0.4 -4.6 -0.23 0.01
-0.4 -4.4 -0.22 0.01
-0.4 -4.2 -0.21 0.01
-0.4 -4 -0.2 0.01
-0.4 -3.8 -0.19 0.01
-0.4 -3.6 -0.18 0.01
-0.4 -3.4 -0.17 0.01
-0.4 -3.2 -0.16 0.01
-0.4 -3 -0.15 0.01
-0.4 -2.8 -0.14 0.01
-0.4 -2.6 -0.13 0.01
-0.4 -2.4 -0.12 0.01
-0.4 -2.2 -0.11 0.01
-0.4 -2 -0.1 0.01
-0.4 -1.8 -0.09 0.01
-0.4 -1.6 -0.08 0.01
-0.4 -1.4 -0.07 0.01
-0.4 -1.2 -0.06 0.01
-0.4 -1 -0.05 0.01
-0.4 -0.8 -0.04 0.01
-0.4 -0.6 -0.03 0.01
-0.4 -0.4 -0.02 0.01
-0.4 -0.2 -0.01 0.01
-0.4 -2.68221e-07 -1.3411e-08 0.01
-0.4 0.2 0.00999999 0.01
-0.4 0.4 0.02 0.01
-0.4 0.6 0.03 0.01
-0.4 0.8 0.04 0.01
-0.4 1 0.05 0.01
-0.4 1.2 0.06 0.01
-0.4 1.4 0.07 0.01
-0.4 1.6 0.08 0.01
-0.4 1.8 0.09 0.01
-0.4 2 0.1 0.01
-0.4 2.2 0.11 0.01
-0.4 2.4 0.12 0.01
-0.4 2.6 0.13 0.01
-0.4 2.8 0.14 0.01
-0.4 3 0.15 0.01
-0.4 3.2 0.16 0.01
-0.4 3.4 0.17 0.01
-0.4 3.6 0.18 0.01
-0.4 3.8 0.19 0.01
-0.4 4 0.2 0.01
-0.4 4.2 0.21 0.01
-0.4 4.4 0.22 0.01
-0.4 4.6 0.23 0.01
-0.4 4.8 0.24 0.01
-0.4 5 0.25 0.01
-0.2 -5 -0.25 0.00500001
-0.2 -4.8 -0.24 0.00500001
-0.2 -4.6 -0.23 0.00500001
-0.2 -4.4 -0.22 0.00500001
-0.2 -4.2 -0.21 0.00500001
-0.2 -4 -0.2 0.00500001
-0.2 -3.8 -0.19 0.00500001
-0.2 -3.6 -0.18 0.00500001
-0.2 -3.4 -0.17 0.00500001
-0.2 -3.2 -0.16 0.00500001
-0.2 -3 -0.15 0.00500001
-0.2 -2.8 -0.14 0.00500001
-0.2 -2.6 -0.13 0.00500001
-0.2 -2.4 -0.12 0.00500001
-0.2 -2.2 -0.11 0.00500001
-0.2 -2 -0.1 0.00500001
-0.2 -1.8 -0.09 0.00500001
-0.2 -1.6 -0.08 0.00500001
-0.2 -1.4 -0.07 0.00500001
-0.2 -1.2 -0.06 0.00500001
-0.2 -1 -0.05 0.00500001
-0.2 -0.8 -0.04 0.00500001
-0.2 -0.6 -0.03 0.00500001
-0.2 -0.4 -0.02 0.00500001
-0.2 -0.2 -0.01 0.00500001
-0.2 -2.68221e-07 -1.3411e-08 0.00500001
-0.2 0.2 0.00999999 0.00500001
-0.2 0.4 0.02 0.00500001
-0.2 0.6 0.03 0.00500001
-0.2 0.8 0.04 0.00500001
-0.2 1 0.05 0.00500001
-0.2 1.2 0.06 0.00500001
-0.2 1.4 0.07 0.00500001
-0.2 1.6 0.08 0.00500001
-0.2 1.8 0.09 0.00500001
-0.2 2 0.1 0.00500001
-0.2 2.2 0.11 0.00500001
-0.2 2.4 0.12 0.00500001
-0.2 2.6 0.13 0.00500001
-0.2 2.8 0.14 0.00500001
-0.2 3 0.15 0.00500001
-0.2 3.2 0.16 0.00500001
-0.2 3.4 0.17 0.00500001
-0.2 3.6 0.18 0.00500001
-0.2 3.8 0.19 0.00500001
-0.2 4 0.2 0.00500001
-0.2 4.2 0.21 0.00500001
-0.2 4.4 0.22 0.00500001
-0.2 4.6 0.23 0.00500001
-0.2 4.8 0.24 0.00500001
-0.2 5 0.25 0.00500001
-2.68221e-07 -5 -0.25 6.70552e-09
-2.68221e-07 -4.8 -0.24 6.70552e-09
-2.68221e-07 -4.6 -0.23 6.70552e-09
-2.68221e-07 -4.4 -0.22 6.70552e-09
-2.68221e-07 -4.2 -0.21 6.70552e-09
-2.68221e-07 -4 -0.2 6.70552e-09
-2.68221e-07 -3.8 -0.19 6.70552e-09
-2.68221e-07 -3.6 -0.18 6.70552e-09
-2.68221e-07 -3.4 -0.17 6.70552e-09
-2.68221e-07 -3.2 -0.16 6.70552e-09
-2.68221e-07 -3 -0.15 6.70552e-09
-2.68221e-07 -2.8 -0.14 6.70552e-09
-2.68221e-07 -2.6 -0.13 6.70552e-09
-2.68221e-07 -2.4 -0.12 6.70552e-09
-2.68221e-07 -2.2 -0.11 6.70552e-09
-2.68221e-07 -2 -0.1 6.70552e-09
-2.68221e-07 -1.8 -0.09 6.70552e-09
-2.68221e-07 -1.6 -0.08 6.70552e-09
-2.68221e-07 -1.4 -0.07 6.70552e-09
-2.68221e-07 -1.2 -0.06 6.70552e-09
-2.68221e-07 -1 -0.05 6.70552e-09
-2.68221e-07 -0.8 -0.04 6.70552e-09
-2.68221e-07 -0.6 -0.03 6.70552e-09
-2.68221e-07 -0.4 -0.02 6.70552e-09
-2.68221e-07 -0.2 -0.01 6.70552e-09
-2.68221e-07 -2.68221e-07 -1.3411e-08 6.70552e-09
-2.68221e-07 0.2 0.00999999 6.70552e-09
-2.68221e-07 0.4 0.02 6.70552e-09
-2.68221e-07 0.6 0.03 6.70552e-09
-2.68221e-07 0.8 0.04 6.70552e-09
-2.68221e-07 1 0.05 6.70552e-09
-2.68221e-07 1.2 0.06 6.70552e-09
-2.68221e-07 1.4 0.07 6.70552e-09
-2.68221e-07 1.6 0.08 6.70552e-09
-2.68221e-07 1.8 0.09 6.70552e-09
-2.68221e-07 2 0.1 6.70552e-09
-2.68221e-07 2.2 0.11 6.70552e-09
-2.68221e-07 2.4 0.12 6.70552e-09
-2.68221e-07 2.6 0.13 6.70552e-09
-2.68221e-07 2.8 0.14 6.70552e-09
-2.68221e-07 3 0.15 6.70552e-09
-2.68221e-07 3.2 0.16 6.70552e-09
-2.68221e-07 3.4 0.17 6.70552e-09
-2.68221e-07 3.6 0.18 6.70552e-09
-2.68221e-07 3.8 0.19 6.70552e-09
-2.68221e-07 4 0.2 6.70552e-09
-2.68221e-07 4.2 0.21 6.70552e-09
-2.68221e-07 4.4 0.22 6.70552e-09
-2.68221e-07 4.6 0.23 6.70552e-09
-2.68221e-07 4.8 0.24 6.70552e-09
-2.68221e-07 5 0.25 6.70552e-09
0.2 -5 -0.25 -0.00499999
0.2 -4.8 -0.24 -0.00499999
0.2 -4.6 -0.23 -0.00499999
0.2 -4.4 -0.22 -0.00499999
0.2 -4.2 -0.21 -0.00499999
0.2 -4 -0.2 -0.00499999
0.2 -3.8 -0.19 -0.00499999
0.2 -3.6 -0.18 -0.00499999
0.2 -3.4 -0.17 -0.00499999
0.2 -3.2 -0.16 -0.00499999
0.2 -3 -0.15 -0.00499999
0.2 -2.8 -0.14 -0.00499999
0.2 -2.6 -0.13 -0.00499999
0.2 -2.4 -0.12 -0.00499999
0.2 -2.2 -0.11 -0.00499999
0.2 -2 -0.1 -0.00499999
0.2 -1.8 -0.09 -0.00499999
0.2 -1.6 -0.08 -0.00499999
0.2 -1.4 -0.07 -0.00499999
0.2 -1.2 -0.06 -0.00499999
0.2 -1 -0.05 -0.00499999
0.2 -0.8 -0.04 -0.00499999
0.2 -0.6 -0.03 -0.00499999
0.2 -0.4 -0.02 -0.00499999
0.2 -0.2 -0.01 -0.00499999
0.2 -2.68221e-07 -1.3411e-08 -0.00499999
0.2 0.2 0.00999999 -0.00499999
0.2 0.4 0.02 -0.00499999
0.2 0.6 0.03 -0.00499999
0.2 0.8 0.04 -0.00499999
0.2 1 0.05 -0.00499999
0.2 1.2 0.06 -0.00499999
0.2 1.4 0.07 -0.00499999
0.2 1.6 0.08 -0.00499999
0.2 1.8 0.09 -0.00499999
0.2 2 0.1 -0.00499999
0.2 2.2 0.11 -0.00499999
0.2 2.4 0.12 -0.00499999
0.2 2.6 0.13 -0.00499999
0.2 2.8 0.14 -0.00499999
0.2 3 0.15 -0.00499999
0.2 3.2 0.16 -0.00499999
0.2 3.4 0.17 -0.00499999
0.2 3.6 0.18 -0.00499999
0.2 3.8 0.19 -0.00499999
0.2 4 0.2 -0.00499999
0.2 4.2 0.21 -0.00499999
0.2 4.4 0.22 -0.00499999
0.2 4.6 0.23 -0.00499999
0.2 4.8 0.24 -0.00499999
0.2 5 0.25 -0.00499999
0.4 -5 -0.25 -0.00999999
0.4 -4.8 -0.24 -0.00999999
0.4 -4.6 -0.23 -0.00999999
0.4 -4.4 -0.22 -0.00999999
0.4 -4.2 -0.21 -0.00999999
0.4 -4 -0.2 -0.00999999
0.4 -3.8 -0.19 -0.00999999
0.4 -3.6 -0.18 -0.00999999
0.4 -3.4 -0.17 -0.00999999
0.4 -3.2 -0.16 -0.00999999
0.4 -3 -0.15 -0.00999999
0.4 -2.8 -0.14 -0.00999999
0.4 -2.6 -0.13 -0.00999999
0.4 -2.4 -0.12 -0.00999999
0.4 -2.2 -0.11 -0.00999999
0.4 -2 -0.1 -0.00999999
0.4 -1.8 -0.09 -0.00999999
0.4 -1.6 -0.08 -0.00999999
0.4 -1.4 -0.07 -0.00999999
0.4 -1.2 -0.06 -0.00999999
0.4 -1 -0.05 -0.00999999
0.4 -0.8 -0.04 -0.00999999
0.4 -0.6 -0.03 -0.00999999
0.4 -0.4 -0.02 -0.00999999
0.4 -0.2 -0.01 -0.00999999
0.4 -2.68221e-07 -1.3411e-08 -0.00999999
0.4 0.2 0.00999999 -0.00999999
0.4 0.4 0.02 -0.00999999
0.4 0.6 0.03 -0.00999999
0.4 0.8 0.04 -0.00999999
0.4 1 0.05 -0.00999999
0.4 1.2 0.06 -0.00999999
0.4 1.4 0.07 -0.00999999
0.4 1.6 0.08 -0.00999999
0.4 1.8 0.09 -0.00999999
0.4 2 0.1 -0.00999999
0.4 2.2 0.11 -0.00999999
0.4 2.4 0.12 -0.00999999
0.4 2.6 0.13 -0.00999999
0.4 2.8 0.14 -0.00999999
0.4 3 0.15 -0.00999999
0.4 3.2 0.16 -0.00999999
0.4 3.4 0.17 -0.00999999
0.4 3.6 0.18 -0.00999999
0.4 3.8 0.19 -0.00999999
0.4 4 0.2 -0.00999999
0.4 4.2 0.21 -0.00999999
0.4 4.4 0.22 -0.00999999
0.4 4.6 0.23 -0.00999999
0.4 4.8 0.24 -0.00999999
0.4 5 0.25 -0.00999999
0.6 -5 -0.25 -0.015
0.6 -4.8 -0.24 -0.015
0.6 -4.6 -0.23 -0.015
0.6 -4.4 -0.22 -0.015
0.6 -4.2 -0.21 -0.015
0.6 -4 -0.2 -0.015
0.6 -3.8 -0.19 -0.015
0.6 -3.6 -0.18 -0.015
0.6 -3.4 -0.17 -0.015
0.6 -3.2 -0.16 -0.015
0.6 -3 -0.15 -0.015
0.6 -2.8 -0.14 -0.015
0.6 -2.6 -0.13 -0.015
0.6 -2.4 -0.12 -0.015
0.6 -2.2 -0.11 -0.015
0.6 -2 -0.1 -0.015
0.6 -1.8 -0.09 -0.015
0.6 -1.6 -0.08 -0.015
0.6 -1.4 -0.07 -0.015
0.6 -1.2 -0.06 -0.015
0.6 -1 -0.05 -0.015
0.6 -0.8 -0.04 -0.015
0.6 -0.6 -0.03 -0.015
0.6 -0.4 -0.02 -0.015
0.6 -0.2 -0.01 -0.015
0.6 -2.68221e-07 -1.3411e-08 -0.015
0.6 0.2 0.00999999 -0.015
0.6 0.4 0.02 -0.015
0.6 0.6 0.03 -0.015
0.6 0.8 0.04 -0.015
0.6 1 0.05 -0.015
0.6 1.2 0.06 -0.015
0.6 1.4 0.07 -0.015
0.6 1.6 0.08 -0.015
0.6 1.8 0.09 -0.015
0.6 2 0.1 -0.015
0.6 2.2 0.11 -0.015
0.6 2.4 0.12 -0.015
0.6 2.6 0.13 -0.015
0.6 2.8 0.14 -0.015
0.6 3 0.15 -0.015
0.6 3.2 0.16 -0.015
0.6 3.4 0.17 -0.015
0.6 3.6 0.18 -0.015
0.6 3.8 0.19 -0.015
0.6 4 0.2 -0.015
0.6 4.2 0.21 -0.015
0.6 4.4 0.22 -0.015
0.6 4.6 0.23 -0.015
0.6 4.8 0.24 -0.015
0.6 5 0.25 -0.015
0.8 -5 -0.25 -0.02
0.8 -4.8 -0.24 -0.02
0.8 -4.6 -0.23 -0.02
0.8 -4.4 -0.22 -0.02
0.8 -4.2 -0.21 -0.02
0.8 -4 -0.2 -0.02
0.8 -3.8 -0.19 -0.02
0.8 -3.6 -0.18 -0.02
0.8 -3.4 -0.17 -0.02
0.8 -3.2 -0.16 -0.02
0.8 -3 -0.15 -0.02
0.8 -2.8 -0.14 -0.02
0.8 -2.6 -0.13 -0.02
0.8 -2.4 -0.12 -0.02
0.8 -2.2 -0.11 -0.02
0.8 -2 -0.1 -0.02
0.8 -1.8 -0.09 -0.02
0.8 -1.6 -0.08 -0.02
0.8 -1.4 -0.07 -0.02
0.8 -1.2 -0.06 -0.02
0.8 -1 -0.05 -0.02
0.8 -0.8 -0.04 -0.02
0.8 -0.6 -0.03 -0.02
0.8 -0.4 -0.02 -0.02
0.8 -0.2 -0.01 -0.02
0.8 -2.68221e-07 -1.3411e-08 -0.02
0.8 0.2 0.00999999 -0.02
0.8 0.4 0.02 -0.02
0.8 0.6 0.03 -0.02
0.8 0.8 0.04 -0.02
0.8 1 0.05 -0.02
0.8 1.2 0.06 -0.02
0.8 1.4 0.07 -0.02
0.8 1.6 0.08 -0.02
0.8 1.8 0.09 -0.02
0.8 2 0.1 -0.02
0.8 2.2 0.11 -0.02
0.8 2.4 0.12 -0.02
0.8 2.6 0.13 -0.02
0.8 2.8 0.14 -0.02
0.8 3 0.15 -0.02
0.8 3.2 0.16 -0.02
0.8 3.4 0.17 -0.02
0.8 3.6 0.18 -0.02
0.8 3.8 0.19 -0.02
0.8 4 0.2 -0.02
0.8 4.2 0.21 -0.02
0.8 4.4 0.22 -0.02
0.8 4.6 0.23 -0.02
0.8 4.8 0.24 -0.02
0.8 5 0.25 -0.02
1 -5 -0.25 -0.025
1 -4.8 -0.24 -0.025
1 -4.6 -0.23 -0.025
1 -4.4 -0.22 -0.025
1 -4.2 -0.21 -0.025
1 -4 -0.2 -0.025
1 -3.8 -0.19 -0.025
1 -3.6 -0.18 -0.025
1 -3.4 -0.17 -0.025
1 -3.2 -0.16 -0.025
1 -3 -0.15 -0.025
1 -2.8 -0.14 -0.025
1 -2.6 -0.13 -0.025
1 -2.4 -0.12 -0.025
1 -2.2 -0.11 -0.025
1 -2 -0.1 -0.025
1 -1.8 -0.09 -0.025
1 -1.6 -0.08 -0.025
1 -1.4 -0.07 -0.025
1 -1.2 -0.06 -0.025
1 -1 -0.05 -0.025
1 -0.8 -0.04 -0.025
1 -0.6 -0.03 -0.025
1 -0.4 -0.02 -0.025
1 -0.2 -0.01 -0.025
1 -2.68221e-07 -1.3411e-08 -0.025
1 0.2 0.00999999 -0.025
1 0.4 0.02 -0.025
1 0.6 0.03 -0.025
1 0.8 0.04 -0.025
1 1 0.05 -0.025
1 1.2 0.06 -0.025
1 1.4 0.07 -0.025
1 1.6 0.08 -0.025
1 1.8 0.09 -0.025
1 2 0.1 -0.025
1 2.2 0.11 -0.025
1 2.4 0.12 -0.025
1 2.6 0.13 -0.025
1 2.8 0.14 -0.025
1 3 0.15 -0.025
1 3.2 0.16 -0.025
1 3.4 0.17 -0.025
1 3.6 0.18 -0.025
1 3.8 0.19 -0.025
1 4 0.2 -0.025
1 4.2 0.21 -0.025
1 4.4 0.22 -0.025
1 4.6 0.23 -0.025
1 4.8 0.24 -0.025
1 5 0.25 -0.025
1.2 -5 -0.25 -0.03
1.2 -4.8 -0.24 -0.03
1.2 -4.6 -0.23 -0.03
1.2 -4.4 -0.22 -0.03
1.2 -4.2 -0.21 -0.03
1.2 -4 -0.2 -0.03
1.2 -3.8 -0.19 -0.03
1.2 -3.6 -0.18 -0.03
1.2 -3.4 -0.17 -0.03
1.2 -3.2 -0.16 -0.03
1.2 -3 -0.15 -0.03
1.2 -2.8 -0.14 -0.03
1.2 -2.6 -0.13 -0.03
1.2 -2.4 -0.12 -0.03
1.2 -2.2 -0.11 -0.03
1.2 -2 -0.1 -0.03
1.2 -1.8 -0.09 -0.03
1.2 -1.6 -0.08 -0.03
1.2 -1.4 -0.07 -0.03
1.2 -1.2 -0.06 -0.03
1.2 -1 -0.05 -0.03
1.2 -0.8 -0.04 -0.03
1.2 -0.6 -0.03 -0.03
1.2 -0.4 -0.02 -0.03
1.2 -0.2 -0.01 -0.03
1.2 -2.68221e-07 -1.3411e-08 -0.03
1.2 0.2 0.00999999 -0.03
1.2 0.4 0.02 -0.03
1.2 0.6 0.03 -0.03
1.2 0.8 0.04 -0.03
1.2 1 0.05 -0.03
1.2 1.2 0.06 -0.03
1.2 1.4 0.07 -0.03
1.2 1.6 0.08 -0.03
1.2 1.8 0.09 -0.03
1.2 2 0.1 -0.03
1.2 2.2 0.11 -0.03
1.2 2.4 0.12 -0.03
1.2 2.6 0.13 -0.03
1.2 2.8 0.14 -0.03
1.2 3 0.15 -0.03
1.2 3.2 0.16 -0.03
1.2 3.4 0.17 -0.03
1.2 3.6 0.18 -0.03
1.2 3.8 0.19 -0.03
1.2 4 0.2 -0.03
1.2 4.2 0.21 -0.03
1.2 4.4 0.22 -0.03
1.2 4.6 0.23 -0.03
1.2 4.8 0.24 -0.03
1.2 5 0.25 -0.03
1.4 -5 -0.25 -0.035
1.4 -4.8 -0.24 -0.035
1.4 -4.6 -0.23 -0.035
1.4 -4.4 -0.22 -0.035
1.4 -4.2 -0.21 -0.035
1.4 -4 -0.2 -0.035
1.4 -3.8 -0.19 -0.035
1.4 -3.6 -0.18 -0.035
1.4 -3.4 -0.17 -0.035
1.4 -3.2 -0.16 -0.035
1.4 -3 -0.15 -0.035
1.4 -2.8 -0.14 -0.035
1.4 -2.6 -0.13 -0.035
1.4 -2.4 -0.12 -0.035
1.4 -2.2 -0.11 -0.035
1.4 -2 -0.1 -0.035
1.4 -1.8 -0.09 -0.035
1.4 -1.6 -0.08 -0.035
1.4 -1.4 -0.07 -0.035
1.4 -1.2 -0.06 -0.035
1.4 -1 -0.05 -0.035
1.4 -0.8 -0.04 -0.035
1.4 -0.6 -0.03 -0.035
1.4 -0.4 -0.02 -0.035
1.4 -0.2 -0.01 -0.035
1.4 -2.68221e-07 -1.3411e-08 -0.035
1.4 0.2 0.00999999 -0.035
1.4 0.4 0.02 -0.035
1.4 0.6 0.03 -0.035
1.4 0.8 0.04 -0.035
1.4 1 0.05 -0.035
1.4 1.2 0.06 -0.035
1.4 1.4 0.07 -0.035
1.4 1.6 0.08 -0.035
1.4 1.8 0.09 -0.035
1.4 2 0.1 -0.035
1.4 2.2 0.11 -0.035
1.4 2.4 0.12 -0.035
1.4 2.6 0.13 -0.035
1.4 2.8 0.14 -0.035
1.4 3 0.15 -0.035
1.4 3.2 0.16 -0.035
1.4 3.4 0.17 -0.035
1.4 3.6 0.18 -0.035
1.4 3.8 0.19 -0.035
1.4 4 0.2 -0.035
1.4 4.2 0.21 -0.035
1.4 4.4 0.22 -0.035
1.4 4.6 0.23 -0.035
1.4 4.8 0.24 -0.035
1.4 5 0.25 -0.035
1.6 -5 -0.25 -0.04
1.6 -4.8 -0.24 -0.04
1.6 -4.6 -0.23 -0.04
1.6 -4.4 -0.22 -0.04
1.6 -4.2 -0.21 -0.04
1.6 -4 -0.2 -0.04
1.6 -3.8 -0.19 -0.04
1.6 -3.6 -0.18 -0.04
1.6 -3.4 -0.17 -0.04
1.6 -3.2 -0.16 -0.04
1.6 -3 -0.15 -0.04
1.6 -2.8 -0.14 -0.04
1.6 -2.6 -0.13 -0.04
1.6 -2.4 -0.12 -0.04
1.6 -2.2 -0.11 -0.04
1.6 -2 -0.1 -0.04
1.6 -1.8 -0.09 -0.04
1.6 -1.6 -0.08 -0.04
1.6 -1.4 -0.07 -0.04
1.6 -1.2 -0.06 -0.04
1.6 -1 -0.05 -0.04
1.6 -0.8 -0.04 -0.04
1.6 -0.6 -0.03 -0.04
1.6 -0.4 -0.02 -0.04
1.6 -0.2 -0.01 -0.04
1.6 -2.68221e-07 -1.3411e-08 -0.04
1.6 0.2 0.00999999 -0.04
1.6 0.4 0.02 -0.04
1.6 0.6 0.03 -0.04
1.6 0.8 0.04 -0.04
1.6 1 0.05 -0.04
1.6 1.2 0.06 -0.04
1.6 1.4 0.07 -0.04
1.6 1.6 0.08 -0.04
1.6 1.8 0.09 -0.04
1.6 2 0.1 -0.04
1.6 2.2 0.11 -0.04
1.6 2.4 0.12 -0.04
1.6 2.6 0.13 -0.04
1.6 2.8 0.14 -0.04
1.6 3 0.15 -0.04
1.6 3.2 0.16 -0.04
1.6 3.4 0.17 -0.04
1.6 3.6 0.18 -0.04
1.6 3.8 0.19 -0.04
1.6 4 0.2 -0.04
1.6 4.2 0.21 -0.04
1.6 4.4 0.22 -0.04
1.6 4.6 0.23 -0.04
1.6 4.8 0.24 -0.04
1.6 5 0.25 -0.04
1.8 -5 -0.25 -0.045
1.8 -4.8 -0.24 -0.045
1.8 -4.6 -0.23 -0.045
1.8 -4.4 -0.22 -0.045
1.8 -4.2 -0.21 -0.045
1.8 -4 -0.2 -0.045
1.8 -3.8 -0.19 -0.045
1.8 -3.6 -0.18 -0.045
1.8 -3.4 -0.17 -0.045
1.8 -3.2 -0.16 -0.045
1.8 -3 -0.15 -0.045
1.8 -2.8 -0.14 -0.045
1.8 -2.6 -0.13 -0.045
1.8 -2.4 -0.12 -0.045
1.8 -2.2 -0.11 -0.045
1.8 -2 -0.1 -0.045
1.8 -1.8 -0.09 -0.045
1.8 -1.6 -0.08 -0.045
1.8 -1.4 -0.07 -0.045
1.8 -1.2 -0.06 -0.045
1.8 -1 -0.05 -0.045
1.8 -0.8 -0.04 -0.045
1.8 -0.6 -0.03 -0.045
1.8 -0.4 -0.02 -0.045
1.8 -0.2 -0.01 -0.045
1.8 -2.68221e-07 -1.3411e-08 -0.045
1.8 0.2 0.00999999 -0.045
1.8 0.4 0.02 -0.045
1.8 0.6 0.03 -0.045
1.8 0.8 0.04 -0.045
1.8 1 0.05 -0.045
1.8 1.2 0.06 -0.045
1.8 1.4 0.07 -0.045
1.8 1.6 0.08 -0.045
1.8 1.8 0.09 -0.045
1.8 2 0.1 -0.045
1.8 2.2 0.11 -0.045
1.8 2.4 0.12 -0.045
1.8 2.6 0.13 -0.045
1.8 2.8 0.14 -0.045
1.8 3 0.15 -0.045
1.8 3.2 0.16 -0.045
1.8 3.4 0.17 -0.045
1.8 3.6 0.18 -0.045
1.8 3.8 0.19 -0.045
1.8 4 0.2 -0.045
1.8 4.2 0.21 -0.045
1.8 4.4 0.22 -0.045
1.8 4.6 0.23 -0.045
1.8 4.8 0.24 -0.045
1.8 5 0.25 -0.045
2 -5 -0.25 -0.05
2 -4.8 -0.24 -0.05
2 -4.6 -0.23 -0.05
2 -4.4 -0.22 -0.05
2 -4.2 -0.21 -0.05
2 -4 -0.2 -0.05
2 -3.8 -0.19 -0.05
2 -3.6 -0.18 -0.05
2 -3.4 -0.17 -0.05
2 -3.2 -0.16 -0.05
2 -3 -0.15 -0.05
2 -2.8 -0.14 -0.05
2 -2.6 -0.13 -0.05
2 -2.4 -0.12 -0.05
2 -2.2 -0.11 -0.05
2 -2 -0.1 -0.05
2 -1.8 -0.09 -0.05
2 -1.6 -0.08 -0.05
2 -1.4 -0.07 -0.05
2 -1.2 -0.06 -0.05
2 -1 -0.05 -0.05
2 -0.8 -0.04 -0.05
2 -0.6 -0.03 -0.05
2 -0.4 -0.02 -0.05
2 -0.2 -0.01 -0.05
2 -2.68221e-07 -1.3411e-08 -0.05
2 0.2 0.00999999 -0.05
2 0.4 0.02 -0.05
2 0.6 0.03 -0.05
2 0.8 0.04 -0.05
2 1 0.05 -0.05
2 1.2 0.06 -0.05
2 1.4 0.07 -0.05
2 1.6 0.08 -0.05
2 1.8 0.09 -0.05
2 2 0.1 -0.05
2 2.2 0.11 -0.05
2 2.4 0.12 -0.05
2 2.6 0.13 -0.05
2 2.8 0.14 -0.05
2 3 0.15 -0.05
2 3.2 0.16 -0.05
2 3.4 0.17 -0.05
2 3.6 0.18 -0.05
2 3.8 0.19 -0.05
2 4 0.2 -0.05
2 4.2 0.21 -0.05
2 4.4 0.22 -0.05
2 4.6 0.23 -0.05
2 4.8 0.24 -0.05
2 5 0.25 -0.05
2.2 -5 -0.25 -0.055
2.2 -4.8 -0.24 -0.055
2.2 -4.6 -0.23 -0.055
2.2 -4.4 -0.22 -0.055
2.2 -4.2 -0.21 -0.055
2.2 -4 -0.2 -0.055
2.2 -3.8 -0.19 -0.055
2.2 -3.6 -0.18 -0.055
2.2 -3.4 -0.17 -0.055
2.2 -3.2 -0.16 -0.055
2.2 -3 -0.15 -0.055
2.2 -2.8 -0.14 -0.055
2.2 -2.6 -0.13 -0.055
2.2 -2.4 -0.12 -0.055
2.2 -2.2 -0.11 -0.055
2.2 -2 -0.1 -0.055
2.2 -1.8 -0.09 -0.055
2.2 -1.6 -0.08 -0.055
2.2 -1.4 -0.07 -0.055
2.2 -1.2 -0.06 -0.055
2.2 -1 -0.05 -0.055
2.2 -0.8 -0.04 -0.055
2.2 -0.6 -0.03 -0.055
2.2 -0.4 -0.02 -0.055
2.2 -0.2 -0.01 -0.055
2.2 -2.68221e-07 -1.3411e-08 -0.055
2.2 0.2 0.00999999 -0.055
2.2 0.4 0.02 -0.055
2.2 0.6 0.03 -0.055
2.2 0.8 0.04 -0.055
2.2 1 0.05 -0.055
2.2 1.2 0.06 -0.055
2.2 1.4 0.07 -0.055
2.2 1.6 0.08 -0.055
2.2 1.8 0.09 -0.055
2.2 2 0.1 -0.055
2.2 2.2 0.11 -0.055
2.2 2.4 0.12 -0.055
2.2 2.6 0.13 -0.055
2.2 2.8 0.14 -0.055
2.2 3 0.15 -0.055
2.2 3.2 0.16 -0.055
2.2 3.4 0.17 -0.055
2.2 3.6 0.18 -0.055
2.2 3.8 0.19 -0.055
2.2 4 0.2 -0.055
2.2 4.2 0.21 -0.055
2.2 4.4 0.22 -0.055
2.2 4.6 0.23 -0.055
2.2 4.8 0.24 -0.055
2.2 5 0.25 -0.055
2.4 -5 -0.25 -0.06
2.4 -4.8 -0.24 -0.06
2.4 -4.6 -0.23 -0.06
2.4 -4.4 -0.22 -0.06
2.4 -4.2 -0.21 -0.06
2.4 -4 -0.2 -0.06
2.4 -3.8 -0.19 -0.06
2.4 -3.6 -0.18 -0.06
2.4 -3.4 -0.17 -0.06
2.4 -3.2 -0.16 -0.06
2.4 -3 -0.15 -0.06
2.4 -2.8 -0.14 -0.06
2.4 -2.6 -0.13 -0.06
2.4 -2.4 -0.12 -0.06
2.4 -2.2 -0.11 -0.06
2.4 -2 -0.1 -0.06
2.4 -1.8 -0.09 -0.06
2.4 -1.6 -0.08 -0.06
2.4 -1.4 -0.07 -0.06
2.4 -1.2 -0.06 -0.06
2.4 -1 -0.05 -0.06
2.4 -0.8 -0.04 -0.06
2.4 -0.6 -0.03 -0.06
2.4 -0.4 -0.02 -0.06
2.4 -0.2 -0.01 -0.06
2.4 -2.68221e-07 -1.3411e-08 -0.06
2.4 0.2 0.00999999 -0.06
2.4 0.4 0.02 -0.06
2.4 0.6 0.03 -0.06
2.4 0.8 0.04 -0.06
2.4 1 0.05 -0.06
2.4 1.2 0.06 -0.06
2.4 1.4 0.07 -0.06
2.4 1.6 0.08 -0.06
2.4 1.8 0.09 -0.06
2.4 2 0.1 -0.06
2.4 2.2 0.11 -0.06
2.4 2.4 0.12 -0.06
2.4 2.6 0.13 -0.06
2.4 2.8 0.14 -0.06
2.4 3 0.15 -0.06
2.4 3.2 0.16 -0.06
2.4 3.4 0.17 -0.06
2.4 3.6 0.18 -0.06
2.4 3.8 0.19 -0.06
2.4 4 0.2 -0.06
2.4 4.2 0.21 -0.06
2.4 4.4 0.22 -0.06
2.4 4.6 0.23 -0.06
2.4 4.8 0.24 -0.06
2.4 5 0.25 -0.06
2.6 -5 -0.25 -0.065
2.6 -4.8 -0.24 -0.065
2.6 -4.6 -0.23 -0.065
2.6 -4.4 -0.22 -0.065
2.6 -4.2 -0.21 -0.065
2.6 -4 -0.2 -0.065
2.6 -3.8 -0.19 -0.065
2.6 -3.6 -0.18 -0.065
2.6 -3.4 -0.17 -0.065
2.6 -3.2 -0.16 -0.065
2.6 -3 -0.15 -0.065
2.6 -2.8 -0.14 -0.065
2.6 -2.6 -0.13 -0.065
2.6 -2.4 -0.12 -0.065
2.6 -2.2 -0.11 -0.065
2.6 -2 -0.1 -0.065
2.6 -1.8 -0.09 -0.065
2.6 -1.6 -0.08 -0.065
2.6 -1.4 -0.07 -0.065
2.6 -1.2 -0.06 -0.065
2.6 -1 -0.05 -0.065
2.6 -0.8 -0.04 -0.065
2.6 -0.6 -0.03 -0.065
2.6 -0.4 -0.02 -0.065
2.6 -0.2 -0.01 -0.065
2.6 -2.68221e-07 -1.3411e-08 -0.065
2.6 0.2 0.00999999 -0.065
2.6 0.4 0.02 -0.065
2.6 0.6 0.03 -0.065
2.6 0.8 0.04 -0.065
2.6 1 0.05 -0.065
2.6 1.2 0.06 -0.065
2.6 1.4 0.07 -0.065
2.6 1.6 0.08 -0.065
2.6 1.8 0.09 -0.065
2.6 2 0.1 -0.065
2.6 2.2 0.11 -0.065
2.6 2.4 0.12 -0.065
2.6 2.6 0.13 -0.065
2.6 2.8 0.14 -0.065
2.6 3 0.15 -0.065
2.6 3.2 0.16 -0.065
2.6 3.4 0.17 -0.065
2.6 3.6 0.18 -0.065
2.6 3.8 0.19 -0.065
2.6 4 0.2 -0.065
2.6 4.2 0.21 -0.065
2.6 4.4 0.22 -0.065
2.6 4.6 0.23 -0.065
2.6 4.8 0.24 -0.065
2.6 5 0.25 -0.065
2.8 -5 -0.25 -0.07
2.8 -4.8 -0.24 -0.07
2.8 -4.6 -0.23 -0.07
2.8 -4.4 -0.22 -0.07
2.8 -4.2 -0.21 -0.07
2.8 -4 -0.2 -0.07
2.8 -3.8 -0.19 -0.07
2.8 -3.6 -0.18 -0.07
2.8 -3.4 -0.17 -0.07
2.8 -3.2 -0.16 -0.07
2.8 -3 -0.15 -0.07
2.8 -2.8 -0.14 -0.07
2.8 -2.6 -0.13 -0.07
2.8 -2.4 -0.12 -0.07
2.8 -2.2 -0.11 -0.07
2.8 -2 -0.1 -0.07
2.8 -1.8 -0.09 -0.07
2.8 -1.6 -0.08 -0.07
2.8 -1.4 -0.07 -0.07
2.8 -1.2 -0.06 -0.07
2.8 -1 -0.05 -0.07
2.8 -0.8 -0.04 -0.07
2.8 -0.6 -0.03 -0.07
2.8 -0.4 -0.02 -0.07
2.8 -0.2 -0.01 -0.07
2.8 -2.68221e-07 -1.3411e-08 -0.07
2.8 0.2 0.00999999 -0.07
2.8 0.4 0.02 -0.07
2.8 0.6 0.03 -0.07
2.8 0.8 0.04 -0.07
2.8 1 0.05 -0.07
2.8 1.2 0.06 -0.07
2.8 1.4 0.07 -0.07
2.8 1.6 0.08 -0.07
2.8 1.8 0.09 -0.07
2.8 2 0.1 -0.07
2.8 2.2 0.11 -0.07
2.8 2.4 0.12 -0.07
2.8 2.6 0.13 -0.07
2.8 2.8 0.14 -0.07
2.8 3 0.15 -0.07
2.8 3.2 0.16 -0.07
2.8 3.4 0.17 -0.07
2.8 3.6 0.18 -0.07
2.8 3.8 0.19 -0.07
2.8 4 0.2 -0.07
2.8 4.2 0.21 -0.07
2.8 4.4 0.22 -0.07
2.8 4.6 0.23 -0.07
2.8 4.8 0.24 -0.07
2.8 5 0.25 -0.07
3 -5 -0.25 -0.075
3 -4.8 -0.24 -0.075
3 -4.6 -0.23 -0.075
3 -4.4 -0.22 -0.075
3 -4.2 -0.21 -0.075
3 -4 -0.2 -0.075
3 -3.8 -0.19 -0.075
3 -3.6 -0.18 -0.075
3 -3.4 -0.17 -0.075
3 -3.2 -0.16 -0.075
3 -3 -0.15 -0.075
3 -2.8 -0.14 -0.075
3 -2.6 -0.13 -0.075
3 -2.4 -0.12 -0.075
3 -2.2 -0.11 -0.075
3 -2 -0.1 -0.075
3 -1.8 -0.09 -0.075
3 -1.6 -0.08 -0.075
3 -1.4 -0.07 -0.075
3 -1.2 -0.06 -0.075
3 -1 -0.05 -0.075
3 -0.8 -0.04 -0.075
3 -0.6 -0.03 -0.075
3 -0.4 -0.02 -0.075
3 -0.2 -0.01 -0.075
3 -2.68221e-07 -1.3411e-08 -0.075
3 0.2 0.00999999 -0.075
3 0.4 0.02 -0.075
3 0.6 0.03 -0.075
3 0.8 0.04 -0.075
3 1 0.05 -0.075
3 1.2 0.06 -0.075
3 1.4 0.07 -0.075
3 1.6 0.08 -0.075
3 1.8 0.09 -0.075
3 2 0.1 -0.075
3 2.2 0.11 -0.075
3 2.4 0.12 -0.075
3 2.6 0.13 -0.075
3 2.8 0.14 -0.075
3 3 0.15 -0.075
3 3.2 0.16 -0.075
3 3.4 0.17 -0.075
3 3.6 0.18 -0.075
3 3.8 0.19 -0.075
3 4 0.2 -0.075
3 4.2 0.21 -0.075
3 4.4 0.22 -0.075
3 4.6 0.23 -0.075
3 4.8 0.24 -0.075
3 5 0.25 -0.075
3.2 -5 -0.25 -0.08
3.2 -4.8 -0.24 -0.08
3.2 -4.6 -0.23 -0.08
3.2 -4.4 -0.22 -0.08
3.2 -4.2 -0.21 -0.08
3.2 -4 -0.2 -0.08
3.2 -3.8 -0.19 -0.08
3.2 -3.6 -0.18 -0.08
3.2 -3.4 -0.17 -0.08
3.2 -3.2 -0.16 -0.08
3.2 -3 -0.15 -0.08
3.2 -2.8 -0.14 -0.08
3.2 -2.6 -0.13 -0.08
3.2 -2.4 -0.12 -0.08
3.2 -2.2 -0.11 -0.08
3.2 -2 -0.1 -0.08
3.2 -1.8 -0.09 -0.08
3.2 -1.6 -0.08 -0.08
3.2 -1.4 -0.07 -0.08
3.2 -1.2 -0.06 -0.08
3.2 -1 -0.05 -0.08
3.2 -0.8 -0.04 -0.08
3.2 -0.6 -0.03 -0.08
3.2 -0.4 -0.02 -0.08
3.2 -0.2 -0.01 -0.08
3.2 -2.68221e-07 -1.3411e-08 -0.08
3.2 0.2 0.00999999 -0.08
3.2 0.4 0.02 -0.08
3.2 0.6 0.03 -0.08
3.2 0.8 0.04 -0.08
3.2 1 0.05 -0.08
3.2 1.2 0.06 -0.08
3.2 1.4 0.07 -0.08
3.2 1.6 0.08 -0.08
3.2 1.8 0.09 -0.08
3.2 2 0.1 -0.08
3.2 2.2 0.11 -0.08
3.2 2.4 0.12 -0.08
3.2 2.6 0.13 -0.08
3.2 2.8 0.14 -0.08
3.2 3 0.15 -0.08
3.2 3.2 0.16 -0.08
3.2 3.4 0.17 -0.08
3.2 3.6 0.18 -0.08
3.2 3.8 0.19 -0.08
3.2 4 0.2 -0.08
3.2 4.2 0.21 -0.08
3.2 4.4 0.22 -0.08
3.2 4.6 0.23 -0.08
3.2 4.8 0.24 -0.08
3.2 5 0.25 -0.08
3.4 -5 -0.25 -0.085
3.4 -4.8 -0.24 -0.085
3.4 -4.6 -0.23 -0.085
3.4 -4.4 -0.22 -0.085
3.4 -4.2 -0.21 -0.085
3.4 -4 -0.2 -0.085
3.4 -3.8 -0.19 -0.085
3.4 -3.6 -0.18 -0.085
3.4 -3.4 -0.17 -0.085
3.4 -3.2 -0.16 -0.085
3.4 -3 -0.15 -0.085
3.4 -2.8 -0.14 -0.085
3.4 -2.6 -0.13 -0.085
3.4 -2.4 -0.12 -0.085
3.4 -2.2 -0.11 -0.085
3.4 -2 -0.1 -0.085
3.4 -1.8 -0.09 -0.085
3.4 -1.6 -0.08 -0.085
3.4 -1.4 -0.07 -0.085
3.4 -1.2 -0.06 -0.085
3.4 -1 -0.05 -0.085
3.4 -0.8 -0.04 -0.085
3.4 -0.6 -0.03 -0.085
3.4 -0.4 -0.02 -0.085
3.4 -0.2 -0.01 -0.085
3.4 -2.68221e-07 -1.3411e-08 -0.085
3.4 0.2 0.00999999 -0.085
3.4 0.4 0.02 -0.085
3.4 0.6 0.03 -0.085
3.4 0.8 0.04 -0.085
3.4 1 0.05 -0.085
3.4 1.2 0.06 -0.085
3.4 1.4 0.07 -0.085
3.4 1.6 0.08 -0.085
3.4 1.8 0.09 -0.085
3.4 2 0.1 -0.085
3.4 2.2 0.11 -0.085
3.4 2.4 0.12 -0.085
3.4 2.6 0.13 -0.085
3.4 2.8 0.14 -0.085
3.4 3 0.15 -0.085
3.4 3.2 0.16 -0.085
3.4 3.4 0.17 -0.085
3.4 3.6 0.18 -0.085
3.4 3.8 0.19 -0.085
3.4 4 0.2 -0.085
3.4 4.2 0.21 -0.085
3.4 4.4 0.22 -0.085
3.4 4.6 0.23 -0.085
3.4 4.8 0.24 -0.085
3.4 5 0.25 -0.085
3.6 -5 -0.25 -0.09
3.6 -4.8 -0.24 -0.09
3.6 -4.6 -0.23 -0.09
3.6 -4.4 -0.22 -0.09
3.6 -4.2 -0.21 -0.09
3.6 -4 -0.2 -0.09
3.6 -3.8 -0.19 -0.09
3.6 -3.6 -0.18 -0.09
3.6 -3.4 -0.17 -0.09
3.6 -3.2 -0.16 -0.09
3.6 -3 -0.15 -0.09
3.6 -2.8 -0.14 -0.09
3.6 -2.6 -0.13 -0.09
3.6 -2.4 -0.12 -0.09
3.6 -2.2 -0.11 -0.09
3.6 -2 -0.1 -0.09
3.6 -1.8 -0.09 -0.09
3.6 -1.6 -0.08 -0.09
3.6 -1.4 -0.07 -0.09
3.6 -1.2 -0.06 -0.09
3.6 -1 -0.05 -0.09
3.6 -0.8 -0.04 -0.09
3.6 -0.6 -0.03 -0.09
3.6 -0.4 -0.02 -0.09
3.6 -0.2 -0.01 -0.09
3.6 -2.68221e-07 -1.3411e-08 -0.09
3.6 0.2 0.00999999 -0.09
3.6 0.4 0.02 -0.09
3.6 0.6 0.03 -0.09
3.6 0.8 0.04 -0.09
3.6 1 0.05 -0.09
3.6 1.2 0.06 -0.09
3.6 1.4 0.07 -0.09
3.6 1.6 0.08 -0.09
3.6 1.8 0.09 -0.09
3.6 2 0.1 -0.09
3.6 2.2 0.11 -0.09
3.6 2.4 0.12 -0.09
3.6 2.6 0.13 -0.09
3.6 2.8 0.14 -0.09
3.6 3 0.15 -0.09
3.6 3.2 0.16 -0.09
3.6 3.4 0.17 -0.09
3.6 3.6 0.18 -0.09
3.6 3.8 0.19 -0.09
3.6 4 0.2 -0.09
3.6 4.2 0.21 -0.09
3.6 4.4 0.22 -0.09
3.6 4.6 0.23 -0.09
3.6 4.8 0.24 -0.09
3.6 5 0.25 -0.09
3.8 -5 -0.25 -0.095
3.8 -4.8 -0.24 -0.095
3.8 -4.6 -0.23 -0.095
3.8 -4.4 -0.22 -0.095
3.8 -4.2 -0.21 -0.095
3.8 -4 -0.2 -0.095
3.8 -3.8 -0.19 -0.095
3.8 -3.6 -0.18 -0.095
3.8 -3.4 -0.17 -0.095
3.8 -3.2 -0.16 -0.095
3.8 -3 -0.15 -0.095
3.8 -2.8 -0.14 -0.095
3.8 -2.6 -0.13 -0.095
3.8 -2.4 -0.12 -0.095
3.8 -2.2 -0.11 -0.095
3.8 -2 -0.1 -0.095
3.8 -1.8 -0.09 -0.095
3.8 -1.6 -0.08 -0.095
3.8 -1.4 -0.07 -0.095
3.8 -1.2 -0.06 -0.095
3.8 -1 -0.05 -0.095
3.8 -0.8 -0.04 -0.095
3.8 -0.6 -0.03 -0.095
3.8 -0.4 -0.02 -0.095
3.8 -0.2 -0.01 -0.095
3.8 -2.68221e-07 -1.3411e-08 -0.095
3.8 0.2 0.00999999 -0.095
3.8 0.4 0.02 -0.095
3.8 0.6 0.03 -0.095
3.8 0.8 0.04 -0.095
3.8 1 0.05 -0.095
3.8 1.2 0.06 -0.095
3.8 1.4 0.07 -0.095
3.8 1.6 0.08 -0.095
3.8 1.8 0.09 -0.095
3.8 2 0.1 -0.095
3.8 2.2 0.11 -0.095
3.8 2.4 0.12 -0.095
3.8 2.6 0.13 -0.095
3.8 2.8 0.14 -0.095
3.8 3 0.15 -0.095
3.8 3.2 0.16 -0.095
3.8 3.4 0.17 -0.095
3.8 3.6 0.18 -0.095
3.8 3.8 0.19 -0.095
3.8 4 0.2 -0.095
3.8 4.2 0.21 -0.095
3.8 4.4 0.22 -0.095
3.8 4.6 0.23 -0.095
3.8 4.8 0.24 -0.095
3.8 5 0.25 -0.095
4 -5 -0.25 -0.1
4 -4.8 -0.24 -0.1
4 -4.6 -0.23 -0.1
4 -4.4 -0.22 -0.1
4 -4.2 -0.21 -0.1
4 -4 -0.2 -0.1
4 -3.8 -0.19 -0.1
4 -3.6 -0.18 -0.1
4 -3.4 -0.17 -0.1
4 -3.2 -0.16 -0.1
4 -3 -0.15 -0.1
4 -2.8 -0.14 -0.1
4 -2.6 -0.13 -0.1
4 -2.4 -0.12 -0.1
4 -2.2 -0.11 -0.1
4 -2 -0.1 -0.1
4 -1.8 -0.09 -0.1
4 -1.6 -0.08 -0.1
4 -1.4 -0.07 -0.1
4 -1.2 -0.06 -0.1
4 -1 -0.05 -0.1
4 -0.8 -0.04 -0.1
4 -0.6 -0.03 -0.1
4 -0.4 -0.02 -0.1
4 -0.2 -0.01 -0.1
4 -2.68221e-07 -1.3411e-08 -0.1
4 0.2 0.00999999 -0.1
4 0.4 0.02 -0.1
4 0.6 0.03 -0.1
4 0.8 0.04 -0.1
4 1 0.05 -0.1
4 1.2 0.06 -0.1
4 1.4 0.07 -0.1
4 1.6 0.08 -0.1
4 1.8 0.09 -0.1
4 2 0.1 -0.1
4 2.2 0.11 -0.1
4 2.4 0.12 -0.1
4 2.6 0.13 -0.1
4 2.8 0.14 -0.1
4 3 0.15 -0.1
4 3.2 0.16 -0.1
4 3.4 0.17 -0.1
4 3.6 0.18 -0.1
4 3.8 0.19 -0.1
4 4 0.2 -0.1
4 4.2 0.21 -0.1
4 4.4 0.22 -0.1
4 4.6 0.23 -0.1
4 4.8 0.24 -0.1
4 5 0.25 -0.1
4.2 -5 -0.25 -0.105
4.2 -4.8 -0.24 -0.105
4.2 -4.6 -0.23 -0.105
4.2 -4.4 -0.22 -0.105
4.2 -4.2 -0.21 -0.105
4.2 -4 -0.2 -0.105
4.2 -3.8 -0.19 -0.105
4.2 -3.6 -0.18 -0.105
4.2 -3.4 -0.17 -0.105
4.2 -3.2 -0.16 -0.105
4.2 -3 -0.15 -0.105
4.2 -2.8 -0.14 -0.105
4.2 -2.6 -0.13 -0.105
4.2 -2.4 -0.12 -0.105
4.2 -2.2 -0.11 -0.105
4.2 -2 -0.1 -0.105
4.2 -1.8 -0.09 -0.105
4.2 -1.6 -0.08 -0.105
4.2 -1.4 -0.07 -0.105
4.2 -1.2 -0.06 -0.105
4.2 -1 -0.05 -0.105
4.2 -0.8 -0.04 -0.105
4.2 -0.6 -0.03 -0.105
4.2 -0.4 -0.02 -0.105
4.2 -0.2 -0.01 -0.105
4.2 -2.68221e-07 -1.3411e-08 -0.105
4.2 0.2 0.00999999 -0.105
4.2 0.4 0.02 -0.105
4.2 0.6 0.03 -0.105
4.2 0.8 0.04 -0.105
4.2 1 0.05 -0.105
4.2 1.2 0.06 -0.105
4.2 1.4 0.07 -0.105
4.2 1.6 0.08 -0.105
4.2 1.8 0.09 -0.105
4.2 2 0.1 -0.105
4.2 2.2 0.11 -0.105
4.2 2.4 0.12 -0.105
4.2 2.6 0.13 -0.105
4.2 2.8 0.14 -0.105
4.2 3 0.15 -0.105
4.2 3.2 0.16 -0.105
4.2 3.4 0.17 -0.105
4.2 3.6 0.18 -0.105
4.2 3.8 0.19 -0.105
4.2 4 0.2 -0.105
4.2 4.2 0.21 -0.105
4.2 4.4 0.22 -0.105
4.2 4.6 0.23 -0.105
4.2 4.8 0.24 -0.105
4.2 5 0.25 -0.105
4.4 -5 -0.25 -0.11
4.4 -4.8 -0.24 -0.11
4.4 -4.6 -0.23 -0.11
4.4 -4.4 -0.22 -0.11
4.4 -4.2 -0.21 -0.11
4.4 -4 -0.2 -0.11
4.4 -3.8 -0.19 -0.11
4.4 -3.6 -0.18 -0.11
4.4 -3.4 -0.17 -0.11
4.4 -3.2 -0.16 -0.11
4.4 -3 -0.15 -0.11
4.4 -2.8 -0.14 -0.11
4.4 -2.6 -0.13 -0.11
4.4 -2.4 -0.12 -0.11
4.4 -2.2 -0.11 -0.11
4.4 -2 -0.1 -0.11
4.4 -1.8 -0.09 -0.11
4.4 -1.6 -0.08 -0.11
4.4 -1.4 -0.07 -0.11
4.4 -1.2 -0.06 -0.11
4.4 -1 -0.05 -0.11
4.4 -0.8 -0.04 -0.11
4.4 -0.6 -0.03 -0.11
4.4 -0.4 -0.02 -0.11
4.4 -0.2 -0.01 -0.11
4.4 -2.68221e-07 -1.3411e-08 -0.11
4.4 0.2 0.00999999 -0.11
4.4 0.4 0.02 -0.11
4.4 0.6 0.03 -0.11
4.4 0.8 0.04 -0.11
4.4 1 0.05 -0.11
4.4 1.2 0.06 -0.11
4.4 1.4 0.07 -0.11
4.4 1.6 0.08 -0.11
4.4 1.8 0.09 -0.11
4.4 2 0.1 -0.11
4.4 2.2 0.11 -0.11
4.4 2.4 0.12 -0.11
4.4 2.6 0.13 -0.11
4.4 2.8 0.14 -0.11
4.4 3 0.15 -0.11
4.4 3.2 0.16 -0.11
4.4 3.4 0.17 -0.11
4.4 3.6 0.18 -0.11
4.4 3.8 0.19 -0.11
4.4 4 0.2 -0.11
4.4 4.2 0.21 -0.11
4.4 4.4 0.22 -0.11
4.4 4.6 0.23 -0.11
4.4 4.8 0.24 -0.11
4.4 5 0.25 -0.11
4.6 -5 -0.25 -0.115
4.6 -4.8 -0.24 -0.115
4.6 -4.6 -0.23 -0.115
4.6 -4.4 -0.22 -0.115
4.6 -4.2 -0.21 -0.115
4.6 -4 -0.2 -0.115
4.6 -3.8 -0.19 -0.115
4.6 -3.6 -0.18 -0.115
4.6 -3.4 -0.17 -0.115
4.6 -3.2 -0.16 -0.115
4.6 -3 -0.15 -0.115
4.6 -2.8 -0.14 -0.115
4.6 -2.6 -0.13 -0.115
4.6 -2.4 -0.12 -0.115
4.6 -2.2 -0.11 -0.115
4.6 -2 -0.1 -0.115
4.6 -1.8 -0.09 -0.115
4.6 -1.6 -0.08 -0.115
4.6 -1.4 -0.07 -0.115
4.6 -1.2 -0.06 -0.115
4.6 -1 -0.05 -0.115
4.6 -0.8 -0.04 -0.115
4.6 -0.6 -0.03 -0.115
4.6 -0.4 -0.02 -0.115
4.6 -0.2 -0.01 -0.115
4.6 -2.68221e-07 -1.3411e-08 -0.115
4.6 0.2 0.00999999 -0.115
4.6 0.4 0.02 -0.115
4.6 0.6 0.03 -0.115
4.6 0.8 0.04 -0.115
4.6 1 0.05 -0.115
4.6 1.2 0.06 -0.115
4.6 1.4 0.07 -0.115
4.6 1.6 0.08 -0.115
4.6 1.8 0.09 -0.115
4.6 2 0.1 -0.115
4.6 2.2 0.11 -0.115
4.6 2.4 0.12 -0.115
4.6 2.6 0.13 -0.115
4.6 2.8 0.14 -0.115
4.6 3 0.15 -0.115
4.6 3.2 0.16 -0.115
4.6 3.4 0.17 -0.115
4.6 3.6 0.18 -0.115
4.6 3.8 0.19 -0.115
4.6 4 0.2 -0.115
4.6 4.2 0.21 -0.115
4.6 4.4 0.22 -0.115
4.6 4.6 0.23 -0.115
4.6 4.8 0.24 -0.115
4.6 5 0.25 -0.115
4.8 -5 -0.25 -0.12
4.8 -4.8 -0.24 -0.12
4.8 -4.6 -0.23 -0.12
4.8 -4.4 -0.22 -0.12
4.8 -4.2 -0.21 -0.12
4.8 -4 -0.2 -0.12
4.8 -3.8 -0.19 -0.12
4.8 -3.6 -0.18 -0.12
4.8 -3.4 -0.17 -0.12
4.8 -3.2 -0.16 -0.12
4.8 -3 -0.15 -0.12
4.8 -2.8 -0.14 -0.12
4.8 -2.6 -0.13 -0.12
4.8 -2.4 -0.12 -0.12
4.8 -2.2 -0.11 -0.12
4.8 -2 -0.1 -0.12
4.8 -1.8 -0.09 -0.12
4.8 -1.6 -0.08 -0.12
4.8 -1.4 -0.07 -0.12
4.8 -1.2 -0.06 -0.12
4.8 -1 -0.05 -0.12
4.8 -0.8 -0.04 -0.12
4.8 -0.6 -0.03 -0.12
4.8 -0.4 -0.02 -0.12
4.8 -0.2 -0.01 -0.12
4.8 -2.68221e-07 -1.3411e-08 -0.12
4.8 0.2 0.00999999 -0.12
4.8 0.4 0.02 -0.12
4.8 0.6 0.03 -0.12
4.8 0.8 0.04 -0.12
4.8 1 0.05 -0.12
4.8 1.2 0.06 -0.12
4.8 1.4 0.07 -0.12
4.8 1.6 0.08 -0.12
4.8 1.8 0.09 -0.12
4.8 2 0.1 -0.12
4.8 2.2 0.11 -0.12
4.8 2.4 0.12 -0.12
4.8 2.6 0.13 -0.12
4.8 2.8 0.14 -0.12
4.8 3 0.15 -0.12
4.8 3.2 0.16 -0.12
4.8 3.4 0.17 -0.12
4.8 3.6 0.18 -0.12
4.8 3.8 0.19 -0.12
4.8 4 0.2 -0.12
4.8 4.2 0.21 -0.12
4.8 4.4 0.22 -0.12
4.8 4.6 0.23 -0.12
4.8 4.8 0.24 -0.12
4.8 5 0.25 -0.12
5 -5 -0.25 -0.125
5 -4.8 -0.24 -0.125
5 -4.6 -0.23 -0.125
5 -4.4 -0.22 -0.125
5 -4.2 -0.21 -0.125
5 -4 -0.2 -0.125
5 -3.8 -0.19 -0.125
5 -3.6 -0.18 -0.125
5 -3.4 -0.17 -0.125
5 -3.2 -0.16 -0.125
5 -3 -0.15 -0.125
5 -2.8 -0.14 -0.125
5 -2.6 -0.13 -0.125
5 -2.4 -0.12 -0.125
5 -2.2 -0.11 -0.125
5 -2 -0.1 -0.125
5 -1.8 -0.09 -0.125
5 -1.6 -0.08 -0.125
5 -1.4 -0.07 -0.125
5 -1.2 -0.06 -0.125
5 -1 -0.05 -0.125
5 -0.8 -0.04 -0.125
5 -0.6 -0.03 -0.125
5 -0.4 -0.02 -0.125
5 -0.2 -0.01 -0.125
5 -2.68221e-07 -1.3411e-08 -0.125
5 0.2 0.00999999 -0.125
5 0.4 0.02 -0.125
5 0.6 0.03 -0.125
5 0.8 0.04 -0.125
5 1 0.05 -0.125
5 1.2 0.06 -0.125
5 1.4 0.07 -0.125
5 1.6 0.08 -0.125
5 1.8 0.09 -0.125
5 2 0.1 -0.125
5 2.2 0.11 -0.125
5 2.4 0.12 -0.125
5 2.6 0.13 -0.125
5 2.8 0.14 -0.125
5 3 0.15 -0.125
5 3.2 0.16 -0.125
5 3.4 0.17 -0.125
5 3.6 0.18 -0.125
5 3.8 0.19 -0.125
5 4 0.2 -0.125
5 4.2 0.21 -0.125
5 4.4 0.22 -0.125
5 4.6 0.23 -0.125
5 4.8 0.24 -0.125
5 5 0.25 -0.125
