-5 -5 -0.1 -0.196
-5 -4.8 -0.096 -0.196
-5 -4.6 -0.092 -0.196
-5 -4.4 -0.088 -0.196
-5 -4.2 -0.084 -0.196
-5 -4 -0.08 -0.196
-5 -3.8 -0.076 -0.196
-5 -3.6 -0.072 -0.196
-5 -3.4 -0.068 -0.196
-5 -3.2 -0.064 -0.196
-5 -3 -0.06 -0.196
-5 -2.8 -0.056 -0.196
-5 -2.6 -0.052 -0.196
-5 -2.4 -0.048 -0.196
-5 -2.2 -0.044 -0.196
-5 -2 -0.04 -0.196
-5 -1.8 -0.036 -0.196
-5 -1.6 -0.032 -0.196
-5 -1.4 -0.028 -0.196
-5 -1.2 -0.024 -0.196
-5 -1 -0.02 -0.196
-5 -0.8 -0.016 -0.196
-5 -0.6 -0.012 -0.196
-5 -0.4 -0.008 -0.196
-5 -0.2 -0.004 -0.196
-5 2.16493e-15 4.32987e-17 -0.196
-5 0.2 0.004 -0.196
-5 0.4 0.008 -0.196
-5 0.6 0.012 -0.196
-5 0.8 0.016 -0.196
-5 1 0.02 -0.196
-5 1.2 0.024 -0.196
-5 1.4 0.028 -0.196
-5 1.6 0.032 -0.196
-5 1.8 0.036 -0.196
-5 2 0.04 -0.196
-5 2.2 0.044 -0.196
-5 2.4 0.048 -0.196
-5 2.6 0.052 -0.196
-5 2.8 0.056 -0.196
-5 3 0.06 -0.196
-5 3.2 0.064 -0.196
-5 3.4 0.068 -0.196
-5 3.6 0.072 -0.196
-5 3.8 0.076 -0.196
-5 4 0.08 -0.196
-5 4.2 0.084 -0.196
-5 4.4 0.088 -0.196
-5 4.6 0.092 -0.196
-5 4.8 0.096 -0.196
-4.8 -5 -0.1 -0.196
-4.8 -4.8 -0.096 -0.196
-4.8 -4.6 -0.092 -0.196
-4.8 -4.4 -0.088 -0.196
-4.8 -4.2 -0.084 -0.196
-4.8 -4 -0.08 -0.196
-4.8 -3.8 -0.076 -0.196
-4.8 -3.6 -0.072 -0.196
-4.8 -3.4 -0.068 -0.196
-4.8 -3.2 -0.064 -0.196
-4.8 -3 -0.06 -0.196
-4.8 -2.8 -0.056 -0.196
-4.8 -2.6 -0.052 -0.196
-4.8 -2.4 -0.048 -0.196
-4.8 -2.2 -0.044 -0.196
-4.8 -2 -0.04 -0.196
-4.8 -1.8 -0.036 -0.196
-4.8 -1.6 -0.032 -0.196
-4.8 -1.4 -0.028 -0.196
-4.8 -1.2 -0.024 -0.196
-4.8 -1 -0.02 -0.196
-4.8 -0.8 -0.016 -0.196
-4.8 -0.6 -0.012 -0.196
-4.8 -0.4 -0.008 -0.196
-4.8 -0.2 -0.004 -0.196
-4.8 2.16493e-15 4.32987e-17 -0.196
-4.8 0.2 0.004 -0.196
-4.8 0.4 0.008 -0.196
-4.8 0.6 0.012 -0.196
-4.8 0.8 0.016 -0.196
-4.8 1 0.02 -0.196
-4.8 1.2 0.024 -0.196
-4.8 1.4 0.028 -0.196
-4.8 1.6 0.032 -0.196
-4.8 1.8 0.036 -0.196
-4.8 2 0.04 -0.196
-4.8 2.2 0.044 -0.196
-4.8 2.4 0.048 -0.196
-4.8 2.6 0.052 -0.196
-4.8 2.8 0.056 -0.196
-4.8 3 0.06 -0.196
-4.8 3.2 0.064 -0.196
-4.8 3.4 0.068 -0.196
-4.8 3.6 0.072 -0.196
-4.8 3.8 0.076 -0.196
-4.8 4 0.08 -0.196
-4.8 4.2 0.084 -0.196
-4.8 4.4 0.088 -0.196
-4.8 4.6 0.092 -0.196
-4.8 4.8 0.096 -0.196
-4.6 -5 -0.1 -0.196
-4.6 -4.8 -0.096 -0.196
-4.6 -4.6 -0.092 -0.196
-4.6 -4.4 -0.088 -0.196
-4.6 -4.2 -0.084 -0.196
-4.6 -4 -0.08 -0.196
-4.6 -3.8 -0.076 -0.196
-4.6 -3.6 -0.072 -0.196
-4.6 -3.4 -0.068 -0.196
-4.6 -3.2 -0.064 -0.196
-4.6 -3 -0.06 -0.196
-4.6 -2.8 -0.056 -0.196
-4.6 -2.6 -0.052 -0.196
-4.6 -2.4 -0.048 -0.196
-4.6 -2.2 -0.044 -0.196
-4.6 -2 -0.04 -0.196
-4.6 -1.8 -0.036 -0.196
-4.6 -1.6 -0.032 -0.196
-4.6 -1.4 -0.028 -0.196
-4.6 -1.2 -0.024 -0.196
-4.6 -1 -0.02 -0.196
-4.6 -0.8 -0.016 -0.196
-4.6 -0.6 -0.012 -0.196
-4.6 -0.4 -0.008 -0.196
-4.6 -0.2 -0.004 -0.196
-4.6 2.16493e-15 4.32987e-17 -0.196
-4.6 0.2 0.004 -0.196
-4.6 0.4 0.008 -0.196
-4.6 0.6 0.012 -0.196
-4.6 0.8 0.016 -0.196
-4.6 1 0.02 -0.196
-4.6 1.2 0.024 -0.196
-4.6 1.4 0.028 -0.196
-4.6 1.6 0.032 -0.196
-4.6 1.8 0.036 -0.196
-4.6 2 0.04 -0.196
-4.6 2.2 0.044 -0.196
-4.6 2.4 0.048 -0.196
-4.6 2.6 0.052 -0.196
-4.6 2.8 0.056 -0.196
-4.6 3 0.06 -0.196
-4.6 3.2 0.064 -0.196
-4.6 3.4 0.068 -0.196
-4.6 3.6 0.072 -0.196
-4.6 3.8 0.076 -0.196
-4.6 4 0.08 -0.196
-4.6 4.2 0.084 -0.196
-4.6 4.4 0.088 -0.196
-4.6 4.6 0.092 -0.196
-4.6 4.8 0.096 -0.196
-4.4 -5 -0.1 -0.196
-4.4 -4.8 -0.096 -0.196
-4.4 -4.6 -0.092 -0.196
-4.4 -4.4 -0.088 -0.196
-4.4 -4.2 -0.084 -0.196
-4.4 -4 -0.08 -0.196
-4.4 -3.8 -0.076 -0.196
-4.4 -3.6 -0.072 -0.196
-4.4 -3.4 -0.068 -0.196
-4.4 -3.2 -0.064 -0.196
-4.4 -3 -0.06 -0.196
-4.4 -2.8 -0.056 -0.196
-4.4 -2.6 -0.052 -0.196
-4.4 -2.4 -0.048 -0.196
-4.4 -2.2 -0.044 -0.196
-4.4 -2 -0.04 -0.196
-4.4 -1.8 -0.036 -0.196
-4.4 -1.6 -0.032 -0.196
-4.4 -1.4 -0.028 -0.196
-4.4 -1.2 -0.024 -0.196
-4.4 -1 -0.02 -0.196
-4.4 -0.8 -0.016 -0.196
-4.4 -0.6 -0.012 -0.196
-4.4 -0.4 -0.008 -0.196
-4.4 -0.2 -0.004 -0.196
-4.4 2.16493e-15 4.32987e-17 -0.196
-4.4 0.2 0.004 -0.196
-4.4 0.4 0.008 -0.196
-4.4 0.6 0.012 -0.196
-4.4 0.8 0.016 -0.196
-4.4 1 0.02 -0.196
-4.4 1.2 0.024 -0.196
-4.4 1.4 0.028 -0.196
-4.4 1.6 0.032 -0.196
-4.4 1.8 0.036 -0.196
-4.4 2 0.04 -0.196
-4.4 2.2 0.044 -0.196
-4.4 2.4 0.048 -0.196
-4.4 2.6 0.052 -0.196
-4.4 2.8 0.056 -0.196
-4.4 3 0.06 -0.196
-4.4 3.2 0.064 -0.196
-4.4 3.4 0.068 -0.196
-4.4 3.6 0.072 -0.196
-4.4 3.8 0.076 -0.196
-4.4 4 0.08 -0.196
-4.4 4.2 0.084 -0.196
-4.4 4.4 0.088 -0.196
-4.4 4.6 0.092 -0.196
-4.4 4.8 0.096 -0.196
-4.2 -5 -0.1 -0.196
-4.2 -4.8 -0.096 -0.196
-4.2 -4.6 -0.092 -0.196
-4.2 -4.4 -0.088 -0.196
-4.2 -4.2 -0.084 -0.196
-4.2 -4 -0.08 -0.196
-4.2 -3.8 -0.076 -0.196
-4.2 -3.6 -0.072 -0.196
-4.2 -3.4 -0.068 -0.196
-4.2 -3.2 -0.064 -0.196
-4.2 -3 -0.06 -0.196
-4.2 -2.8 -0.056 -0.196
-4.2 -2.6 -0.052 -0.196
-4.2 -2.4 -0.048 -0.196
-4.2 -2.2 -0.044 -0.196
-4.2 -2 -0.04 -0.196
-4.2 -1.8 -0.036 -0.196
-4.2 -1.6 -0.032 -0.196
-4.2 -1.4 -0.028 -0.196
-4.2 -1.2 -0.024 -0.196
-4.2 -1 -0.02 -0.196
-4.2 -0.8 -0.016 -0.196
-4.2 -0.6 -0.012 -0.196
-4.2 -0.4 -0.008 -0.196
-4.2 -0.2 -0.004 -0.196
-4.2 2.16493e-15 4.32987e-17 -0.196
-4.2 0.2 0.004 -0.196
-4.2 0.4 0.008 -0.196
-4.2 0.6 0.012 -0.196
-4.2 0.8 0.016 -0.196
-4.2 1 0.02 -0.196
-4.2 1.2 0.024 -0.196
-4.2 1.4 0.028 -0.196
-4.2 1.6 0.032 -0.196
-4.2 1.8 0.036 -0.196
-4.2 2 0.04 -0.196
-4.2 2.2 0.044 -0.196
-4.2 2.4 0.048 -0.196
-4.2 2.6 0.052 -0.196
-4.2 2.8 0.056 -0.196
-4.2 3 0.06 -0.196
-4.2 3.2 0.064 -0.196
-4.2 3.4 0.068 -0.196
-4.2 3.6 0.072 -0.196
-4.2 3.8 0.076 -0.196
-4.2 4 0.08 -0.196
-4.2 4.2 0.084 -0.196
-4.2 4.4 0.088 -0.196
-4.2 4.6 0.092 -0.196
-4.2 4.8 0.096 -0.196
-4 -5 -0.1 -0.196
-4 -4.8 -0.096 -0.196
-4 -4.6 -0.092 -0.196
-4 -4.4 -0.088 -0.196
-4 -4.2 -0.084 -0.196
-4 -4 -0.08 -0.196
-4 -3.8 -0.076 -0.196
-4 -3.6 -0.072 -0.196
-4 -3.4 -0.068 -0.196
-4 -3.2 -0.064 -0.196
-4 -3 -0.06 -0.196
-4 -2.8 -0.056 -0.196
-4 -2.6 -0.052 -0.196
-4 -2.4 -0.048 -0.196
-4 -2.2 -0.044 -0.196
-4 -2 -0.04 -0.196
-4 -1.8 -0.036 -0.196
-4 -1.6 -0.032 -0.196
-4 -1.4 -0.028 -0.196
-4 -1.2 -0.024 -0.196
-4 -1 -0.02 -0.196
-4 -0.8 -0.016 -0.196
-4 -0.6 -0.012 -0.196
-4 -0.4 -0.008 -0.196
-4 -0.2 -0.004 -0.196
-4 2.16493e-15 4.32987e-17 -0.196
-4 0.2 0.004 -0.196
-4 0.4 0.008 -0.196
-4 0.6 0.012 -0.196
-4 0.8 0.016 -0.196
-4 1 0.02 -0.196
-4 1.2 0.024 -0.196
-4 1.4 0.028 -0.196
-4 1.6 0.032 -0.196
-4 1.8 0.036 -0.196
-4 2 0.04 -0.196
-4 2.2 0.044 -0.196
-4 2.4 0.048 -0.196
-4 2.6 0.052 -0.196
-4 2.8 0.056 -0.196
-4 3 0.06 -0.196
-4 3.2 0.064 -0.196
-4 3.4 0.068 -0.196
-4 3.6 0.072 -0.196
-4 3.8 0.076 -0.196
-4 4 0.08 -0.196
-4 4.2 0.084 -0.196
-4 4.4 0.088 -0.196
-4 4.6 0.092 -0.196
-4 4.8 0.096 -0.196
-3.8 -5 -0.1 -0.196
-3.8 -4.8 -0.096 -0.196
-3.8 -4.6 -0.092 -0.196
-3.8 -4.4 -0.088 -0.196
-3.8 -4.2 -0.084 -0.196
-3.8 -4 -0.08 -0.196
-3.8 -3.8 -0.076 -0.196
-3.8 -3.6 -0.072 -0.196
-3.8 -3.4 -0.068 -0.196
-3.8 -3.2 -0.064 -0.196
-3.8 -3 -0.06 -0.196
-3.8 -2.8 -0.056 -0.196
-3.8 -2.6 -0.052 -0.196
-3.8 -2.4 -0.048 -0.196
-3.8 -2.2 -0.044 -0.196
-3.8 -2 -0.04 -0.196
-3.8 -1.8 -0.036 -0.196
-3.8 -1.6 -0.032 -0.196
-3.8 -1.4 -0.028 -0.196
-3.8 -1.2 -0.024 -0.196
-3.8 -1 -0.02 -0.196
-3.8 -0.8 -0.016 -0.196
-3.8 -0.6 -0.012 -0.196
-3.8 -0.4 -0.008 -0.196
-3.8 -0.2 -0.004 -0.196
-3.8 2.16493e-15 4.32987e-17 -0.196
-3.8 0.2 0.004 -0.196
-3.8 0.4 0.008 -0.196
-3.8 0.6 0.012 -0.196
-3.8 0.8 0.016 -0.196
-3.8 1 0.02 -0.196
-3.8 1.2 0.024 -0.196
-3.8 1.4 0.028 -0.196
-3.8 1.6 0.032 -0.196
-3.8 1.8 0.036 -0.196
-3.8 2 0.04 -0.196
-3.8 2.2 0.044 -0.196
-3.8 2.4 0.048 -0.196
-3.8 2.6 0.052 -0.196
-3.8 2.8 0.056 -0.196
-3.8 3 0.06 -0.196
-3.8 3.2 0.064 -0.196
-3.8 3.4 0.068 -0.196
-3.8 3.6 0.072 -0.196
-3.8 3.8 0.076 -0.196
-3.8 4 0.08 -0.196
-3.8 4.2 0.084 -0.196
-3.8 4.4 0.088 -0.196
-3.8 4.6 0.092 -0.196
-3.8 4.8 0.096 -0.196
-3.6 -5 -0.1 -0.196
-3.6 -4.8 -0.096 -0.196
-3.6 -4.6 -0.092 -0.196
-3.6 -4.4 -0.088 -0.196
-3.6 -4.2 -0.084 -0.196
-3.6 -4 -0.08 -0.196
-3.6 -3.8 -0.076 -0.196
-3.6 -3.6 -0.072 -0.196
-3.6 -3.4 -0.068 -0.196
-3.6 -3.2 -0.064 -0.196
-3.6 -3 -0.06 -0.196
-3.6 -2.8 -0.056 -0.196
-3.6 -2.6 -0.052 -0.196
-3.6 -2.4 -0.048 -0.196
-3.6 -2.2 -0.044 -0.196
-3.6 -2 -0.04 -0.196
-3.6 -1.8 -0.036 -0.196
-3.6 -1.6 -0.032 -0.196
-3.6 -1.4 -0.028 -0.196
-3.6 -1.2 -0.024 -0.196
-3.6 -1 -0.02 -0.196
-3.6 -0.8 -0.016 -0.196
-3.6 -0.6 -0.012 -0.196
-3.6 -0.4 -0.008 -0.196
-3.6 -0.2 -0.004 -0.196
-3.6 2.16493e-15 4.32987e-17 -0.196
-3.6 0.2 0.004 -0.196
-3.6 0.4 0.008 -0.196
-3.6 0.6 0.012 -0.196
-3.6 0.8 0.016 -0.196
-3.6 1 0.02 -0.196
-3.6 1.2 0.024 -0.196
-3.6 1.4 0.028 -0.196
-3.6 1.6 0.032 -0.196
-3.6 1.8 0.036 -0.196
-3.6 2 0.04 -0.196
-3.6 2.2 0.044 -0.196
-3.6 2.4 0.048 -0.196
-3.6 2.6 0.052 -0.196
-3.6 2.8 0.056 -0.196
-3.6 3 0.06 -0.196
-3.6 3.2 0.064 -0.196
-3.6 3.4 0.068 -0.196
-3.6 3.6 0.072 -0.196
-3.6 3.8 0.076 -0.196
-3.6 4 0.08 -0.196
-3.6 4.2 0.084 -0.196
-3.6 4.4 0.088 -0.196
-3.6 4.6 0.092 -0.196
-3.6 4.8 0.096 -0.196
-3.4 -5 -0.1 -0.196
-3.4 -4.8 -0.096 -0.196
-3.4 -4.6 -0.092 -0.196
-3.4 -4.4 -0.088 -0.196
-3.4 -4.2 -0.084 -0.196
-3.4 -4 -0.08 -0.196
-3.4 -3.8 -0.076 -0.196
-3.4 -3.6 -0.072 -0.196
-3.4 -3.4 -0.068 -0.196
-3.4 -3.2 -0.064 -0.196
-3.4 -3 -0.06 -0.196
-3.4 -2.8 -0.056 -0.196
-3.4 -2.6 -0.052 -0.196
-3.4 -2.4 -0.048 -0.196
-3.4 -2.2 -0.044 -0.196
-3.4 -2 -0.04 -0.196
-3.4 -1.8 -0.036 -0.196
-3.4 -1.6 -0.032 -0.196
-3.4 -1.4 -0.028 -0.196
-3.4 -1.2 -0.024 -0.196
-3.4 -1 -0.02 -0.196
-3.4 -0.8 -0.016 -0.196
-3.4 -0.6 -0.012 -0.196
-3.4 -0.4 -0.008 -0.196
-3.4 -0.2 -0.004 -0.196
-3.4 2.16493e-15 4.32987e-17 -0.196
-3.4 0.2 0.004 -0.196
-3.4 0.4 0.008 -0.196
-3.4 0.6 0.012 -0.196
-3.4 0.8 0.016 -0.196
-3.4 1 0.02 -0.196
-3.4 1.2 0.024 -0.196
-3.4 1.4 0.028 -0.196
-3.4 1.6 0.032 -0.196
-3.4 1.8 0.036 -0.196
-3.4 2 0.04 -0.196
-3.4 2.2 0.044 -0.196
-3.4 2.4 0.048 -0.196
-3.4 2.6 0.052 -0.196
-3.4 2.8 0.056 -0.196
-3.4 3 0.06 -0.196
-3.4 3.2 0.064 -0.196
-3.4 3.4 0.068 -0.196
-3.4 3.6 0.072 -0.196
-3.4 3.8 0.076 -0.196
-3.4 4 0.08 -0.196
-3.4 4.2 0.084 -0.196
-3.4 4.4 0.088 -0.196
-3.4 4.6 0.092 -0.196
-3.4 4.8 0.096 -0.196
-3.2 -5 -0.1 -0.196
-3.2 -4.8 -0.096 -0.196
-3.2 -4.6 -0.092 -0.196
-3.2 -4.4 -0.088 -0.196
-3.2 -4.2 -0.084 -0.196
-3.2 -4 -0.08 -0.196
-3.2 -3.8 -0.076 -0.196
-3.2 -3.6 -0.072 -0.196
-3.2 -3.4 -0.068 -0.196
-3.2 -3.2 -0.064 -0.196
-3.2 -3 -0.06 -0.196
-3.2 -2.8 -0.056 -0.196
-3.2 -2.6 -0.052 -0.196
-3.2 -2.4 -0.048 -0.196
-3.2 -2.2 -0.044 -0.196
-3.2 -2 -0.04 -0.196
-3.2 -1.8 -0.036 -0.196
-3.2 -1.6 -0.032 -0.196
-3.2 -1.4 -0.028 -0.196
-3.2 -1.2 -0.024 -0.196
-3.2 -1 -0.02 -0.196
-3.2 -0.8 -0.016 -0.196
-3.2 -0.6 -0.012 -0.196
-3.2 -0.4 -0.008 -0.196
-3.2 -0.2 -0.004 -0.196
-3.2 2.16493e-15 4.32987e-17 -0.196
-3.2 0.2 0.004 -0.196
-3.2 0.4 0.008 -0.196
-3.2 0.6 0.012 -0.196
-3.2 0.8 0.016 -0.196
-3.2 1 0.02 -0.196
-3.2 1.2 0.024 -0.196
-3.2 1.4 0.028 -0.196
-3.2 1.6 0.032 -0.196
-3.2 1.8 0.036 -0.196
-3.2 2 0.04 -0.196
-3.2 2.2 0.044 -0.196
-3.2 2.4 0.048 -0.196
-3.2 2.6 0.052 -0.196
-3.2 2.8 0.056 -0.196
-3.2 3 0.06 -0.196
-3.2 3.2 0.064 -0.196
-3.2 3.4 0.068 -0.196
-3.2 3.6 0.072 -0.196
-3.2 3.8 0.076 -0.196
-3.2 4 0.08 -0.196
-3.2 4.2 0.084 -0.196
-3.2 4.4 0.088 -0.196
-3.2 4.6 0.092 -0.196
-3.2 4.8 0.096 -0.196
-3 -5 -0.1 -0.196
-3 -4.8 -0.096 -0.196
-3 -4.6 -0.092 -0.196
-3 -4.4 -0.088 -0.196
-3 -4.2 -0.084 -0.196
-3 -4 -0.08 -0.196
-3 -3.8 -0.076 -0.196
-3 -3.6 -0.072 -0.196
-3 -3.4 -0.068 -0.196
-3 -3.2 -0.064 -0.196
-3 -3 -0.06 -0.196
-3 -2.8 -0.056 -0.196
-3 -2.6 -0.052 -0.196
-3 -2.4 -0.048 -0.196
-3 -2.2 -0.044 -0.196
-3 -2 -0.04 -0.196
-3 -1.8 -0.036 -0.196
-3 -1.6 -0.032 -0.196
-3 -1.4 -0.028 -0.196
-3 -1.2 -0.024 -0.196
-3 -1 -0.02 -0.196
-3 -0.8 -0.016 -0.196
-3 -0.6 -0.012 -0.196
-3 -0.4 -0.008 -0.196
-3 -0.2 -0.004 -0.196
-3 2.16493e-15 4.32987e-17 -0.196
-3 0.2 0.004 -0.196
-3 0.4 0.008 -0.196
-3 0.6 0.012 -0.196
-3 0.8 0.016 -0.196
-3 1 0.02 -0.196
-3 1.2 0.024 -0.196
-3 1.4 0.028 -0.196
-3 1.6 0.032 -0.196
-3 1.8 0.036 -0.196
-3 2 0.04 -0.196
-3 2.2 0.044 -0.196
-3 2.4 0.048 -0.196
-3 2.6 0.052 -0.196
-3 2.8 0.056 -0.196
-3 3 0.06 -0.196
-3 3.2 0.064 -0.196
-3 3.4 0.068 -0.196
-3 3.6 0.072 -0.196
-3 3.8 0.076 -0.196
-3 4 0.08 -0.196
-3 4.2 0.084 -0.196
-3 4.4 0.088 -0.196
-3 4.6 0.092 -0.196
-3 4.8 0.096 -0.196
-2.8 -5 -0.1 -0.196
-2.8 -4.8 -0.096 -0.196
-2.8 -4.6 -0.092 -0.196
-2.8 -4.4 -0.088 -0.196
-2.8 -4.2 -0.084 -0.196
-2.8 -4 -0.08 -0.196
-2.8 -3.8 -0.076 -0.196
-2.8 -3.6 -0.072 -0.196
-2.8 -3.4 -0.068 -0.196
-2.8 -3.2 -0.064 -0.196
-2.8 -3 -0.06 -0.196
-2.8 -2.8 -0.056 -0.196
-2.8 -2.6 -0.052 -0.196
-2.8 -2.4 -0.048 -0.196
-2.8 -2.2 -0.044 -0.196
-2.8 -2 -0.04 -0.196
-2.8 -1.8 -0.036 -0.196
-2.8 -1.6 -0.032 -0.196
-2.8 -1.4 -0.028 -0.196
-2.8 -1.2 -0.024 -0.196
-2.8 -1 -0.02 -0.196
-2.8 -0.8 -0.016 -0.196
-2.8 -0.6 -0.012 -0.196
-2.8 -0.4 -0.008 -0.196
-2.8 -0.2 -0.004 -0.196
-2.8 2.16493e-15 4.32987e-17 -0.196
-2.8 0.2 0.004 -0.196
-2.8 0.4 0.008 -0.196
-2.8 0.6 0.012 -0.196
-2.8 0.8 0.016 -0.196
-2.8 1 0.02 -0.196
-2.8 1.2 0.024 -0.196
-2.8 1.4 0.028 -0.196
-2.8 1.6 0.032 -0.196
-2.8 1.8 0.036 -0.196
-2.8 2 0.04 -0.196
-2.8 2.2 0.044 -0.196
-2.8 2.4 0.048 -0.196
-2.8 2.6 0.052 -0.196
-2.8 2.8 0.056 -0.196
-2.8 3 0.06 -0.196
-2.8 3.2 0.064 -0.196
-2.8 3.4 0.068 -0.196
-2.8 3.6 0.072 -0.196
-2.8 3.8 0.076 -0.196
-2.8 4 0.08 -0.196
-2.8 4.2 0.084 -0.196
-2.8 4.4 0.088 -0.196
-2.8 4.6 0.092 -0.196
-2.8 4.8 0.096 -0.196
-2.6 -5 -0.1 -0.196
-2.6 -4.8 -0.096 -0.196
-2.6 -4.6 -0.092 -0.196
-2.6 -4.4 -0.088 -0.196
-2.6 -4.2 -0.084 -0.196
-2.6 -4 -0.08 -0.196
-2.6 -3.8 -0.076 -0.196
-2.6 -3.6 -0.072 -0.196
-2.6 -3.4 -0.068 -0.196
-2.6 -3.2 -0.064 -0.196
-2.6 -3 -0.06 -0.196
-2.6 -2.8 -0.056 -0.196
-2.6 -2.6 -0.052 -0.196
-2.6 -2.4 -0.048 -0.196
-2.6 -2.2 -0.044 -0.196
-2.6 -2 -0.04 -0.196
-2.6 -1.8 -0.036 -0.196
-2.6 -1.6 -0.032 -0.196
-2.6 -1.4 -0.028 -0.196
-2.6 -1.2 -0.024 -0.196
-2.6 -1 -0.02 -0.196
-2.6 -0.8 -0.016 -0.196
-2.6 -0.6 -0.012 -0.196
-2.6 -0.4 -0.008 -0.196
-2.6 -0.2 -0.004 -0.196
-2.6 2.16493e-15 4.32987e-17 -0.196
-2.6 0.2 0.004 -0.196
-2.6 0.4 0.008 -0.196
-2.6 0.6 0.012 -0.196
-2.6 0.8 0.016 -0.196
-2.6 1 0.02 -0.196
-2.6 1.2 0.024 -0.196
-2.6 1.4 0.028 -0.196
-2.6 1.6 0.032 -0.196
-2.6 1.8 0.036 -0.196
-2.6 2 0.04 -0.196
-2.6 2.2 0.044 -0.196
-2.6 2.4 0.048 -0.196
-2.6 2.6 0.052 -0.196
-2.6 2.8 0.056 -0.196
-2.6 3 0.06 -0.196
-2.6 3.2 0.064 -0.196
-2.6 3.4 0.068 -0.196
-2.6 3.6 0.072 -0.196
-2.6 3.8 0.076 -0.196
-2.6 4 0.08 -0.196
-2.6 4.2 0.084 -0.196
-2.6 4.4 0.088 -0.196
-2.6 4.6 0.092 -0.196
-2.6 4.8 0.096 -0.196
-2.4 -5 -0.1 -0.196
-2.4 -4.8 -0.096 -0.196
-2.4 -4.6 -0.092 -0.196
-2.4 -4.4 -0.088 -0.196
-2.4 -4.2 -0.084 -0.196
-2.4 -4 -0.08 -0.196
-2.4 -3.8 -0.076 -0.196
-2.4 -3.6 -0.072 -0.196
-2.4 -3.4 -0.068 -0.196
-2.4 -3.2 -0.064 -0.196
-2.4 -3 -0.06 -0.196
-2.4 -2.8 -0.056 -0.196
-2.4 -2.6 -0.052 -0.196
-2.4 -2.4 -0.048 -0.196
-2.4 -2.2 -0.044 -0.196
-2.4 -2 -0.04 -0.196
-2.4 -1.8 -0.036 -0.196
-2.4 -1.6 -0.032 -0.196
-2.4 -1.4 -0.028 -0.196
-2.4 -1.2 -0.024 -0.196
-2.4 -1 -0.02 -0.196
-2.4 -0.8 -0.016 -0.196
-2.4 -0.6 -0.012 -0.196
-2.4 -0.4 -0.008 -0.196
-2.4 -0.2 -0.004 -0.196
-2.4 2.16493e-15 4.32987e-17 -0.196
-2.4 0.2 0.004 -0.196
-2.4 0.4 0.008 -0.196
-2.4 0.6 0.012 -0.196
-2.4 0.8 0.016 -0.196
-2.4 1 0.02 -0.196
-2.4 1.2 0.024 -0.196
-2.4 1.4 0.028 -0.196
-2.4 1.6 0.032 -0.196
-2.4 1.8 0.036 -0.196
-2.4 2 0.04 -0.196
-2.4 2.2 0.044 -0.196
-2.4 2.4 0.048 -0.196
-2.4 2.6 0.052 -0.196
-2.4 2.8 0.056 -0.196
-2.4 3 0.06 -0.196
-2.4 3.2 0.064 -0.196
-2.4 3.4 0.068 -0.196
-2.4 3.6 0.072 -0.196
-2.4 3.8 0.076 -0.196
-2.4 4 0.08 -0.196
-2.4 4.2 0.084 -0.196
-2.4 4.4 0.088 -0.196
-2.4 4.6 0.092 -0.196
-2.4 4.8 0.096 -0.196
-2.2 -5 -0.1 -0.196
-2.2 -4.8 -0.096 -0.196
-2.2 -4.6 -0.092 -0.196
-2.2 -4.4 -0.088 -0.196
-2.2 -4.2 -0.084 -0.196
-2.2 -4 -0.08 -0.196
-2.2 -3.8 -0.076 -0.196
-2.2 -3.6 -0.072 -0.196
-2.2 -3.4 -0.068 -0.196
-2.2 -3.2 -0.064 -0.196
-2.2 -3 -0.06 -0.196
-2.2 -2.8 -0.056 -0.196
-2.2 -2.6 -0.052 -0.196
-2.2 -2.4 -0.048 -0.196
-2.2 -2.2 -0.044 -0.196
-2.2 -2 -0.04 -0.196
-2.2 -1.8 -0.036 -0.196
-2.2 -1.6 -0.032 -0.196
-2.2 -1.4 -0.028 -0.196
-2.2 -1.2 -0.024 -0.196
-2.2 -1 -0.02 -0.196
-2.2 -0.8 -0.016 -0.196
-2.2 -0.6 -0.012 -0.196
-2.2 -0.4 -0.008 -0.196
-2.2 -0.2 -0.004 -0.196
-2.2 2.16493e-15 4.32987e-17 -0.196
-2.2 0.2 0.004 -0.196
-2.2 0.4 0.008 -0.196
-2.2 0.6 0.012 -0.196
-2.2 0.8 0.016 -0.196
-2.2 1 0.02 -0.196
-2.2 1.2 0.024 -0.196
-2.2 1.4 0.028 -0.196
-2.2 1.6 0.032 -0.196
-2.2 1.8 0.036 -0.196
-2.2 2 0.04 -0.196
-2.2 2.2 0.044 -0.196
-2.2 2.4 0.048 -0.196
-2.2 2.6 0.052 -0.196
-2.2 2.8 0.056 -0.196
-2.2 3 0.06 -0.196
-2.2 3.2 0.064 -0.196
-2.2 3.4 0.068 -0.196
-2.2 3.6 0.072 -0.196
-2.2 3.8 0.076 -0.196
-2.2 4 0.08 -0.196
-2.2 4.2 0.084 -0.196
-2.2 4.4 0.088 -0.196
-2.2 4.6 0.092 -0.196
-2.2 4.8 0.096 -0.196
-2 -5 -0.1 -0.196
-2 -4.8 -0.096 -0.196
-2 -4.6 -0.092 -0.196
-2 -4.4 -0.088 -0.196
-2 -4.2 -0.084 -0.196
-2 -4 -0.08 -0.196
-2 -3.8 -0.076 -0.196
-2 -3.6 -0.072 -0.196
-2 -3.4 -0.068 -0.196
-2 -3.2 -0.064 -0.196
-2 -3 -0.06 -0.196
-2 -2.8 -0.056 -0.196
-2 -2.6 -0.052 -0.196
-2 -2.4 -0.048 -0.196
-2 -2.2 -0.044 -0.196
-2 -2 -0.04 -0.196
-2 -1.8 -0.036 -0.196
-2 -1.6 -0.032 -0.196
-2 -1.4 -0.028 -0.196
-2 -1.2 -0.024 -0.196
-2 -1 -0.02 -0.196
-2 -0.8 -0.016 -0.196
-2 -0.6 -0.012 -0.196
-2 -0.4 -0.008 -0.196
-2 -0.2 -0.004 -0.196
-2 2.16493e-15 4.32987e-17 -0.196
-2 0.2 0.004 -0.196
-2 0.4 0.008 -0.196
-2 0.6 0.012 -0.196
-2 0.8 0.016 -0.196
-2 1 0.02 -0.196
-2 1.2 0.024 -0.196
-2 1.4 0.028 -0.196
-2 1.6 0.032 -0.196
-2 1.8 0.036 -0.196
-2 2 0.04 -0.196
-2 2.2 0.044 -0.196
-2 2.4 0.048 -0.196
-2 2.6 0.052 -0.196
-2 2.8 0.056 -0.196
-2 3 0.06 -0.196
-2 3.2 0.064 -0.196
-2 3.4 0.068 -0.196
-2 3.6 0.072 -0.196
-2 3.8 0.076 -0.196
-2 4 0.08 -0.196
-2 4.2 0.084 -0.196
-2 4.4 0.088 -0.196
-2 4.6 0.092 -0.196
-2 4.8 0.096 -0.196
-1.8 -5 -0.1 -0.196
-1.8 -4.8 -0.096 -0.196
-1.8 -4.6 -0.092 -0.196
-1.8 -4.4 -0.088 -0.196
-1.8 -4.2 -0.084 -0.196
-1.8 -4 -0.08 -0.196
-1.8 -3.8 -0.076 -0.196
-1.8 -3.6 -0.072 -0.196
-1.8 -3.4 -0.068 -0.196
-1.8 -3.2 -0.064 -0.196
-1.8 -3 -0.06 -0.196
-1.8 -2.8 -0.056 -0.196
-1.8 -2.6 -0.052 -0.196
-1.8 -2.4 -0.048 -0.196
-1.8 -2.2 -0.044 -0.196
-1.8 -2 -0.04 -0.196
-1.8 -1.8 -0.036 -0.196
-1.8 -1.6 -0.032 -0.196
-1.8 -1.4 -0.028 -0.196
-1.8 -1.2 -0.024 -0.196
-1.8 -1 -0.02 -0.196
-1.8 -0.8 -0.016 -0.196
-1.8 -0.6 -0.012 -0.196
-1.8 -0.4 -0.008 -0.196
-1.8 -0.2 -0.004 -0.196
-1.8 2.16493e-15 4.32987e-17 -0.196
-1.8 0.2 0.004 -0.196
-1.8 0.4 0.008 -0.196
-1.8 0.6 0.012 -0.196
-1.8 0.8 0.016 -0.196
-1.8 1 0.02 -0.196
-1.8 1.2 0.024 -0.196
-1.8 1.4 0.028 -0.196
-1.8 1.6 0.032 -0.196
-1.8 1.8 0.036 -0.196
-1.8 2 0.04 -0.196
-1.8 2.2 0.044 -0.196
-1.8 2.4 0.048 -0.196
-1.8 2.6 0.052 -0.196
-1.8 2.8 0.056 -0.196
-1.8 3 0.06 -0.196
-1.8 3.2 0.064 -0.196
-1.8 3.4 0.068 -0.196
-1.8 3.6 0.072 -0.196
-1.8 3.8 0.076 -0.196
-1.8 4 0.08 -0.196
-1.8 4.2 0.084 -0.196
-1.8 4.4 0.088 -0.196
-1.8 4.6 0.092 -0.196
-1.8 4.8 0.096 -0.196
-1.6 -5 -0.1 -0.196
-1.6 -4.8 -0.096 -0.196
-1.6 -4.6 -0.092 -0.196
-1.6 -4.4 -0.088 -0.196
-1.6 -4.2 -0.084 -0.196
-1.6 -4 -0.08 -0.196
-1.6 -3.8 -0.076 -0.196
-1.6 -3.6 -0.072 -0.196
-1.6 -3.4 -0.068 -0.196
-1.6 -3.2 -0.064 -0.196
-1.6 -3 -0.06 -0.196
-1.6 -2.8 -0.056 -0.196
-1.6 -2.6 -0.052 -0.196
-1.6 -2.4 -0.048 -0.196
-1.6 -2.2 -0.044 -0.196
-1.6 -2 -0.04 -0.196
-1.6 -1.8 -0.036 -0.196
-1.6 -1.6 -0.032 -0.196
-1.6 -1.4 -0.028 -0.196
-1.6 -1.2 -0.024 -0.196
-1.6 -1 -0.02 -0.196
-1.6 -0.8 -0.016 -0.196
-1.6 -0.6 -0.012 -0.196
-1.6 -0.4 -0.008 -0.196
-1.6 -0.2 -0.004 -0.196
-1.6 2.16493e-15 4.32987e-17 -0.196
-1.6 0.2 0.004 -0.196
-1.6 0.4 0.008 -0.196
-1.6 0.6 0.012 -0.196
-1.6 0.8 0.016 -0.196
-1.6 1 0.02 -0.196
-1.6 1.2 0.024 -0.196
-1.6 1.4 0.028 -0.196
-1.6 1.6 0.032 -0.196
-1.6 1.8 0.036 -0.196
-1.6 2 0.04 -0.196
-1.6 2.2 0.044 -0.196
-1.6 2.4 0.048 -0.196
-1.6 2.6 0.052 -0.196
-1.6 2.8 0.056 -0.196
-1.6 3 0.06 -0.196
-1.6 3.2 0.064 -0.196
-1.6 3.4 0.068 -0.196
-1.6 3.6 0.072 -0.196
-1.6 3.8 0.076 -0.196
-1.6 4 0.08 -0.196
-1.6 4.2 0.084 -0.196
-1.6 4.4 0.088 -0.196
-1.6 4.6 0.092 -0.196
-1.6 4.8 0.096 -0.196
-1.4 -5 -0.1 -0.196
-1.4 -4.8 -0.096 -0.196
-1.4 -4.6 -0.092 -0.196
-1.4 -4.4 -0.088 -0.196
-1.4 -4.2 -0.084 -0.196
-1.4 -4 -0.08 -0.196
-1.4 -3.8 -0.076 -0.196
-1.4 -3.6 -0.072 -0.196
-1.4 -3.4 -0.068 -0.196
-1.4 -3.2 -0.064 -0.196
-1.4 -3 -0.06 -0.196
-1.4 -2.8 -0.056 -0.196
-1.4 -2.6 -0.052 -0.196
-1.4 -2.4 -0.048 -0.196
-1.4 -2.2 -0.044 -0.196
-1.4 -2 -0.04 -0.196
-1.4 -1.8 -0.036 -0.196
-1.4 -1.6 -0.032 -0.196
-1.4 -1.4 -0.028 -0.196
-1.4 -1.2 -0.024 -0.196
-1.4 -1 -0.02 -0.196
-1.4 -0.8 -0.016 -0.196
-1.4 -0.6 -0.012 -0.196
-1.4 -0.4 -0.008 -0.196
-1.4 -0.2 -0.004 -0.196
-1.4 2.16493e-15 4.32987e-17 -0.196
-1.4 0.2 0.004 -0.196
-1.4 0.4 0.008 -0.196
-1.4 0.6 0.012 -0.196
-1.4 0.8 0.016 -0.196
-1.4 1 0.02 -0.196
-1.4 1.2 0.024 -0.196
-1.4 1.4 0.028 -0.196
-1.4 1.6 0.032 -0.196
-1.4 1.8 0.036 -0.196
-1.4 2 0.04 -0.196
-1.4 2.2 0.044 -0.196
-1.4 2.4 0.048 -0.196
-1.4 2.6 0.052 -0.196
-1.4 2.8 0.056 -0.196
-1.4 3 0.06 -0.196
-1.4 3.2 0.064 -0.196
-1.4 3.4 0.068 -0.196
-1.4 3.6 0.072 -0.196
-1.4 3.8 0.076 -0.196
-1.4 4 0.08 -0.196
-1.4 4.2 0.084 -0.196
-1.4 4.4 0.088 -0.196
-1.4 4.6 0.092 -0.196
-1.4 4.8 0.096 -0.196
-1.2 -5 -0.1 -0.196
-1.2 -4.8 -0.096 -0.196
-1.2 -4.6 -0.092 -0.196
-1.2 -4.4 -0.088 -0.196
-1.2 -4.2 -0.084 -0.196
-1.2 -4 -0.08 -0.196
-1.2 -3.8 -0.076 -0.196
-1.2 -3.6 -0.072 -0.196
-1.2 -3.4 -0.068 -0.196
-1.2 -3.2 -0.064 -0.196
-1.2 -3 -0.06 -0.196
-1.2 -2.8 -0.056 -0.196
-1.2 -2.6 -0.052 -0.196
-1.2 -2.4 -0.048 -0.196
-1.2 -2.2 -0.044 -0.196
-1.2 -2 -0.04 -0.196
-1.2 -1.8 -0.036 -0.196
-1.2 -1.6 -0.032 -0.196
-1.2 -1.4 -0.028 -0.196
-1.2 -1.2 -0.024 -0.196
-1.2 -1 -0.02 -0.196
-1.2 -0.8 -0.016 -0.196
-1.2 -0.6 -0.012 -0.196
-1.2 -0.4 -0.008 -0.196
-1.2 -0.2 -0.004 -0.196
-1.2 2.16493e-15 4.32987e-17 -0.196
-1.2 0.2 0.004 -0.196
-1.2 0.4 0.008 -0.196
-1.2 0.6 0.012 -0.196
-1.2 0.8 0.016 -0.196
-1.2 1 0.02 -0.196
-1.2 1.2 0.024 -0.196
-1.2 1.4 0.028 -0.196
-1.2 1.6 0.032 -0.196
-1.2 1.8 0.036 -0.196
-1.2 2 0.04 -0.196
-1.2 2.2 0.044 -0.196
-1.2 2.4 0.048 -0.196
-1.2 2.6 0.052 -0.196
-1.2 2.8 0.056 -0.196
-1.2 3 0.06 -0.196
-1.2 3.2 0.064 -0.196
-1.2 3.4 0.068 -0.196
-1.2 3.6 0.072 -0.196
-1.2 3.8 0.076 -0.196
-1.2 4 0.08 -0.196
-1.2 4.2 0.084 -0.196
-1.2 4.4 0.088 -0.196
-1.2 4.6 0.092 -0.196
-1.2 4.8 0.096 -0.196
-1 -5 -0.1 -0.196
-1 -4.8 -0.096 -0.196
-1 -4.6 -0.092 -0.196
-1 -4.4 -0.088 -0.196
-1 -4.2 -0.084 -0.196
-1 -4 -0.08 -0.196
-1 -3.8 -0.076 -0.196
-1 -3.6 -0.072 -0.196
-1 -3.4 -0.068 -0.196
-1 -3.2 -0.064 -0.196
-1 -3 -0.06 -0.196
-1 -2.8 -0.056 -0.196
-1 -2.6 -0.052 -0.196
-1 -2.4 -0.048 -0.196
-1 -2.2 -0.044 -0.196
-1 -2 -0.04 -0.196
-1 -1.8 -0.036 -0.196
-1 -1.6 -0.032 -0.196
-1 -1.4 -0.028 -0.196
-1 -1.2 -0.024 -0.196
-1 -1 -0.02 -0.196
-1 -0.8 -0.016 -0.196
-1 -0.6 -0.012 -0.196
-1 -0.4 -0.008 -0.196
-1 -0.2 -0.004 -0.196
-1 2.16493e-15 4.32987e-17 -0.196
-1 0.2 0.004 -0.196
-1 0.4 0.008 -0.196
-1 0.6 0.012 -0.196
-1 0.8 0.016 -0.196
-1 1 0.02 -0.196
-1 1.2 0.024 -0.196
-1 1.4 0.028 -0.196
-1 1.6 0.032 -0.196
-1 1.8 0.036 -0.196
-1 2 0.04 -0.196
-1 2.2 0.044 -0.196
-1 2.4 0.048 -0.196
-1 2.6 0.052 -0.196
-1 2.8 0.056 -0.196
-1 3 0.06 -0.196
-1 3.2 0.064 -0.196
-1 3.4 0.068 -0.196
-1 3.6 0.072 -0.196
-1 3.8 0.076 -0.196
-1 4 0.08 -0.196
-1 4.2 0.084 -0.196
-1 4.4 0.088 -0.196
-1 4.6 0.092 -0.196
-1 4.8 0.096 -0.196
-0.8 -5 -0.1 -0.196
-0.8 -4.8 -0.096 -0.196
-0.8 -4.6 -0.092 -0.196
-0.8 -4.4 -0.088 -0.196
-0.8 -4.2 -0.084 -0.196
-0.8 -4 -0.08 -0.196
-0.8 -3.8 -0.076 -0.196
-0.8 -3.6 -0.072 -0.196
-0.8 -3.4 -0.068 -0.196
-0.8 -3.2 -0.064 -0.196
-0.8 -3 -0.06 -0.196
-0.8 -2.8 -0.056 -0.196
-0.8 -2.6 -0.052 -0.196
-0.8 -2.4 -0.048 -0.196
-0.8 -2.2 -0.044 -0.196
-0.8 -2 -0.04 -0.196
-0.8 -1.8 -0.036 -0.196
-0.8 -1.6 -0.032 -0.196
-0.8 -1.4 -0.028 -0.196
-0.8 -1.2 -0.024 -0.196
-0.8 -1 -0.02 -0.196
-0.8 -0.8 -0.016 -0.196
-0.8 -0.6 -0.012 -0.196
-0.8 -0.4 -0.008 -0.196
-0.8 -0.2 -0.004 -0.196
-0.8 2.16493e-15 4.32987e-17 -0.196
-0.8 0.2 0.004 -0.196
-0.8 0.4 0.008 -0.196
-0.8 0.6 0.012 -0.196
-0.8 0.8 0.016 -0.196
-0.8 1 0.02 -0.196
-0.8 1.2 0.024 -0.196
-0.8 1.4 0.028 -0.196
-0.8 1.6 0.032 -0.196
-0.8 1.8 0.036 -0.196
-0.8 2 0.04 -0.196
-0.8 2.2 0.044 -0.196
-0.8 2.4 0.048 -0.196
-0.8 2.6 0.052 -0.196
-0.8 2.8 0.056 -0.196
-0.8 3 0.06 -0.196
-0.8 3.2 0.064 -0.196
-0.8 3.4 0.068 -0.196
-0.8 3.6 0.072 -0.196
-0.8 3.8 0.076 -0.196
-0.8 4 0.08 -0.196
-0.8 4.2 0.084 -0.196
-0.8 4.4 0.088 -0.196
-0.8 4.6 0.092 -0.196
-0.8 4.8 0.096 -0.196
-0.6 -5 -0.1 -0.196
-0.6 -4.8 -0.096 -0.196
-0.6 -4.6 -0.092 -0.196
-0.6 -4.4 -0.088 -0.196
-0.6 -4.2 -0.084 -0.196
-0.6 -4 -0.08 -0.196
-0.6 -3.8 -0.076 -0.196
-0.6 -3.6 -0.072 -0.196
-0.6 -3.4 -0.068 -0.196
-0.6 -3.2 -0.064 -0.196
-0.6 -3 -0.06 -0.196
-0.6 -2.8 -0.056 -0.196
-0.6 -2.6 -0.052 -0.196
-0.6 -2.4 -0.048 -0.196
-0.6 -2.2 -0.044 -0.196
-0.6 -2 -0.04 -0.196
-0.6 -1.8 -0.036 -0.196
-0.6 -1.6 -0.032 -0.196
-0.6 -1.4 -0.028 -0.196
-0.6 -1.2 -0.024 -0.196
-0.6 -1 -0.02 -0.196
-0.6 -0.8 -0.016 -0.196
-0.6 -0.6 -0.012 -0.196
-0.6 -0.4 -0.008 -0.196
-0.6 -0.2 -0.004 -0.196
-0.6 2.16493e-15 4.32987e-17 -0.196
-0.6 0.2 0.004 -0.196
-0.6 0.4 0.008 -0.196
-0.6 0.6 0.012 -0.196
-0.6 0.8 0.016 -0.196
-0.6 1 0.02 -0.196
-0.6 1.2 0.024 -0.196
-0.6 1.4 0.028 -0.196
-0.6 1.6 0.032 -0.196
-0.6 1.8 0.036 -0.196
-0.6 2 0.04 -0.196
-0.6 2.2 0.044 -0.196
-0.6 2.4 0.048 -0.196
-0.6 2.6 0.052 -0.196
-0.6 2.8 0.056 -0.196
-0.6 3 0.06 -0.196
-0.6 3.2 0.064 -0.196
-0.6 3.4 0.068 -0.196
-0.6 3.6 0.072 -0.196
-0.6 3.8 0.076 -0.196
-0.6 4 0.08 -0.196
-0.6 4.2 0.084 -0.196
-0.6 4.4 0.088 -0.196
-0.6 4.6 0.092 -0.196
-0.6 4.8 0.096 -0.196
-0.4 -5 -0.1 -0.196
-0.4 -4.8 -0.096 -0.196
-0.4 -4.6 -0.092 -0.196
-0.4 -4.4 -0.088 -0.196
-0.4 -4.2 -0.084 -0.196
-0.4 -4 -0.08 -0.196
-0.4 -3.8 -0.076 -0.196
-0.4 -3.6 -0.072 -0.196
-0.4 -3.4 -0.068 -0.196
-0.4 -3.2 -0.064 -0.196
-0.4 -3 -0.06 -0.196
-0.4 -2.8 -0.056 -0.196
-0.4 -2.6 -0.052 -0.196
-0.4 -2.4 -0.048 -0.196
-0.4 -2.2 -0.044 -0.196
-0.4 -2 -0.04 -0.196
-0.4 -1.8 -0.036 -0.196
-0.4 -1.6 -0.032 -0.196
-0.4 -1.4 -0.028 -0.196
-0.4 -1.2 -0.024 -0.196
-0.4 -1 -0.02 -0.196
-0.4 -0.8 -0.016 -0.196
-0.4 -0.6 -0.012 -0.196
-0.4 -0.4 -0.008 -0.196
-0.4 -0.2 -0.004 -0.196
-0.4 2.16493e-15 4.32987e-17 -0.196
-0.4 0.2 0.004 -0.196
-0.4 0.4 0.008 -0.196
-0.4 0.6 0.012 -0.196
-0.4 0.8 0.016 -0.196
-0.4 1 0.02 -0.196
-0.4 1.2 0.024 -0.196
-0.4 1.4 0.028 -0.196
-0.4 1.6 0.032 -0.196
-0.4 1.8 0.036 -0.196
-0.4 2 0.04 -0.196
-0.4 2.2 0.044 -0.196
-0.4 2.4 0.048 -0.196
-0.4 2.6 0.052 -0.196
-0.4 2.8 0.056 -0.196
-0.4 3 0.06 -0.196
-0.4 3.2 0.064 -0.196
-0.4 3.4 0.068 -0.196
-0.4 3.6 0.072 -0.196
-0.4 3.8 0.076 -0.196
-0.4 4 0.08 -0.196
-0.4 4.2 0.084 -0.196
-0.4 4.4 0.088 -0.196
-0.4 4.6 0.092 -0.196
-0.4 4.8 0.096 -0.196
-0.2 -5 -0.1 -0.196
-0.2 -4.8 -0.096 -0.196
-0.2 -4.6 -0.092 -0.196
-0.2 -4.4 -0.088 -0.196
-0.2 -4.2 -0.084 -0.196
-0.2 -4 -0.08 -0.196
-0.2 -3.8 -0.076 -0.196
-0.2 -3.6 -0.072 -0.196
-0.2 -3.4 -0.068 -0.196
-0.2 -3.2 -0.064 -0.196
-0.2 -3 -0.06 -0.196
-0.2 -2.8 -0.056 -0.196
-0.2 -2.6 -0.052 -0.196
-0.2 -2.4 -0.048 -0.196
-0.2 -2.2 -0.044 -0.196
-0.2 -2 -0.04 -0.196
-0.2 -1.8 -0.036 -0.196
-0.2 -1.6 -0.032 -0.196
-0.2 -1.4 -0.028 -0.196
-0.2 -1.2 -0.024 -0.196
-0.2 -1 -0.02 -0.196
-0.2 -0.8 -0.016 -0.196
-0.2 -0.6 -0.012 -0.196
-0.2 -0.4 -0.008 -0.196
-0.2 -0.2 -0.004 -0.196
-0.2 2.16493e-15 4.32987e-17 -0.196
-0.2 0.2 0.004 -0.196
-0.2 0.4 0.008 -0.196
-0.2 0.6 0.012 -0.196
-0.2 0.8 0.016 -0.196
-0.2 1 0.02 -0.196
-0.2 1.2 0.024 -0.196
-0.2 1.4 0.028 -0.196
-0.2 1.6 0.032 -0.196
-0.2 1.8 0.036 -0.196
-0.2 2 0.04 -0.196
-0.2 2.2 0.044 -0.196
-0.2 2.4 0.048 -0.196
-0.2 2.6 0.052 -0.196
-0.2 2.8 0.056 -0.196
-0.2 3 0.06 -0.196
-0.2 3.2 0.064 -0.196
-0.2 3.4 0.068 -0.196
-0.2 3.6 0.072 -0.196
-0.2 3.8 0.076 -0.196
-0.2 4 0.08 -0.196
-0.2 4.2 0.084 -0.196
-0.2 4.4 0.088 -0.196
-0.2 4.6 0.092 -0.196
-0.2 4.8 0.096 -0.196
2.16493e-15 -5 -0.1 -0.196
2.16493e-15 -4.8 -0.096 -0.196
2.16493e-15 -4.6 -0.092 -0.196
2.16493e-15 -4.4 -0.088 -0.196
2.16493e-15 -4.2 -0.084 -0.196
2.16493e-15 -4 -0.08 -0.196
2.16493e-15 -3.8 -0.076 -0.196
2.16493e-15 -3.6 -0.072 -0.196
2.16493e-15 -3.4 -0.068 -0.196
2.16493e-15 -3.2 -0.064 -0.196
2.16493e-15 -3 -0.06 -0.196
2.16493e-15 -2.8 -0.056 -0.196
2.16493e-15 -2.6 -0.052 -0.196
2.16493e-15 -2.4 -0.048 -0.196
2.16493e-15 -2.2 -0.044 -0.196
2.16493e-15 -2 -0.04 -0.196
2.16493e-15 -1.8 -0.036 -0.196
2.16493e-15 -1.6 -0.032 -0.196
2.16493e-15 -1.4 -0.028 -0.196
2.16493e-15 -1.2 -0.024 -0.196
2.16493e-15 -1 -0.02 -0.196
2.16493e-15 -0.8 -0.016 -0.196
2.16493e-15 -0.6 -0.012 -0.196
2.16493e-15 -0.4 -0.008 -0.196
2.16493e-15 -0.2 -0.004 -0.196
2.16493e-15 2.16493e-15 4.32987e-17 -0.196
2.16493e-15 0.2 0.004 -0.196
2.16493e-15 0.4 0.008 -0.196
2.16493e-15 0.6 0.012 -0.196
2.16493e-15 0.8 0.016 -0.196
2.16493e-15 1 0.02 -0.196
2.16493e-15 1.2 0.024 -0.196
2.16493e-15 1.4 0.028 -0.196
2.16493e-15 1.6 0.032 -0.196
2.16493e-15 1.8 0.036 -0.196
2.16493e-15 2 0.04 -0.196
2.16493e-15 2.2 0.044 -0.196
2.16493e-15 2.4 0.048 -0.196
2.16493e-15 2.6 0.052 -0.196
2.16493e-15 2.8 0.056 -0.196
2.16493e-15 3 0.06 -0.196
2.16493e-15 3.2 0.064 -0.196
2.16493e-15 3.4 0.068 -0.196
2.16493e-15 3.6 0.072 -0.196
2.16493e-15 3.8 0.076 -0.196
2.16493e-15 4 0.08 -0.196
2.16493e-15 4.2 0.084 -0.196
2.16493e-15 4.4 0.088 -0.196
2.16493e-15 4.6 0.092 -0.196
2.16493e-15 4.8 0.096 -0.196
0.2 -5 -0.1 -0.196
0.2 -4.8 -0.096 -0.196
0.2 -4.6 -0.092 -0.196
0.2 -4.4 -0.088 -0.196
0.2 -4.2 -0.084 -0.196
0.2 -4 -0.08 -0.196
0.2 -3.8 -0.076 -0.196
0.2 -3.6 -0.072 -0.196
0.2 -3.4 -0.068 -0.196
0.2 -3.2 -0.064 -0.196
0.2 -3 -0.06 -0.196
0.2 -2.8 -0.056 -0.196
0.2 -2.6 -0.052 -0.196
0.2 -2.4 -0.048 -0.196
0.2 -2.2 -0.044 -0.196
0.2 -2 -0.04 -0.196
0.2 -1.8 -0.036 -0.196
0.2 -1.6 -0.032 -0.196
0.2 -1.4 -0.028 -0.196
0.2 -1.2 -0.024 -0.196
0.2 -1 -0.02 -0.196
0.2 -0.8 -0.016 -0.196
0.2 -0.6 -0.012 -0.196
0.2 -0.4 -0.008 -0.196
0.2 -0.2 -0.004 -0.196
0.2 2.16493e-15 4.32987e-17 -0.196
0.2 0.2 0.004 -0.196
0.2 0.4 0.008 -0.196
0.2 0.6 0.012 -0.196
0.2 0.8 0.016 -0.196
0.2 1 0.02 -0.196
0.2 1.2 0.024 -0.196
0.2 1.4 0.028 -0.196
0.2 1.6 0.032 -0.196
0.2 1.8 0.036 -0.196
0.2 2 0.04 -0.196
0.2 2.2 0.044 -0.196
0.2 2.4 0.048 -0.196
0.2 2.6 0.052 -0.196
0.2 2.8 0.056 -0.196
0.2 3 0.06 -0.196
0.2 3.2 0.064 -0.196
0.2 3.4 0.068 -0.196
0.2 3.6 0.072 -0.196
0.2 3.8 0.076 -0.196
0.2 4 0.08 -0.196
0.2 4.2 0.084 -0.196
0.2 4.4 0.088 -0.196
0.2 4.6 0.092 -0.196
0.2 4.8 0.096 -0.196
0.4 -5 -0.1 -0.196
0.4 -4.8 -0.096 -0.196
0.4 -4.6 -0.092 -0.196
0.4 -4.4 -0.088 -0.196
0.4 -4.2 -0.084 -0.196
0.4 -4 -0.08 -0.196
0.4 -3.8 -0.076 -0.196
0.4 -3.6 -0.072 -0.196
0.4 -3.4 -0.068 -0.196
0.4 -3.2 -0.064 -0.196
0.4 -3 -0.06 -0.196
0.4 -2.8 -0.056 -0.196
0.4 -2.6 -0.052 -0.196
0.4 -2.4 -0.048 -0.196
0.4 -2.2 -0.044 -0.196
0.4 -2 -0.04 -0.196
0.4 -1.8 -0.036 -0.196
0.4 -1.6 -0.032 -0.196
0.4 -1.4 -0.028 -0.196
0.4 -1.2 -0.024 -0.196
0.4 -1 -0.02 -0.196
0.4 -0.8 -0.016 -0.196
0.4 -0.6 -0.012 -0.196
0.4 -0.4 -0.008 -0.196
0.4 -0.2 -0.004 -0.196
0.4 2.16493e-15 4.32987e-17 -0.196
0.4 0.2 0.004 -0.196
0.4 0.4 0.008 -0.196
0.4 0.6 0.012 -0.196
0.4 0.8 0.016 -0.196
0.4 1 0.02 -0.196
0.4 1.2 0.024 -0.196
0.4 1.4 0.028 -0.196
0.4 1.6 0.032 -0.196
0.4 1.8 0.036 -0.196
0.4 2 0.04 -0.196
0.4 2.2 0.044 -0.196
0.4 2.4 0.048 -0.196
0.4 2.6 0.052 -0.196
0.4 2.8 0.056 -0.196
0.4 3 0.06 -0.196
0.4 3.2 0.064 -0.196
0.4 3.4 0.068 -0.196
0.4 3.6 0.072 -0.196
0.4 3.8 0.076 -0.196
0.4 4 0.08 -0.196
0.4 4.2 0.084 -0.196
0.4 4.4 0.088 -0.196
0.4 4.6 0.092 -0.196
0.4 4.8 0.096 -0.196
0.6 -5 -0.1 -0.196
0.6 -4.8 -0.096 -0.196
0.6 -4.6 -0.092 -0.196
0.6 -4.4 -0.088 -0.196
0.6 -4.2 -0.084 -0.196
0.6 -4 -0.08 -0.196
0.6 -3.8 -0.076 -0.196
0.6 -3.6 -0.072 -0.196
0.6 -3.4 -0.068 -0.196
0.6 -3.2 -0.064 -0.196
0.6 -3 -0.06 -0.196
0.6 -2.8 -0.056 -0.196
0.6 -2.6 -0.052 -0.196
0.6 -2.4 -0.048 -0.196
0.6 -2.2 -0.044 -0.196
0.6 -2 -0.04 -0.196
0.6 -1.8 -0.036 -0.196
0.6 -1.6 -0.032 -0.196
0.6 -1.4 -0.028 -0.196
0.6 -1.2 -0.024 -0.196
0.6 -1 -0.02 -0.196
0.6 -0.8 -0.016 -0.196
0.6 -0.6 -0.012 -0.196
0.6 -0.4 -0.008 -0.196
0.6 -0.2 -0.004 -0.196
0.6 2.16493e-15 4.32987e-17 -0.196
0.6 0.2 0.004 -0.196
0.6 0.4 0.008 -0.196
0.6 0.6 0.012 -0.196
0.6 0.8 0.016 -0.196
0.6 1 0.02 -0.196
0.6 1.2 0.024 -0.196
0.6 1.4 0.028 -0.196
0.6 1.6 0.032 -0.196
0.6 1.8 0.036 -0.196
0.6 2 0.04 -0.196
0.6 2.2 0.044 -0.196
0.6 2.4 0.048 -0.196
0.6 2.6 0.052 -0.196
0.6 2.8 0.056 -0.196
0.6 3 0.06 -0.196
0.6 3.2 0.064 -0.196
0.6 3.4 0.068 -0.196
0.6 3.6 0.072 -0.196
0.6 3.8 0.076 -0.196
0.6 4 0.08 -0.196
0.6 4.2 0.084 -0.196
0.6 4.4 0.088 -0.196
0.6 4.6 0.092 -0.196
0.6 4.8 0.096 -0.196
0.8 -5 -0.1 -0.196
0.8 -4.8 -0.096 -0.196
0.8 -4.6 -0.092 -0.196
0.8 -4.4 -0.088 -0.196
0.8 -4.2 -0.084 -0.196
0.8 -4 -0.08 -0.196
0.8 -3.8 -0.076 -0.196
0.8 -3.6 -0.072 -0.196
0.8 -3.4 -0.068 -0.196
0.8 -3.2 -0.064 -0.196
0.8 -3 -0.06 -0.196
0.8 -2.8 -0.056 -0.196
0.8 -2.6 -0.052 -0.196
0.8 -2.4 -0.048 -0.196
0.8 -2.2 -0.044 -0.196
0.8 -2 -0.04 -0.196
0.8 -1.8 -0.036 -0.196
0.8 -1.6 -0.032 -0.196
0.8 -1.4 -0.028 -0.196
0.8 -1.2 -0.024 -0.196
0.8 -1 -0.02 -0.196
0.8 -0.8 -0.016 -0.196
0.8 -0.6 -0.012 -0.196
0.8 -0.4 -0.008 -0.196
0.8 -0.2 -0.004 -0.196
0.8 2.16493e-15 4.32987e-17 -0.196
0.8 0.2 0.004 -0.196
0.8 0.4 0.008 -0.196
0.8 0.6 0.012 -0.196
0.8 0.8 0.016 -0.196
0.8 1 0.02 -0.196
0.8 1.2 0.024 -0.196
0.8 1.4 0.028 -0.196
0.8 1.6 0.032 -0.196
0.8 1.8 0.036 -0.196
0.8 2 0.04 -0.196
0.8 2.2 0.044 -0.196
0.8 2.4 0.048 -0.196
0.8 2.6 0.052 -0.196
0.8 2.8 0.056 -0.196
0.8 3 0.06 -0.196
0.8 3.2 0.064 -0.196
0.8 3.4 0.068 -0.196
0.8 3.6 0.072 -0.196
0.8 3.8 0.076 -0.196
0.8 4 0.08 -0.196
0.8 4.2 0.084 -0.196
0.8 4.4 0.088 -0.196
0.8 4.6 0.092 -0.196
0.8 4.8 0.096 -0.196
1 -5 -0.1 -0.196
1 -4.8 -0.096 -0.196
1 -4.6 -0.092 -0.196
1 -4.4 -0.088 -0.196
1 -4.2 -0.084 -0.196
1 -4 -0.08 -0.196
1 -3.8 -0.076 -0.196
1 -3.6 -0.072 -0.196
1 -3.4 -0.068 -0.196
1 -3.2 -0.064 -0.196
1 -3 -0.06 -0.196
1 -2.8 -0.056 -0.196
1 -2.6 -0.052 -0.196
1 -2.4 -0.048 -0.196
1 -2.2 -0.044 -0.196
1 -2 -0.04 -0.196
1 -1.8 -0.036 -0.196
1 -1.6 -0.032 -0.196
1 -1.4 -0.028 -0.196
1 -1.2 -0.024 -0.196
1 -1 -0.02 -0.196
1 -0.8 -0.016 -0.196
1 -0.6 -0.012 -0.196
1 -0.4 -0.008 -0.196
1 -0.2 -0.004 -0.196
1 2.16493e-15 4.32987e-17 -0.196
1 0.2 0.004 -0.196
1 0.4 0.008 -0.196
1 0.6 0.012 -0.196
1 0.8 0.016 -0.196
1 1 0.02 -0.196
1 1.2 0.024 -0.196
1 1.4 0.028 -0.196
1 1.6 0.032 -0.196
1 1.8 0.036 -0.196
1 2 0.04 -0.196
1 2.2 0.044 -0.196
1 2.4 0.048 -0.196
1 2.6 0.052 -0.196
1 2.8 0.056 -0.196
1 3 0.06 -0.196
1 3.2 0.064 -0.196
1 3.4 0.068 -0.196
1 3.6 0.072 -0.196
1 3.8 0.076 -0.196
1 4 0.08 -0.196
1 4.2 0.084 -0.196
1 4.4 0.088 -0.196
1 4.6 0.092 -0.196
1 4.8 0.096 -0.196
1.2 -5 -0.1 -0.196
1.2 -4.8 -0.096 -0.196
1.2 -4.6 -0.092 -0.196
1.2 -4.4 -0.088 -0.196
1.2 -4.2 -0.084 -0.196
1.2 -4 -0.08 -0.196
1.2 -3.8 -0.076 -0.196
1.2 -3.6 -0.072 -0.196
1.2 -3.4 -0.068 -0.196
1.2 -3.2 -0.064 -0.196
1.2 -3 -0.06 -0.196
1.2 -2.8 -0.056 -0.196
1.2 -2.6 -0.052 -0.196
1.2 -2.4 -0.048 -0.196
1.2 -2.2 -0.044 -0.196
1.2 -2 -0.04 -0.196
1.2 -1.8 -0.036 -0.196
1.2 -1.6 -0.032 -0.196
1.2 -1.4 -0.028 -0.196
1.2 -1.2 -0.024 -0.196
1.2 -1 -0.02 -0.196
1.2 -0.8 -0.016 -0.196
1.2 -0.6 -0.012 -0.196
1.2 -0.4 -0.008 -0.196
1.2 -0.2 -0.004 -0.196
1.2 2.16493e-15 4.32987e-17 -0.196
1.2 0.2 0.004 -0.196
1.2 0.4 0.008 -0.196
1.2 0.6 0.012 -0.196
1.2 0.8 0.016 -0.196
1.2 1 0.02 -0.196
1.2 1.2 0.024 -0.196
1.2 1.4 0.028 -0.196
1.2 1.6 0.032 -0.196
1.2 1.8 0.036 -0.196
1.2 2 0.04 -0.196
1.2 2.2 0.044 -0.196
1.2 2.4 0.048 -0.196
1.2 2.6 0.052 -0.196
1.2 2.8 0.056 -0.196
1.2 3 0.06 -0.196
1.2 3.2 0.064 -0.196
1.2 3.4 0.068 -0.196
1.2 3.6 0.072 -0.196
1.2 3.8 0.076 -0.196
1.2 4 0.08 -0.196
1.2 4.2 0.084 -0.196
1.2 4.4 0.088 -0.196
1.2 4.6 0.092 -0.196
1.2 4.8 0.096 -0.196
1.4 -5 -0.1 -0.196
1.4 -4.8 -0.096 -0.196
1.4 -4.6 -0.092 -0.196
1.4 -4.4 -0.088 -0.196
1.4 -4.2 -0.084 -0.196
1.4 -4 -0.08 -0.196
1.4 -3.8 -0.076 -0.196
1.4 -3.6 -0.072 -0.196
1.4 -3.4 -0.068 -0.196
1.4 -3.2 -0.064 -0.196
1.4 -3 -0.06 -0.196
1.4 -2.8 -0.056 -0.196
1.4 -2.6 -0.052 -0.196
1.4 -2.4 -0.048 -0.196
1.4 -2.2 -0.044 -0.196
1.4 -2 -0.04 -0.196
1.4 -1.8 -0.036 -0.196
1.4 -1.6 -0.032 -0.196
1.4 -1.4 -0.028 -0.196
1.4 -1.2 -0.024 -0.196
1.4 -1 -0.02 -0.196
1.4 -0.8 -0.016 -0.196
1.4 -0.6 -0.012 -0.196
1.4 -0.4 -0.008 -0.196
1.4 -0.2 -0.004 -0.196
1.4 2.16493e-15 4.32987e-17 -0.196
1.4 0.2 0.004 -0.196
1.4 0.4 0.008 -0.196
1.4 0.6 0.012 -0.196
1.4 0.8 0.016 -0.196
1.4 1 0.02 -0.196
1.4 1.2 0.024 -0.196
1.4 1.4 0.028 -0.196
1.4 1.6 0.032 -0.196
1.4 1.8 0.036 -0.196
1.4 2 0.04 -0.196
1.4 2.2 0.044 -0.196
1.4 2.4 0.048 -0.196
1.4 2.6 0.052 -0.196
1.4 2.8 0.056 -0.196
1.4 3 0.06 -0.196
1.4 3.2 0.064 -0.196
1.4 3.4 0.068 -0.196
1.4 3.6 0.072 -0.196
1.4 3.8 0.076 -0.196
1.4 4 0.08 -0.196
1.4 4.2 0.084 -0.196
1.4 4.4 0.088 -0.196
1.4 4.6 0.092 -0.196
1.4 4.8 0.096 -0.196
1.6 -5 -0.1 -0.196
1.6 -4.8 -0.096 -0.196
1.6 -4.6 -0.092 -0.196
1.6 -4.4 -0.088 -0.196
1.6 -4.2 -0.084 -0.196
1.6 -4 -0.08 -0.196
1.6 -3.8 -0.076 -0.196
1.6 -3.6 -0.072 -0.196
1.6 -3.4 -0.068 -0.196
1.6 -3.2 -0.064 -0.196
1.6 -3 -0.06 -0.196
1.6 -2.8 -0.056 -0.196
1.6 -2.6 -0.052 -0.196
1.6 -2.4 -0.048 -0.196
1.6 -2.2 -0.044 -0.196
1.6 -2 -0.04 -0.196
1.6 -1.8 -0.036 -0.196
1.6 -1.6 -0.032 -0.196
1.6 -1.4 -0.028 -0.196
1.6 -1.2 -0.024 -0.196
1.6 -1 -0.02 -0.196
1.6 -0.8 -0.016 -0.196
1.6 -0.6 -0.012 -0.196
1.6 -0.4 -0.008 -0.196
1.6 -0.2 -0.004 -0.196
1.6 2.16493e-15 4.32987e-17 -0.196
1.6 0.2 0.004 -0.196
1.6 0.4 0.008 -0.196
1.6 0.6 0.012 -0.196
1.6 0.8 0.016 -0.196
1.6 1 0.02 -0.196
1.6 1.2 0.024 -0.196
1.6 1.4 0.028 -0.196
1.6 1.6 0.032 -0.196
1.6 1.8 0.036 -0.196
1.6 2 0.04 -0.196
1.6 2.2 0.044 -0.196
1.6 2.4 0.048 -0.196
1.6 2.6 0.052 -0.196
1.6 2.8 0.056 -0.196
1.6 3 0.06 -0.196
1.6 3.2 0.064 -0.196
1.6 3.4 0.068 -0.196
1.6 3.6 0.072 -0.196
1.6 3.8 0.076 -0.196
1.6 4 0.08 -0.196
1.6 4.2 0.084 -0.196
1.6 4.4 0.088 -0.196
1.6 4.6 0.092 -0.196
1.6 4.8 0.096 -0.196
1.8 -5 -0.1 -0.196
1.8 -4.8 -0.096 -0.196
1.8 -4.6 -0.092 -0.196
1.8 -4.4 -0.088 -0.196
1.8 -4.2 -0.084 -0.196
1.8 -4 -0.08 -0.196
1.8 -3.8 -0.076 -0.196
1.8 -3.6 -0.072 -0.196
1.8 -3.4 -0.068 -0.196
1.8 -3.2 -0.064 -0.196
1.8 -3 -0.06 -0.196
1.8 -2.8 -0.056 -0.196
1.8 -2.6 -0.052 -0.196
1.8 -2.4 -0.048 -0.196
1.8 -2.2 -0.044 -0.196
1.8 -2 -0.04 -0.196
1.8 -1.8 -0.036 -0.196
1.8 -1.6 -0.032 -0.196
1.8 -1.4 -0.028 -0.196
1.8 -1.2 -0.024 -0.196
1.8 -1 -0.02 -0.196
1.8 -0.8 -0.016 -0.196
1.8 -0.6 -0.012 -0.196
1.8 -0.4 -0.008 -0.196
1.8 -0.2 -0.004 -0.196
1.8 2.16493e-15 4.32987e-17 -0.196
1.8 0.2 0.004 -0.196
1.8 0.4 0.008 -0.196
1.8 0.6 0.012 -0.196
1.8 0.8 0.016 -0.196
1.8 1 0.02 -0.196
1.8 1.2 0.024 -0.196
1.8 1.4 0.028 -0.196
1.8 1.6 0.032 -0.196
1.8 1.8 0.036 -0.196
1.8 2 0.04 -0.196
1.8 2.2 0.044 -0.196
1.8 2.4 0.048 -0.196
1.8 2.6 0.052 -0.196
1.8 2.8 0.056 -0.196
1.8 3 0.06 -0.196
1.8 3.2 0.064 -0.196
1.8 3.4 0.068 -0.196
1.8 3.6 0.072 -0.196
1.8 3.8 0.076 -0.196
1.8 4 0.08 -0.196
1.8 4.2 0.084 -0.196
1.8 4.4 0.088 -0.196
1.8 4.6 0.092 -0.196
1.8 4.8 0.096 -0.196
2 -5 -0.1 -0.196
2 -4.8 -0.096 -0.196
2 -4.6 -0.092 -0.196
2 -4.4 -0.088 -0.196
2 -4.2 -0.084 -0.196
2 -4 -0.08 -0.196
2 -3.8 -0.076 -0.196
2 -3.6 -0.072 -0.196
2 -3.4 -0.068 -0.196
2 -3.2 -0.064 -0.196
2 -3 -0.06 -0.196
2 -2.8 -0.056 -0.196
2 -2.6 -0.052 -0.196
2 -2.4 -0.048 -0.196
2 -2.2 -0.044 -0.196
2 -2 -0.04 -0.196
2 -1.8 -0.036 -0.196
2 -1.6 -0.032 -0.196
2 -1.4 -0.028 -0.196
2 -1.2 -0.024 -0.196
2 -1 -0.02 -0.196
2 -0.8 -0.016 -0.196
2 -0.6 -0.012 -0.196
2 -0.4 -0.008 -0.196
2 -0.2 -0.004 -0.196
2 2.16493e-15 4.32987e-17 -0.196
2 0.2 0.004 -0.196
2 0.4 0.008 -0.196
2 0.6 0.012 -0.196
2 0.8 0.016 -0.196
2 1 0.02 -0.196
2 1.2 0.024 -0.196
2 1.4 0.028 -0.196
2 1.6 0.032 -0.196
2 1.8 0.036 -0.196
2 2 0.04 -0.196
2 2.2 0.044 -0.196
2 2.4 0.048 -0.196
2 2.6 0.052 -0.196
2 2.8 0.056 -0.196
2 3 0.06 -0.196
2 3.2 0.064 -0.196
2 3.4 0.068 -0.196
2 3.6 0.072 -0.196
2 3.8 0.076 -0.196
2 4 0.08 -0.196
2 4.2 0.084 -0.196
2 4.4 0.088 -0.196
2 4.6 0.092 -0.196
2 4.8 0.096 -0.196
2.2 -5 -0.1 -0.196
2.2 -4.8 -0.096 -0.196
2.2 -4.6 -0.092 -0.196
2.2 -4.4 -0.088 -0.196
2.2 -4.2 -0.084 -0.196
2.2 -4 -0.08 -0.196
2.2 -3.8 -0.076 -0.196
2.2 -3.6 -0.072 -0.196
2.2 -3.4 -0.068 -0.196
2.2 -3.2 -0.064 -0.196
2.2 -3 -0.06 -0.196
2.2 -2.8 -0.056 -0.196
2.2 -2.6 -0.052 -0.196
2.2 -2.4 -0.048 -0.196
2.2 -2.2 -0.044 -0.196
2.2 -2 -0.04 -0.196
2.2 -1.8 -0.036 -0.196
2.2 -1.6 -0.032 -0.196
2.2 -1.4 -0.028 -0.196
2.2 -1.2 -0.024 -0.196
2.2 -1 -0.02 -0.196
2.2 -0.8 -0.016 -0.196
2.2 -0.6 -0.012 -0.196
2.2 -0.4 -0.008 -0.196
2.2 -0.2 -0.004 -0.196
2.2 2.16493e-15 4.32987e-17 -0.196
2.2 0.2 0.004 -0.196
2.2 0.4 0.008 -0.196
2.2 0.6 0.012 -0.196
2.2 0.8 0.016 -0.196
2.2 1 0.02 -0.196
2.2 1.2 0.024 -0.196
2.2 1.4 0.028 -0.196
2.2 1.6 0.032 -0.196
2.2 1.8 0.036 -0.196
2.2 2 0.04 -0.196
2.2 2.2 0.044 -0.196
2.2 2.4 0.048 -0.196
2.2 2.6 0.052 -0.196
2.2 2.8 0.056 -0.196
2.2 3 0.06 -0.196
2.2 3.2 0.064 -0.196
2.2 3.4 0.068 -0.196
2.2 3.6 0.072 -0.196
2.2 3.8 0.076 -0.196
2.2 4 0.08 -0.196
2.2 4.2 0.084 -0.196
2.2 4.4 0.088 -0.196
2.2 4.6 0.092 -0.196
2.2 4.8 0.096 -0.196
2.4 -5 -0.1 -0.196
2.4 -4.8 -0.096 -0.196
2.4 -4.6 -0.092 -0.196
2.4 -4.4 -0.088 -0.196
2.4 -4.2 -0.084 -0.196
2.4 -4 -0.08 -0.196
2.4 -3.8 -0.076 -0.196
2.4 -3.6 -0.072 -0.196
2.4 -3.4 -0.068 -0.196
2.4 -3.2 -0.064 -0.196
2.4 -3 -0.06 -0.196
2.4 -2.8 -0.056 -0.196
2.4 -2.6 -0.052 -0.196
2.4 -2.4 -0.048 -0.196
2.4 -2.2 -0.044 -0.196
2.4 -2 -0.04 -0.196
2.4 -1.8 -0.036 -0.196
2.4 -1.6 -0.032 -0.196
2.4 -1.4 -0.028 -0.196
2.4 -1.2 -0.024 -0.196
2.4 -1 -0.02 -0.196
2.4 -0.8 -0.016 -0.196
2.4 -0.6 -0.012 -0.196
2.4 -0.4 -0.008 -0.196
2.4 -0.2 -0.004 -0.196
2.4 2.16493e-15 4.32987e-17 -0.196
2.4 0.2 0.004 -0.196
2.4 0.4 0.008 -0.196
2.4 0.6 0.012 -0.196
2.4 0.8 0.016 -0.196
2.4 1 0.02 -0.196
2.4 1.2 0.024 -0.196
2.4 1.4 0.028 -0.196
2.4 1.6 0.032 -0.196
2.4 1.8 0.036 -0.196
2.4 2 0.04 -0.196
2.4 2.2 0.044 -0.196
2.4 2.4 0.048 -0.196
2.4 2.6 0.052 -0.196
2.4 2.8 0.056 -0.196
2.4 3 0.06 -0.196
2.4 3.2 0.064 -0.196
2.4 3.4 0.068 -0.196
2.4 3.6 0.072 -0.196
2.4 3.8 0.076 -0.196
2.4 4 0.08 -0.196
2.4 4.2 0.084 -0.196
2.4 4.4 0.088 -0.196
2.4 4.6 0.092 -0.196
2.4 4.8 0.096 -0.196
2.6 -5 -0.1 -0.196
2.6 -4.8 -0.096 -0.196
2.6 -4.6 -0.092 -0.196
2.6 -4.4 -0.088 -0.196
2.6 -4.2 -0.084 -0.196
2.6 -4 -0.08 -0.196
2.6 -3.8 -0.076 -0.196
2.6 -3.6 -0.072 -0.196
2.6 -3.4 -0.068 -0.196
2.6 -3.2 -0.064 -0.196
2.6 -3 -0.06 -0.196
2.6 -2.8 -0.056 -0.196
2.6 -2.6 -0.052 -0.196
2.6 -2.4 -0.048 -0.196
2.6 -2.2 -0.044 -0.196
2.6 -2 -0.04 -0.196
2.6 -1.8 -0.036 -0.196
2.6 -1.6 -0.032 -0.196
2.6 -1.4 -0.028 -0.196
2.6 -1.2 -0.024 -0.196
2.6 -1 -0.02 -0.196
2.6 -0.8 -0.016 -0.196
2.6 -0.6 -0.012 -0.196
2.6 -0.4 -0.008 -0.196
2.6 -0.2 -0.004 -0.196
2.6 2.16493e-15 4.32987e-17 -0.196
2.6 0.2 0.004 -0.196
2.6 0.4 0.008 -0.196
2.6 0.6 0.012 -0.196
2.6 0.8 0.016 -0.196
2.6 1 0.02 -0.196
2.6 1.2 0.024 -0.196
2.6 1.4 0.028 -0.196
2.6 1.6 0.032 -0.196
2.6 1.8 0.036 -0.196
2.6 2 0.04 -0.196
2.6 2.2 0.044 -0.196
2.6 2.4 0.048 -0.196
2.6 2.6 0.052 -0.196
2.6 2.8 0.056 -0.196
2.6 3 0.06 -0.196
2.6 3.2 0.064 -0.196
2.6 3.4 0.068 -0.196
2.6 3.6 0.072 -0.196
2.6 3.8 0.076 -0.196
2.6 4 0.08 -0.196
2.6 4.2 0.084 -0.196
2.6 4.4 0.088 -0.196
2.6 4.6 0.092 -0.196
2.6 4.8 0.096 -0.196
2.8 -5 -0.1 -0.196
2.8 -4.8 -0.096 -0.196
2.8 -4.6 -0.092 -0.196
2.8 -4.4 -0.088 -0.196
2.8 -4.2 -0.084 -0.196
2.8 -4 -0.08 -0.196
2.8 -3.8 -0.076 -0.196
2.8 -3.6 -0.072 -0.196
2.8 -3.4 -0.068 -0.196
2.8 -3.2 -0.064 -0.196
2.8 -3 -0.06 -0.196
2.8 -2.8 -0.056 -0.196
2.8 -2.6 -0.052 -0.196
2.8 -2.4 -0.048 -0.196
2.8 -2.2 -0.044 -0.196
2.8 -2 -0.04 -0.196
2.8 -1.8 -0.036 -0.196
2.8 -1.6 -0.032 -0.196
2.8 -1.4 -0.028 -0.196
2.8 -1.2 -0.024 -0.196
2.8 -1 -0.02 -0.196
2.8 -0.8 -0.016 -0.196
2.8 -0.6 -0.012 -0.196
2.8 -0.4 -0.008 -0.196
2.8 -0.2 -0.004 -0.196
2.8 2.16493e-15 4.32987e-17 -0.196
2.8 0.2 0.004 -0.196
2.8 0.4 0.008 -0.196
2.8 0.6 0.012 -0.196
2.8 0.8 0.016 -0.196
2.8 1 0.02 -0.196
2.8 1.2 0.024 -0.196
2.8 1.4 0.028 -0.196
2.8 1.6 0.032 -0.196
2.8 1.8 0.036 -0.196
2.8 2 0.04 -0.196
2.8 2.2 0.044 -0.196
2.8 2.4 0.048 -0.196
2.8 2.6 0.052 -0.196
2.8 2.8 0.056 -0.196
2.8 3 0.06 -0.196
2.8 3.2 0.064 -0.196
2.8 3.4 0.068 -0.196
2.8 3.6 0.072 -0.196
2.8 3.8 0.076 -0.196
2.8 4 0.08 -0.196
2.8 4.2 0.084 -0.196
2.8 4.4 0.088 -0.196
2.8 4.6 0.092 -0.196
2.8 4.8 0.096 -0.196
3 -5 -0.1 -0.196
3 -4.8 -0.096 -0.196
3 -4.6 -0.092 -0.196
3 -4.4 -0.088 -0.196
3 -4.2 -0.084 -0.196
3 -4 -0.08 -0.196
3 -3.8 -0.076 -0.196
3 -3.6 -0.072 -0.196
3 -3.4 -0.068 -0.196
3 -3.2 -0.064 -0.196
3 -3 -0.06 -0.196
3 -2.8 -0.056 -0.196
3 -2.6 -0.052 -0.196
3 -2.4 -0.048 -0.196
3 -2.2 -0.044 -0.196
3 -2 -0.04 -0.196
3 -1.8 -0.036 -0.196
3 -1.6 -0.032 -0.196
3 -1.4 -0.028 -0.196
3 -1.2 -0.024 -0.196
3 -1 -0.02 -0.196
3 -0.8 -0.016 -0.196
3 -0.6 -0.012 -0.196
3 -0.4 -0.008 -0.196
3 -0.2 -0.004 -0.196
3 2.16493e-15 4.32987e-17 -0.196
3 0.2 0.004 -0.196
3 0.4 0.008 -0.196
3 0.6 0.012 -0.196
3 0.8 0.016 -0.196
3 1 0.02 -0.196
3 1.2 0.024 -0.196
3 1.4 0.028 -0.196
3 1.6 0.032 -0.196
3 1.8 0.036 -0.196
3 2 0.04 -0.196
3 2.2 0.044 -0.196
3 2.4 0.048 -0.196
3 2.6 0.052 -0.196
3 2.8 0.056 -0.196
3 3 0.06 -0.196
3 3.2 0.064 -0.196
3 3.4 0.068 -0.196
3 3.6 0.072 -0.196
3 3.8 0.076 -0.196
3 4 0.08 -0.196
3 4.2 0.084 -0.196
3 4.4 0.088 -0.196
3 4.6 0.092 -0.196
3 4.8 0.096 -0.196
3.2 -5 -0.1 -0.196
3.2 -4.8 -0.096 -0.196
3.2 -4.6 -0.092 -0.196
3.2 -4.4 -0.088 -0.196
3.2 -4.2 -0.084 -0.196
3.2 -4 -0.08 -0.196
3.2 -3.8 -0.076 -0.196
3.2 -3.6 -0.072 -0.196
3.2 -3.4 -0.068 -0.196
3.2 -3.2 -0.064 -0.196
3.2 -3 -0.06 -0.196
3.2 -2.8 -0.056 -0.196
3.2 -2.6 -0.052 -0.196
3.2 -2.4 -0.048 -0.196
3.2 -2.2 -0.044 -0.196
3.2 -2 -0.04 -0.196
3.2 -1.8 -0.036 -0.196
3.2 -1.6 -0.032 -0.196
3.2 -1.4 -0.028 -0.196
3.2 -1.2 -0.024 -0.196
3.2 -1 -0.02 -0.196
3.2 -0.8 -0.016 -0.196
3.2 -0.6 -0.012 -0.196
3.2 -0.4 -0.008 -0.196
3.2 -0.2 -0.004 -0.196
3.2 2.16493e-15 4.32987e-17 -0.196
3.2 0.2 0.004 -0.196
3.2 0.4 0.008 -0.196
3.2 0.6 0.012 -0.196
3.2 0.8 0.016 -0.196
3.2 1 0.02 -0.196
3.2 1.2 0.024 -0.196
3.2 1.4 0.028 -0.196
3.2 1.6 0.032 -0.196
3.2 1.8 0.036 -0.196
3.2 2 0.04 -0.196
3.2 2.2 0.044 -0.196
3.2 2.4 0.048 -0.196
3.2 2.6 0.052 -0.196
3.2 2.8 0.056 -0.196
3.2 3 0.06 -0.196
3.2 3.2 0.064 -0.196
3.2 3.4 0.068 -0.196
3.2 3.6 0.072 -0.196
3.2 3.8 0.076 -0.196
3.2 4 0.08 -0.196
3.2 4.2 0.084 -0.196
3.2 4.4 0.088 -0.196
3.2 4.6 0.092 -0.196
3.2 4.8 0.096 -0.196
3.4 -5 -0.1 -0.196
3.4 -4.8 -0.096 -0.196
3.4 -4.6 -0.092 -0.196
3.4 -4.4 -0.088 -0.196
3.4 -4.2 -0.084 -0.196
3.4 -4 -0.08 -0.196
3.4 -3.8 -0.076 -0.196
3.4 -3.6 -0.072 -0.196
3.4 -3.4 -0.068 -0.196
3.4 -3.2 -0.064 -0.196
3.4 -3 -0.06 -0.196
3.4 -2.8 -0.056 -0.196
3.4 -2.6 -0.052 -0.196
3.4 -2.4 -0.048 -0.196
3.4 -2.2 -0.044 -0.196
3.4 -2 -0.04 -0.196
3.4 -1.8 -0.036 -0.196
3.4 -1.6 -0.032 -0.196
3.4 -1.4 -0.028 -0.196
3.4 -1.2 -0.024 -0.196
3.4 -1 -0.02 -0.196
3.4 -0.8 -0.016 -0.196
3.4 -0.6 -0.012 -0.196
3.4 -0.4 -0.008 -0.196
3.4 -0.2 -0.004 -0.196
3.4 2.16493e-15 4.32987e-17 -0.196
3.4 0.2 0.004 -0.196
3.4 0.4 0.008 -0.196
3.4 0.6 0.012 -0.196
3.4 0.8 0.016 -0.196
3.4 1 0.02 -0.196
3.4 1.2 0.024 -0.196
3.4 1.4 0.028 -0.196
3.4 1.6 0.032 -0.196
3.4 1.8 0.036 -0.196
3.4 2 0.04 -0.196
3.4 2.2 0.044 -0.196
3.4 2.4 0.048 -0.196
3.4 2.6 0.052 -0.196
3.4 2.8 0.056 -0.196
3.4 3 0.06 -0.196
3.4 3.2 0.064 -0.196
3.4 3.4 0.068 -0.196
3.4 3.6 0.072 -0.196
3.4 3.8 0.076 -0.196
3.4 4 0.08 -0.196
3.4 4.2 0.084 -0.196
3.4 4.4 0.088 -0.196
3.4 4.6 0.092 -0.196
3.4 4.8 0.096 -0.196
3.6 -5 -0.1 -0.196
3.6 -4.8 -0.096 -0.196
3.6 -4.6 -0.092 -0.196
3.6 -4.4 -0.088 -0.196
3.6 -4.2 -0.084 -0.196
3.6 -4 -0.08 -0.196
3.6 -3.8 -0.076 -0.196
3.6 -3.6 -0.072 -0.196
3.6 -3.4 -0.068 -0.196
3.6 -3.2 -0.064 -0.196
3.6 -3 -0.06 -0.196
3.6 -2.8 -0.056 -0.196
3.6 -2.6 -0.052 -0.196
3.6 -2.4 -0.048 -0.196
3.6 -2.2 -0.044 -0.196
3.6 -2 -0.04 -0.196
3.6 -1.8 -0.036 -0.196
3.6 -1.6 -0.032 -0.196
3.6 -1.4 -0.028 -0.196
3.6 -1.2 -0.024 -0.196
3.6 -1 -0.02 -0.196
3.6 -0.8 -0.016 -0.196
3.6 -0.6 -0.012 -0.196
3.6 -0.4 -0.008 -0.196
3.6 -0.2 -0.004 -0.196
3.6 2.16493e-15 4.32987e-17 -0.196
3.6 0.2 0.004 -0.196
3.6 0.4 0.008 -0.196
3.6 0.6 0.012 -0.196
3.6 0.8 0.016 -0.196
3.6 1 0.02 -0.196
3.6 1.2 0.024 -0.196
3.6 1.4 0.028 -0.196
3.6 1.6 0.032 -0.196
3.6 1.8 0.036 -0.196
3.6 2 0.04 -0.196
3.6 2.2 0.044 -0.196
3.6 2.4 0.048 -0.196
3.6 2.6 0.052 -0.196
3.6 2.8 0.056 -0.196
3.6 3 0.06 -0.196
3.6 3.2 0.064 -0.196
3.6 3.4 0.068 -0.196
3.6 3.6 0.072 -0.196
3.6 3.8 0.076 -0.196
3.6 4 0.08 -0.196
3.6 4.2 0.084 -0.196
3.6 4.4 0.088 -0.196
3.6 4.6 0.092 -0.196
3.6 4.8 0.096 -0.196
3.8 -5 -0.1 -0.196
3.8 -4.8 -0.096 -0.196
3.8 -4.6 -0.092 -0.196
3.8 -4.4 -0.088 -0.196
3.8 -4.2 -0.084 -0.196
3.8 -4 -0.08 -0.196
3.8 -3.8 -0.076 -0.196
3.8 -3.6 -0.072 -0.196
3.8 -3.4 -0.068 -0.196
3.8 -3.2 -0.064 -0.196
3.8 -3 -0.06 -0.196
3.8 -2.8 -0.056 -0.196
3.8 -2.6 -0.052 -0.196
3.8 -2.4 -0.048 -0.196
3.8 -2.2 -0.044 -0.196
3.8 -2 -0.04 -0.196
3.8 -1.8 -0.036 -0.196
3.8 -1.6 -0.032 -0.196
3.8 -1.4 -0.028 -0.196
3.8 -1.2 -0.024 -0.196
3.8 -1 -0.02 -0.196
3.8 -0.8 -0.016 -0.196
3.8 -0.6 -0.012 -0.196
3.8 -0.4 -0.008 -0.196
3.8 -0.2 -0.004 -0.196
3.8 2.16493e-15 4.32987e-17 -0.196
3.8 0.2 0.004 -0.196
3.8 0.4 0.008 -0.196
3.8 0.6 0.012 -0.196
3.8 0.8 0.016 -0.196
3.8 1 0.02 -0.196
3.8 1.2 0.024 -0.196
3.8 1.4 0.028 -0.196
3.8 1.6 0.032 -0.196
3.8 1.8 0.036 -0.196
3.8 2 0.04 -0.196
3.8 2.2 0.044 -0.196
3.8 2.4 0.048 -0.196
3.8 2.6 0.052 -0.196
3.8 2.8 0.056 -0.196
3.8 3 0.06 -0.196
3.8 3.2 0.064 -0.196
3.8 3.4 0.068 -0.196
3.8 3.6 0.072 -0.196
3.8 3.8 0.076 -0.196
3.8 4 0.08 -0.196
3.8 4.2 0.084 -0.196
3.8 4.4 0.088 -0.196
3.8 4.6 0.092 -0.196
3.8 4.8 0.096 -0.196
4 -5 -0.1 -0.196
4 -4.8 -0.096 -0.196
4 -4.6 -0.092 -0.196
4 -4.4 -0.088 -0.196
4 -4.2 -0.084 -0.196
4 -4 -0.08 -0.196
4 -3.8 -0.076 -0.196
4 -3.6 -0.072 -0.196
4 -3.4 -0.068 -0.196
4 -3.2 -0.064 -0.196
4 -3 -0.06 -0.196
4 -2.8 -0.056 -0.196
4 -2.6 -0.052 -0.196
4 -2.4 -0.048 -0.196
4 -2.2 -0.044 -0.196
4 -2 -0.04 -0.196
4 -1.8 -0.036 -0.196
4 -1.6 -0.032 -0.196
4 -1.4 -0.028 -0.196
4 -1.2 -0.024 -0.196
4 -1 -0.02 -0.196
4 -0.8 -0.016 -0.196
4 -0.6 -0.012 -0.196
4 -0.4 -0.008 -0.196
4 -0.2 -0.004 -0.196
4 2.16493e-15 4.32987e-17 -0.196
4 0.2 0.004 -0.196
4 0.4 0.008 -0.196
4 0.6 0.012 -0.196
4 0.8 0.016 -0.196
4 1 0.02 -0.196
4 1.2 0.024 -0.196
4 1.4 0.028 -0.196
4 1.6 0.032 -0.196
4 1.8 0.036 -0.196
4 2 0.04 -0.196
4 2.2 0.044 -0.196
4 2.4 0.048 -0.196
4 2.6 0.052 -0.196
4 2.8 0.056 -0.196
4 3 0.06 -0.196
4 3.2 0.064 -0.196
4 3.4 0.068 -0.196
4 3.6 0.072 -0.196
4 3.8 0.076 -0.196
4 4 0.08 -0.196
4 4.2 0.084 -0.196
4 4.4 0.088 -0.196
4 4.6 0.092 -0.196
4 4.8 0.096 -0.196
4.2 -5 -0.1 -0.196
4.2 -4.8 -0.096 -0.196
4.2 -4.6 -0.092 -0.196
4.2 -4.4 -0.088 -0.196
4.2 -4.2 -0.084 -0.196
4.2 -4 -0.08 -0.196
4.2 -3.8 -0.076 -0.196
4.2 -3.6 -0.072 -0.196
4.2 -3.4 -0.068 -0.196
4.2 -3.2 -0.064 -0.196
4.2 -3 -0.06 -0.196
4.2 -2.8 -0.056 -0.196
4.2 -2.6 -0.052 -0.196
4.2 -2.4 -0.048 -0.196
4.2 -2.2 -0.044 -0.196
4.2 -2 -0.04 -0.196
4.2 -1.8 -0.036 -0.196
4.2 -1.6 -0.032 -0.196
4.2 -1.4 -0.028 -0.196
4.2 -1.2 -0.024 -0.196
4.2 -1 -0.02 -0.196
4.2 -0.8 -0.016 -0.196
4.2 -0.6 -0.012 -0.196
4.2 -0.4 -0.008 -0.196
4.2 -0.2 -0.004 -0.196
4.2 2.16493e-15 4.32987e-17 -0.196
4.2 0.2 0.004 -0.196
4.2 0.4 0.008 -0.196
4.2 0.6 0.012 -0.196
4.2 0.8 0.016 -0.196
4.2 1 0.02 -0.196
4.2 1.2 0.024 -0.196
4.2 1.4 0.028 -0.196
4.2 1.6 0.032 -0.196
4.2 1.8 0.036 -0.196
4.2 2 0.04 -0.196
4.2 2.2 0.044 -0.196
4.2 2.4 0.048 -0.196
4.2 2.6 0.052 -0.196
4.2 2.8 0.056 -0.196
4.2 3 0.06 -0.196
4.2 3.2 0.064 -0.196
4.2 3.4 0.068 -0.196
4.2 3.6 0.072 -0.196
4.2 3.8 0.076 -0.196
4.2 4 0.08 -0.196
4.2 4.2 0.084 -0.196
4.2 4.4 0.088 -0.196
4.2 4.6 0.092 -0.196
4.2 4.8 0.096 -0.196
4.4 -5 -0.1 -0.196
4.4 -4.8 -0.096 -0.196
4.4 -4.6 -0.092 -0.196
4.4 -4.4 -0.088 -0.196
4.4 -4.2 -0.084 -0.196
4.4 -4 -0.08 -0.196
4.4 -3.8 -0.076 -0.196
4.4 -3.6 -0.072 -0.196
4.4 -3.4 -0.068 -0.196
4.4 -3.2 -0.064 -0.196
4.4 -3 -0.06 -0.196
4.4 -2.8 -0.056 -0.196
4.4 -2.6 -0.052 -0.196
4.4 -2.4 -0.048 -0.196
4.4 -2.2 -0.044 -0.196
4.4 -2 -0.04 -0.196
4.4 -1.8 -0.036 -0.196
4.4 -1.6 -0.032 -0.196
4.4 -1.4 -0.028 -0.196
4.4 -1.2 -0.024 -0.196
4.4 -1 -0.02 -0.196
4.4 -0.8 -0.016 -0.196
4.4 -0.6 -0.012 -0.196
4.4 -0.4 -0.008 -0.196
4.4 -0.2 -0.004 -0.196
4.4 2.16493e-15 4.32987e-17 -0.196
4.4 0.2 0.004 -0.196
4.4 0.4 0.008 -0.196
4.4 0.6 0.012 -0.196
4.4 0.8 0.016 -0.196
4.4 1 0.02 -0.196
4.4 1.2 0.024 -0.196
4.4 1.4 0.028 -0.196
4.4 1.6 0.032 -0.196
4.4 1.8 0.036 -0.196
4.4 2 0.04 -0.196
4.4 2.2 0.044 -0.196
4.4 2.4 0.048 -0.196
4.4 2.6 0.052 -0.196
4.4 2.8 0.056 -0.196
4.4 3 0.06 -0.196
4.4 3.2 0.064 -0.196
4.4 3.4 0.068 -0.196
4.4 3.6 0.072 -0.196
4.4 3.8 0.076 -0.196
4.4 4 0.08 -0.196
4.4 4.2 0.084 -0.196
4.4 4.4 0.088 -0.196
4.4 4.6 0.092 -0.196
4.4 4.8 0.096 -0.196
4.6 -5 -0.1 -0.196
4.6 -4.8 -0.096 -0.196
4.6 -4.6 -0.092 -0.196
4.6 -4.4 -0.088 -0.196
4.6 -4.2 -0.084 -0.196
4.6 -4 -0.08 -0.196
4.6 -3.8 -0.076 -0.196
4.6 -3.6 -0.072 -0.196
4.6 -3.4 -0.068 -0.196
4.6 -3.2 -0.064 -0.196
4.6 -3 -0.06 -0.196
4.6 -2.8 -0.056 -0.196
4.6 -2.6 -0.052 -0.196
4.6 -2.4 -0.048 -0.196
4.6 -2.2 -0.044 -0.196
4.6 -2 -0.04 -0.196
4.6 -1.8 -0.036 -0.196
4.6 -1.6 -0.032 -0.196
4.6 -1.4 -0.028 -0.196
4.6 -1.2 -0.024 -0.196
4.6 -1 -0.02 -0.196
4.6 -0.8 -0.016 -0.196
4.6 -0.6 -0.012 -0.196
4.6 -0.4 -0.008 -0.196
4.6 -0.2 -0.004 -0.196
4.6 2.16493e-15 4.32987e-17 -0.196
4.6 0.2 0.004 -0.196
4.6 0.4 0.008 -0.196
4.6 0.6 0.012 -0.196
4.6 0.8 0.016 -0.196
4.6 1 0.02 -0.196
4.6 1.2 0.024 -0.196
4.6 1.4 0.028 -0.196
4.6 1.6 0.032 -0.196
4.6 1.8 0.036 -0.196
4.6 2 0.04 -0.196
4.6 2.2 0.044 -0.196
4.6 2.4 0.048 -0.196
4.6 2.6 0.052 -0.196
4.6 2.8 0.056 -0.196
4.6 3 0.06 -0.196
4.6 3.2 0.064 -0.196
4.6 3.4 0.068 -0.196
4.6 3.6 0.072 -0.196
4.6 3.8 0.076 -0.196
4.6 4 0.08 -0.196
4.6 4.2 0.084 -0.196
4.6 4.4 0.088 -0.196
4.6 4.6 0.092 -0.196
4.6 4.8 0.096 -0.196
4.8 -5 -0.1 -0.196
4.8 -4.8 -0.096 -0.196
4.8 -4.6 -0.092 -0.196
4.8 -4.4 -0.088 -0.196
4.8 -4.2 -0.084 -0.196
4.8 -4 -0.08 -0.196
4.8 -3.8 -0.076 -0.196
4.8 -3.6 -0.072 -0.196
4.8 -3.4 -0.068 -0.196
4.8 -3.2 -0.064 -0.196
4.8 -3 -0.06 -0.196
4.8 -2.8 -0.056 -0.196
4.8 -2.6 -0.052 -0.196
4.8 -2.4 -0.048 -0.196
4.8 -2.2 -0.044 -0.196
4.8 -2 -0.04 -0.196
4.8 -1.8 -0.036 -0.196
4.8 -1.6 -0.032 -0.196
4.8 -1.4 -0.028 -0.196
4.8 -1.2 -0.024 -0.196
4.8 -1 -0.02 -0.196
4.8 -0.8 -0.016 -0.196
4.8 -0.6 -0.012 -0.196
4.8 -0.4 -0.008 -0.196
4.8 -0.2 -0.004 -0.196
4.8 2.16493e-15 4.32987e-17 -0.196
4.8 0.2 0.004 -0.196
4.8 0.4 0.008 -0.196
4.8 0.6 0.012 -0.196
4.8 0.8 0.016 -0.196
4.8 1 0.02 -0.196
4.8 1.2 0.024 -0.196
4.8 1.4 0.028 -0.196
4.8 1.6 0.032 -0.196
4.8 1.8 0.036 -0.196
4.8 2 0.04 -0.196
4.8 2.2 0.044 -0.196
4.8 2.4 0.048 -0.196
4.8 2.6 0.052 -0.196
4.8 2.8 0.056 -0.196
4.8 3 0.06 -0.196
4.8 3.2 0.064 -0.196
4.8 3.4 0.068 -0.196
4.8 3.6 0.072 -0.196
4.8 3.8 0.076 -0.196
4.8 4 0.08 -0.196
4.8 4.2 0.084 -0.196
4.8 4.4 0.088 -0.196
4.8 4.6 0.092 -0.196
4.8 4.8 0.096 -0.196
