-5 -5 -0.1 0.304
-5 -4.8 -0.096 0.284
-5 -4.6 -0.092 0.264
-5 -4.4 -0.088 0.244
-5 -4.2 -0.084 0.224
-5 -4 -0.08 0.204
-5 -3.8 -0.076 0.184
-5 -3.6 -0.072 0.164
-5 -3.4 -0.068 0.144
-5 -3.2 -0.064 0.124
-5 -3 -0.06 0.104
-5 -2.8 -0.056 0.0840001
-5 -2.6 -0.052 0.0640001
-5 -2.4 -0.048 0.0440001
-5 -2.2 -0.044 0.0240001
-5 -2 -0.04 0.00400005
-5 -1.8 -0.036 -0.016
-5 -1.6 -0.032 -0.036
-5 -1.4 -0.028 -0.056
-5 -1.2 -0.024 -0.076
-5 -1 -0.02 -0.096
-5 -0.8 -0.016 -0.116
-5 -0.6 -0.012 -0.136
-5 -0.4 -0.00800001 -0.156
-5 -0.2 -0.00400001 -0.176
-5 -2.68221e-07 -5.36442e-09 -0.196
-5 0.2 0.00399999 -0.216
-5 0.4 0.00799999 -0.236
-5 0.6 0.012 -0.256
-5 0.8 0.016 -0.276
-5 1 0.02 -0.296
-5 1.2 0.024 -0.316
-5 1.4 0.028 -0.336
-5 1.6 0.032 -0.356
-5 1.8 0.036 -0.376
-5 2 0.04 -0.396
-5 2.2 0.044 -0.416
-5 2.4 0.048 -0.436
-5 2.6 0.052 -0.456
-5 2.8 0.056 -0.476
-5 3 0.06 -0.496
-5 3.2 0.064 -0.516
-5 3.4 0.068 -0.536
-5 3.6 0.072 -0.556
-5 3.8 0.076 -0.576
-5 4 0.08 -0.596
-5 4.2 0.084 -0.616
-5 4.4 0.088 -0.636
-5 4.6 0.092 -0.656
-5 4.8 0.096 -0.676
-5 5 0.1 -0.696
-4.8 -5 -0.1 0.304
-4.8 -4.8 -0.096 0.284
-4.8 -4.6 -0.092 0.264
-4.8 -4.4 -0.088 0.244
-4.8 -4.2 -0.084 0.224
-4.8 -4 -0.08 0.204
-4.8 -3.8 -0.076 0.184
-4.8 -3.6 -0.072 0.164
-4.8 -3.4 -0.068 0.144
-4.8 -3.2 -0.064 0.124
-4.8 -3 -0.06 0.104
-4.8 -2.8 -0.056 0.0840001
-4.8 -2.6 -0.052 0.0640001
-4.8 -2.4 -0.048 0.0440001
-4.8 -2.2 -0.044 0.0240001
-4.8 -2 -0.04 0.00400005
-4.8 -1.8 -0.036 -0.016
-4.8 -1.6 -0.032 -0.036
-4.8 -1.4 -0.028 -0.056
-4.8 -1.2 -0.024 -0.076
-4.8 -1 -0.02 -0.096
-4.8 -0.8 -0.016 -0.116
-4.8 -0.6 -0.012 -0.136
-4.8 -0.4 -0.00800001 -0.156
-4.8 -0.2 -0.00400001 -0.176
-4.8 -2.68221e-07 -5.36442e-09 -0.196
-4.8 0.2 0.00399999 -0.216
-4.8 0.4 0.00799999 -0.236
-4.8 0.6 0.012 -0.256
-4.8 0.8 0.016 -0.276
-4.8 1 0.02 -0.296
-4.8 1.2 0.024 -0.316
-4.8 1.4 0.028 -0.336
-4.8 1.6 0.032 -0.356
-4.8 1.8 0.036 -0.376
-4.8 2 0.04 -0.396
-4.8 2.2 0.044 -0.416
-4.8 2.4 0.048 -0.436
-4.8 2.6 0.052 -0.456
-4.8 2.8 0.056 -0.476
-4.8 3 0.06 -0.496
-4.8 3.2 0.064 -0.516
-4.8 3.4 0.068 -0.536
-4.8 3.6 0.072 -0.556
-4.8 3.8 0.076 -0.576
-4.8 4 0.08 -0.596
-4.8 4.2 0.084 -0.616
-4.8 4.4 0.088 -0.636
-4.8 4.6 0.092 -0.656
-4.8 4.8 0.096 -0.676
-4.8 5 0.1 -0.696
-4.6 -5 -0.1 0.304
-4.6 -4.8 -0.096 0.284
-4.6 -4.6 -0.092 0.264
-4.6 -4.4 -0.088 0.244
-4.6 -4.2 -0.084 0.224
-4.6 -4 -0.08 0.204
-4.6 -3.8 -0.076 0.184
-4.6 -3.6 -0.072 0.164
-4.6 -3.4 -0.068 0.144
-4.6 -3.2 -0.064 0.124
-4.6 -3 -0.06 0.104
-4.6 -2.8 -0.056 0.0840001
-4.6 -2.6 -0.052 0.0640001
-4.6 -2.4 -0.048 0.0440001
-4.6 -2.2 -0.044 0.0240001
-4.6 -2 -0.04 0.00400005
-4.6 -1.8 -0.036 -0.016
-4.6 -1.6 -0.032 -0.036
-4.6 -1.4 -0.028 -0.056
-4.6 -1.2 -0.024 -0.076
-4.6 -1 -0.02 -0.096
-4.6 -0.8 -0.016 -0.116
-4.6 -0.6 -0.012 -0.136
-4.6 -0.4 -0.00800001 -0.156
-4.6 -0.2 -0.00400001 -0.176
-4.6 -2.68221e-07 -5.36442e-09 -0.196
-4.6 0.2 0.00399999 -0.216
-4.6 0.4 0.00799999 -0.236
-4.6 0.6 0.012 -0.256
-4.6 0.8 0.016 -0.276
-4.6 1 0.02 -0.296
-4.6 1.2 0.024 -0.316
-4.6 1.4 0.028 -0.336
-4.6 1.6 0.032 -0.356
-4.6 1.8 0.036 -0.376
-4.6 2 0.04 -0.396
-4.6 2.2 0.044 -0.416
-4.6 2.4 0.048 -0.436
-4.6 2.6 0.052 -0.456
-4.6 2.8 0.056 -0.476
-4.6 3 0.06 -0.496
-4.6 3.2 0.064 -0.516
-4.6 3.4 0.068 -0.536
-4.6 3.6 0.072 -0.556
-4.6 3.8 0.076 -0.576
-4.6 4 0.08 -0.596
-4.6 4.2 0.084 -0.616
-4.6 4.4 0.088 -0.636
-4.6 4.6 0.092 -0.656
-4.6 4.8 0.096 -0.676
-4.6 5 0.1 -0.696
-4.4 -5 -0.1 0.304
-4.4 -4.8 -0.096 0.284
-4.4 -4.6 -0.092 0.264
-4.4 -4.4 -0.088 0.244
-4.4 -4.2 -0.084 0.224
-4.4 -4 -0.08 0.204
-4.4 -3.8 -0.076 0.184
-4.4 -3.6 -0.072 0.164
-4.4 -3.4 -0.068 0.144
-4.4 -3.2 -0.064 0.124
-4.4 -3 -0.06 0.104
-4.4 -2.8 -0.056 0.0840001
-4.4 -2.6 -0.052 0.0640001
-4.4 -2.4 -0.048 0.0440001
-4.4 -2.2 -0.044 0.0240001
-4.4 -2 -0.04 0.00400005
-4.4 -1.8 -0.036 -0.016
-4.4 -1.6 -0.032 -0.036
-4.4 -1.4 -0.028 -0.056
-4.4 -1.2 -0.024 -0.076
-4.4 -1 -0.02 -0.096
-4.4 -0.8 -0.016 -0.116
-4.4 -0.6 -0.012 -0.136
-4.4 -0.4 -0.00800001 -0.156
-4.4 -0.2 -0.00400001 -0.176
-4.4 -2.68221e-07 -5.36442e-09 -0.196
-4.4 0.2 0.00399999 -0.216
-4.4 0.4 0.00799999 -0.236
-4.4 0.6 0.012 -0.256
-4.4 0.8 0.016 -0.276
-4.4 1 0.02 -0.296
-4.4 1.2 0.024 -0.316
-4.4 1.4 0.028 -0.336
-4.4 1.6 0.032 -0.356
-4.4 1.8 0.036 -0.376
-4.4 2 0.04 -0.396
-4.4 2.2 0.044 -0.416
-4.4 2.4 0.048 -0.436
-4.4 2.6 0.052 -0.456
-4.4 2.8 0.056 -0.476
-4.4 3 0.06 -0.496
-4.4 3.2 0.064 -0.516
-4.4 3.4 0.068 -0.536
-4.4 3.6 0.072 -0.556
-4.4 3.8 0.076 -0.576
-4.4 4 0.08 -0.596
-4.4 4.2 0.084 -0.616
-4.4 4.4 0.088 -0.636
-4.4 4.6 0.092 -0.656
-4.4 4.8 0.096 -0.676
-4.4 5 0.1 -0.696
-4.2 -5 -0.1 0.304
-4.2 -4.8 -0.096 0.284
-4.2 -4.6 -0.092 0.264
-4.2 -4.4 -0.088 0.244
-4.2 -4.2 -0.084 0.224
-4.2 -4 -0.08 0.204
-4.2 -3.8 -0.076 0.184
-4.2 -3.6 -0.072 0.164
-4.2 -3.4 -0.068 0.144
-4.2 -3.2 -0.064 0.124
-4.2 -3 -0.06 0.104
-4.2 -2.8 -0.056 0.0840001
-4.2 -2.6 -0.052 0.0640001
-4.2 -2.4 -0.048 0.0440001
-4.2 -2.2 -0.044 0.0240001
-4.2 -2 -0.04 0.00400005
-4.2 -1.8 -0.036 -0.016
-4.2 -1.6 -0.032 -0.036
-4.2 -1.4 -0.028 -0.056
-4.2 -1.2 -0.024 -0.076
-4.2 -1 -0.02 -0.096
-4.2 -0.8 -0.016 -0.116
-4.2 -0.6 -0.012 -0.136
-4.2 -0.4 -0.00800001 -0.156
-4.2 -0.2 -0.00400001 -0.176
-4.2 -2.68221e-07 -5.36442e-09 -0.196
-4.2 0.2 0.00399999 -0.216
-4.2 0.4 0.00799999 -0.236
-4.2 0.6 0.012 -0.256
-4.2 0.8 0.016 -0.276
-4.2 1 0.02 -0.296
-4.2 1.2 0.024 -0.316
-4.2 1.4 0.028 -0.336
-4.2 1.6 0.032 -0.356
-4.2 1.8 0.036 -0.376
-4.2 2 0.04 -0.396
-4.2 2.2 0.044 -0.416
-4.2 2.4 0.048 -0.436
-4.2 2.6 0.052 -0.456
-4.2 2.8 0.056 -0.476
-4.2 3 0.06 -0.496
-4.2 3.2 0.064 -0.516
-4.2 3.4 0.068 -0.536
-4.2 3.6 0.072 -0.556
-4.2 3.8 0.076 -0.576
-4.2 4 0.08 -0.596
-4.2 4.2 0.084 -0.616
-4.2 4.4 0.088 -0.636
-4.2 4.6 0.092 -0.656
-4.2 4.8 0.096 -0.676
-4.2 5 0.1 -0.696
-4 -5 -0.1 0.304
-4 -4.8 -0.096 0.284
-4 -4.6 -0.092 0.264
-4 -4.4 -0.088 0.244
-4 -4.2 -0.084 0.224
-4 -4 -0.08 0.204
-4 -3.8 -0.076 0.184
-4 -3.6 -0.072 0.164
-4 -3.4 -0.068 0.144
-4 -3.2 -0.064 0.124
-4 -3 -0.06 0.104
-4 -2.8 -0.056 0.0840001
-4 -2.6 -0.052 0.0640001
-4 -2.4 -0.048 0.0440001
-4 -2.2 -0.044 0.0240001
-4 -2 -0.04 0.00400005
-4 -1.8 -0.036 -0.016
-4 -1.6 -0.032 -0.036
-4 -1.4 -0.028 -0.056
-4 -1.2 -0.024 -0.076
-4 -1 -0.02 -0.096
-4 -0.8 -0.016 -0.116
-4 -0.6 -0.012 -0.136
-4 -0.4 -0.00800001 -0.156
-4 -0.2 -0.00400001 -0.176
-4 -2.68221e-07 -5.36442e-09 -0.196
-4 0.2 0.00399999 -0.216
-4 0.4 0.00799999 -0.236
-4 0.6 0.012 -0.256
-4 0.8 0.016 -0.276
-4 1 0.02 -0.296
-4 1.2 0.024 -0.316
-4 1.4 0.028 -0.336
-4 1.6 0.032 -0.356
-4 1.8 0.036 -0.376
-4 2 0.04 -0.396
-4 2.2 0.044 -0.416
-4 2.4 0.048 -0.436
-4 2.6 0.052 -0.456
-4 2.8 0.056 -0.476
-4 3 0.06 -0.496
-4 3.2 0.064 -0.516
-4 3.4 0.068 -0.536
-4 3.6 0.072 -0.556
-4 3.8 0.076 -0.576
-4 4 0.08 -0.596
-4 4.2 0.084 -0.616
-4 4.4 0.088 -0.636
-4 4.6 0.092 -0.656
-4 4.8 0.096 -0.676
-4 5 0.1 -0.696
-3.8 -5 -0.1 0.304
-3.8 -4.8 -0.096 0.284
-3.8 -4.6 -0.092 0.264
-3.8 -4.4 -0.088 0.244
-3.8 -4.2 -0.084 0.224
-3.8 -4 -0.08 0.204
-3.8 -3.8 -0.076 0.184
-3.8 -3.6 -0.072 0.164
-3.8 -3.4 -0.068 0.144
-3.8 -3.2 -0.064 0.124
-3.8 -3 -0.06 0.104
-3.8 -2.8 -0.056 0.0840001
-3.8 -2.6 -0.052 0.0640001
-3.8 -2.4 -0.048 0.0440001
-3.8 -2.2 -0.044 0.0240001
-3.8 -2 -0.04 0.00400005
-3.8 -1.8 -0.036 -0.016
-3.8 -1.6 -0.032 -0.036
-3.8 -1.4 -0.028 -0.056
-3.8 -1.2 -0.024 -0.076
-3.8 -1 -0.02 -0.096
-3.8 -0.8 -0.016 -0.116
-3.8 -0.6 -0.012 -0.136
-3.8 -0.4 -0.00800001 -0.156
-3.8 -0.2 -0.00400001 -0.176
-3.8 -2.68221e-07 -5.36442e-09 -0.196
-3.8 0.2 0.00399999 -0.216
-3.8 0.4 0.00799999 -0.236
-3.8 0.6 0.012 -0.256
-3.8 0.8 0.016 -0.276
-3.8 1 0.02 -0.296
-3.8 1.2 0.024 -0.316
-3.8 1.4 0.028 -0.336
-3.8 1.6 0.032 -0.356
-3.8 1.8 0.036 -0.376
-3.8 2 0.04 -0.396
-3.8 2.2 0.044 -0.416
-3.8 2.4 0.048 -0.436
-3.8 2.6 0.052 -0.456
-3.8 2.8 0.056 -0.476
-3.8 3 0.06 -0.496
-3.8 3.2 0.064 -0.516
-3.8 3.4 0.068 -0.536
-3.8 3.6 0.072 -0.556
-3.8 3.8 0.076 -0.576
-3.8 4 0.08 -0.596
-3.8 4.2 0.084 -0.616
-3.8 4.4 0.088 -0.636
-3.8 4.6 0.092 -0.656
-3.8 4.8 0.096 -0.676
-3.8 5 0.1 -0.696
-3.6 -5 -0.1 0.304
-3.6 -4.8 -0.096 0.284
-3.6 -4.6 -0.092 0.264
-3.6 -4.4 -0.088 0.244
-3.6 -4.2 -0.084 0.224
-3.6 -4 -0.08 0.204
-3.6 -3.8 -0.076 0.184
-3.6 -3.6 -0.072 0.164
-3.6 -3.4 -0.068 0.144
-3.6 -3.2 -0.064 0.124
-3.6 -3 -0.06 0.104
-3.6 -2.8 -0.056 0.0840001
-3.6 -2.6 -0.052 0.0640001
-3.6 -2.4 -0.048 0.0440001
-3.6 -2.2 -0.044 0.0240001
-3.6 -2 -0.04 0.00400005
-3.6 -1.8 -0.036 -0.016
-3.6 -1.6 -0.032 -0.036
-3.6 -1.4 -0.028 -0.056
-3.6 -1.2 -0.024 -0.076
-3.6 -1 -0.02 -0.096
-3.6 -0.8 -0.016 -0.116
-3.6 -0.6 -0.012 -0.136
-3.6 -0.4 -0.00800001 -0.156
-3.6 -0.2 -0.00400001 -0.176
-3.6 -2.68221e-07 -5.36442e-09 -0.196
-3.6 0.2 0.00399999 -0.216
-3.6 0.4 0.00799999 -0.236
-3.6 0.6 0.012 -0.256
-3.6 0.8 0.016 -0.276
-3.6 1 0.02 -0.296
-3.6 1.2 0.024 -0.316
-3.6 1.4 0.028 -0.336
-3.6 1.6 0.032 -0.356
-3.6 1.8 0.036 -0.376
-3.6 2 0.04 -0.396
-3.6 2.2 0.044 -0.416
-3.6 2.4 0.048 -0.436
-3.6 2.6 0.052 -0.456
-3.6 2.8 0.056 -0.476
-3.6 3 0.06 -0.496
-3.6 3.2 0.064 -0.516
-3.6 3.4 0.068 -0.536
-3.6 3.6 0.072 -0.556
-3.6 3.8 0.076 -0.576
-3.6 4 0.08 -0.596
-3.6 4.2 0.084 -0.616
-3.6 4.4 0.088 -0.636
-3.6 4.6 0.092 -0.656
-3.6 4.8 0.096 -0.676
-3.6 5 0.1 -0.696
-3.4 -5 -0.1 0.304
-3.4 -4.8 -0.096 0.284
-3.4 -4.6 -0.092 0.264
-3.4 -4.4 -0.088 0.244
-3.4 -4.2 -0.084 0.224
-3.4 -4 -0.08 0.204
-3.4 -3.8 -0.076 0.184
-3.4 -3.6 -0.072 0.164
-3.4 -3.4 -0.068 0.144
-3.4 -3.2 -0.064 0.124
-3.4 -3 -0.06 0.104
-3.4 -2.8 -0.056 0.0840001
-3.4 -2.6 -0.052 0.0640001
-3.4 -2.4 -0.048 0.0440001
-3.4 -2.2 -0.044 0.0240001
-3.4 -2 -0.04 0.00400005
-3.4 -1.8 -0.036 -0.016
-3.4 -1.6 -0.032 -0.036
-3.4 -1.4 -0.028 -0.056
-3.4 -1.2 -0.024 -0.076
-3.4 -1 -0.02 -0.096
-3.4 -0.8 -0.016 -0.116
-3.4 -0.6 -0.012 -0.136
-3.4 -0.4 -0.00800001 -0.156
-3.4 -0.2 -0.00400001 -0.176
-3.4 -2.68221e-07 -5.36442e-09 -0.196
-3.4 0.2 0.00399999 -0.216
-3.4 0.4 0.00799999 -0.236
-3.4 0.6 0.012 -0.256
-3.4 0.8 0.016 -0.276
-3.4 1 0.02 -0.296
-3.4 1.2 0.024 -0.316
-3.4 1.4 0.028 -0.336
-3.4 1.6 0.032 -0.356
-3.4 1.8 0.036 -0.376
-3.4 2 0.04 -0.396
-3.4 2.2 0.044 -0.416
-3.4 2.4 0.048 -0.436
-3.4 2.6 0.052 -0.456
-3.4 2.8 0.056 -0.476
-3.4 3 0.06 -0.496
-3.4 3.2 0.064 -0.516
-3.4 3.4 0.068 -0.536
-3.4 3.6 0.072 -0.556
-3.4 3.8 0.076 -0.576
-3.4 4 0.08 -0.596
-3.4 4.2 0.084 -0.616
-3.4 4.4 0.088 -0.636
-3.4 4.6 0.092 -0.656
-3.4 4.8 0.096 -0.676
-3.4 5 0.1 -0.696
-3.2 -5 -0.1 0.304
-3.2 -4.8 -0.096 0.284
-3.2 -4.6 -0.092 0.264
-3.2 -4.4 -0.088 0.244
-3.2 -4.2 -0.084 0.224
-3.2 -4 -0.08 0.204
-3.2 -3.8 -0.076 0.184
-3.2 -3.6 -0.072 0.164
-3.2 -3.4 -0.068 0.144
-3.2 -3.2 -0.064 0.124
-3.2 -3 -0.06 0.104
-3.2 -2.8 -0.056 0.0840001
-3.2 -2.6 -0.052 0.0640001
-3.2 -2.4 -0.048 0.0440001
-3.2 -2.2 -0.044 0.0240001
-3.2 -2 -0.04 0.00400005
-3.2 -1.8 -0.036 -0.016
-3.2 -1.6 -0.032 -0.036
-3.2 -1.4 -0.028 -0.056
-3.2 -1.2 -0.024 -0.076
-3.2 -1 -0.02 -0.096
-3.2 -0.8 -0.016 -0.116
-3.2 -0.6 -0.012 -0.136
-3.2 -0.4 -0.00800001 -0.156
-3.2 -0.2 -0.00400001 -0.176
-3.2 -2.68221e-07 -5.36442e-09 -0.196
-3.2 0.2 0.00399999 -0.216
-3.2 0.4 0.00799999 -0.236
-3.2 0.6 0.012 -0.256
-3.2 0.8 0.016 -0.276
-3.2 1 0.02 -0.296
-3.2 1.2 0.024 -0.316
-3.2 1.4 0.028 -0.336
-3.2 1.6 0.032 -0.356
-3.2 1.8 0.036 -0.376
-3.2 2 0.04 -0.396
-3.2 2.2 0.044 -0.416
-3.2 2.4 0.048 -0.436
-3.2 2.6 0.052 -0.456
-3.2 2.8 0.056 -0.476
-3.2 3 0.06 -0.496
-3.2 3.2 0.064 -0.516
-3.2 3.4 0.068 -0.536
-3.2 3.6 0.072 -0.556
-3.2 3.8 0.076 -0.576
-3.2 4 0.08 -0.596
-3.2 4.2 0.084 -0.616
-3.2 4.4 0.088 -0.636
-3.2 4.6 0.092 -0.656
-3.2 4.8 0.096 -0.676
-3.2 5 0.1 -0.696
-3 -5 -0.1 0.304
-3 -4.8 -0.096 0.284
-3 -4.6 -0.092 0.264
-3 -4.4 -0.088 0.244
-3 -4.2 -0.084 0.224
-3 -4 -0.08 0.204
-3 -3.8 -0.076 0.184
-3 -3.6 -0.072 0.164
-3 -3.4 -0.068 0.144
-3 -3.2 -0.064 0.124
-3 -3 -0.06 0.104
-3 -2.8 -0.056 0.0840001
-3 -2.6 -0.052 0.0640001
-3 -2.4 -0.048 0.0440001
-3 -2.2 -0.044 0.0240001
-3 -2 -0.04 0.00400005
-3 -1.8 -0.036 -0.016
-3 -1.6 -0.032 -0.036
-3 -1.4 -0.028 -0.056
-3 -1.2 -0.024 -0.076
-3 -1 -0.02 -0.096
-3 -0.8 -0.016 -0.116
-3 -0.6 -0.012 -0.136
-3 -0.4 -0.00800001 -0.156
-3 -0.2 -0.00400001 -0.176
-3 -2.68221e-07 -5.36442e-09 -0.196
-3 0.2 0.00399999 -0.216
-3 0.4 0.00799999 -0.236
-3 0.6 0.012 -0.256
-3 0.8 0.016 -0.276
-3 1 0.02 -0.296
-3 1.2 0.024 -0.316
-3 1.4 0.028 -0.336
-3 1.6 0.032 -0.356
-3 1.8 0.036 -0.376
-3 2 0.04 -0.396
-3 2.2 0.044 -0.416
-3 2.4 0.048 -0.436
-3 2.6 0.052 -0.456
-3 2.8 0.056 -0.476
-3 3 0.06 -0.496
-3 3.2 0.064 -0.516
-3 3.4 0.068 -0.536
-3 3.6 0.072 -0.556
-3 3.8 0.076 -0.576
-3 4 0.08 -0.596
-3 4.2 0.084 -0.616
-3 4.4 0.088 -0.636
-3 4.6 0.092 -0.656
-3 4.8 0.096 -0.676
-3 5 0.1 -0.696
-2.8 -5 -0.1 0.304
-2.8 -4.8 -0.096 0.284
-2.8 -4.6 -0.092 0.264
-2.8 -4.4 -0.088 0.244
-2.8 -4.2 -0.084 0.224
-2.8 -4 -0.08 0.204
-2.8 -3.8 -0.076 0.184
-2.8 -3.6 -0.072 0.164
-2.8 -3.4 -0.068 0.144
-2.8 -3.2 -0.064 0.124
-2.8 -3 -0.06 0.104
-2.8 -2.8 -0.056 0.0840001
-2.8 -2.6 -0.052 0.0640001
-2.8 -2.4 -0.048 0.0440001
-2.8 -2.2 -0.044 0.0240001
-2.8 -2 -0.04 0.00400005
-2.8 -1.8 -0.036 -0.016
-2.8 -1.6 -0.032 -0.036
-2.8 -1.4 -0.028 -0.056
-2.8 -1.2 -0.024 -0.076
-2.8 -1 -0.02 -0.096
-2.8 -0.8 -0.016 -0.116
-2.8 -0.6 -0.012 -0.136
-2.8 -0.4 -0.00800001 -0.156
-2.8 -0.2 -0.00400001 -0.176
-2.8 -2.68221e-07 -5.36442e-09 -0.196
-2.8 0.2 0.00399999 -0.216
-2.8 0.4 0.00799999 -0.236
-2.8 0.6 0.012 -0.256
-2.8 0.8 0.016 -0.276
-2.8 1 0.02 -0.296
-2.8 1.2 0.024 -0.316
-2.8 1.4 0.028 -0.336
-2.8 1.6 0.032 -0.356
-2.8 1.8 0.036 -0.376
-2.8 2 0.04 -0.396
-2.8 2.2 0.044 -0.416
-2.8 2.4 0.048 -0.436
-2.8 2.6 0.052 -0.456
-2.8 2.8 0.056 -0.476
-2.8 3 0.06 -0.496
-2.8 3.2 0.064 -0.516
-2.8 3.4 0.068 -0.536
-2.8 3.6 0.072 -0.556
-2.8 3.8 0.076 -0.576
-2.8 4 0.08 -0.596
-2.8 4.2 0.084 -0.616
-2.8 4.4 0.088 -0.636
-2.8 4.6 0.092 -0.656
-2.8 4.8 0.096 -0.676
-2.8 5 0.1 -0.696
-2.6 -5 -0.1 0.304
-2.6 -4.8 -0.096 0.284
-2.6 -4.6 -0.092 0.264
-2.6 -4.4 -0.088 0.244
-2.6 -4.2 -0.084 0.224
-2.6 -4 -0.08 0.204
-2.6 -3.8 -0.076 0.184
-2.6 -3.6 -0.072 0.164
-2.6 -3.4 -0.068 0.144
-2.6 -3.2 -0.064 0.124
-2.6 -3 -0.06 0.104
-2.6 -2.8 -0.056 0.0840001
-2.6 -2.6 -0.052 0.0640001
-2.6 -2.4 -0.048 0.0440001
-2.6 -2.2 -0.044 0.0240001
-2.6 -2 -0.04 0.00400005
-2.6 -1.8 -0.036 -0.016
-2.6 -1.6 -0.032 -0.036
-2.6 -1.4 -0.028 -0.056
-2.6 -1.2 -0.024 -0.076
-2.6 -1 -0.02 -0.096
-2.6 -0.8 -0.016 -0.116
-2.6 -0.6 -0.012 -0.136
-2.6 -0.4 -0.00800001 -0.156
-2.6 -0.2 -0.00400001 -0.176
-2.6 -2.68221e-07 -5.36442e-09 -0.196
-2.6 0.2 0.00399999 -0.216
-2.6 0.4 0.00799999 -0.236
-2.6 0.6 0.012 -0.256
-2.6 0.8 0.016 -0.276
-2.6 1 0.02 -0.296
-2.6 1.2 0.024 -0.316
-2.6 1.4 0.028 -0.336
-2.6 1.6 0.032 -0.356
-2.6 1.8 0.036 -0.376
-2.6 2 0.04 -0.396
-2.6 2.2 0.044 -0.416
-2.6 2.4 0.048 -0.436
-2.6 2.6 0.052 -0.456
-2.6 2.8 0.056 -0.476
-2.6 3 0.06 -0.496
-2.6 3.2 0.064 -0.516
-2.6 3.4 0.068 -0.536
-2.6 3.6 0.072 -0.556
-2.6 3.8 0.076 -0.576
-2.6 4 0.08 -0.596
-2.6 4.2 0.084 -0.616
-2.6 4.4 0.088 -0.636
-2.6 4.6 0.092 -0.656
-2.6 4.8 0.096 -0.676
-2.6 5 0.1 -0.696
-2.4 -5 -0.1 0.304
-2.4 -4.8 -0.096 0.284
-2.4 -4.6 -0.092 0.264
-2.4 -4.4 -0.088 0.244
-2.4 -4.2 -0.084 0.224
-2.4 -4 -0.08 0.204
-2.4 -3.8 -0.076 0.184
-2.4 -3.6 -0.072 0.164
-2.4 -3.4 -0.068 0.144
-2.4 -3.2 -0.064 0.124
-2.4 -3 -0.06 0.104
-2.4 -2.8 -0.056 0.0840001
-2.4 -2.6 -0.052 0.0640001
-2.4 -2.4 -0.048 0.0440001
-2.4 -2.2 -0.044 0.0240001
-2.4 -2 -0.04 0.00400005
-2.4 -1.8 -0.036 -0.016
-2.4 -1.6 -0.032 -0.036
-2.4 -1.4 -0.028 -0.056
-2.4 -1.2 -0.024 -0.076
-2.4 -1 -0.02 -0.096
-2.4 -0.8 -0.016 -0.116
-2.4 -0.6 -0.012 -0.136
-2.4 -0.4 -0.00800001 -0.156
-2.4 -0.2 -0.00400001 -0.176
-2.4 -2.68221e-07 -5.36442e-09 -0.196
-2.4 0.2 0.00399999 -0.216
-2.4 0.4 0.00799999 -0.236
-2.4 0.6 0.012 -0.256
-2.4 0.8 0.016 -0.276
-2.4 1 0.02 -0.296
-2.4 1.2 0.024 -0.316
-2.4 1.4 0.028 -0.336
-2.4 1.6 0.032 -0.356
-2.4 1.8 0.036 -0.376
-2.4 2 0.04 -0.396
-2.4 2.2 0.044 -0.416
-2.4 2.4 0.048 -0.436
-2.4 2.6 0.052 -0.456
-2.4 2.8 0.056 -0.476
-2.4 3 0.06 -0.496
-2.4 3.2 0.064 -0.516
-2.4 3.4 0.068 -0.536
-2.4 3.6 0.072 -0.556
-2.4 3.8 0.076 -0.576
-2.4 4 0.08 -0.596
-2.4 4.2 0.084 -0.616
-2.4 4.4 0.088 -0.636
-2.4 4.6 0.092 -0.656
-2.4 4.8 0.096 -0.676
-2.4 5 0.1 -0.696
-2.2 -5 -0.1 0.304
-2.2 -4.8 -0.096 0.284
-2.2 -4.6 -0.092 0.264
-2.2 -4.4 -0.088 0.244
-2.2 -4.2 -0.084 0.224
-2.2 -4 -0.08 0.204
-2.2 -3.8 -0.076 0.184
-2.2 -3.6 -0.072 0.164
-2.2 -3.4 -0.068 0.144
-2.2 -3.2 -0.064 0.124
-2.2 -3 -0.06 0.104
-2.2 -2.8 -0.056 0.0840001
-2.2 -2.6 -0.052 0.0640001
-2.2 -2.4 -0.048 0.0440001
-2.2 -2.2 -0.044 0.0240001
-2.2 -2 -0.04 0.00400005
-2.2 -1.8 -0.036 -0.016
-2.2 -1.6 -0.032 -0.036
-2.2 -1.4 -0.028 -0.056
-2.2 -1.2 -0.024 -0.076
-2.2 -1 -0.02 -0.096
-2.2 -0.8 -0.016 -0.116
-2.2 -0.6 -0.012 -0.136
-2.2 -0.4 -0.00800001 -0.156
-2.2 -0.2 -0.00400001 -0.176
-2.2 -2.68221e-07 -5.36442e-09 -0.196
-2.2 0.2 0.00399999 -0.216
-2.2 0.4 0.00799999 -0.236
-2.2 0.6 0.012 -0.256
-2.2 0.8 0.016 -0.276
-2.2 1 0.02 -0.296
-2.2 1.2 0.024 -0.316
-2.2 1.4 0.028 -0.336
-2.2 1.6 0.032 -0.356
-2.2 1.8 0.036 -0.376
-2.2 2 0.04 -0.396
-2.2 2.2 0.044 -0.416
-2.2 2.4 0.048 -0.436
-2.2 2.6 0.052 -0.456
-2.2 2.8 0.056 -0.476
-2.2 3 0.06 -0.496
-2.2 3.2 0.064 -0.516
-2.2 3.4 0.068 -0.536
-2.2 3.6 0.072 -0.556
-2.2 3.8 0.076 -0.576
-2.2 4 0.08 -0.596
-2.2 4.2 0.084 -0.616
-2.2 4.4 0.088 -0.636
-2.2 4.6 0.092 -0.656
-2.2 4.8 0.096 -0.676
-2.2 5 0.1 -0.696
-2 -5 -0.1 0.304
-2 -4.8 -0.096 0.284
-2 -4.6 -0.092 0.264
-2 -4.4 -0.088 0.244
-2 -4.2 -0.084 0.224
-2 -4 -0.08 0.204
-2 -3.8 -0.076 0.184
-2 -3.6 -0.072 0.164
-2 -3.4 -0.068 0.144
-2 -3.2 -0.064 0.124
-2 -3 -0.06 0.104
-2 -2.8 -0.056 0.0840001
-2 -2.6 -0.052 0.0640001
-2 -2.4 -0.048 0.0440001
-2 -2.2 -0.044 0.0240001
-2 -2 -0.04 0.00400005
-2 -1.8 -0.036 -0.016
-2 -1.6 -0.032 -0.036
-2 -1.4 -0.028 -0.056
-2 -1.2 -0.024 -0.076
-2 -1 -0.02 -0.096
-2 -0.8 -0.016 -0.116
-2 -0.6 -0.012 -0.136
-2 -0.4 -0.00800001 -0.156
-2 -0.2 -0.00400001 -0.176
-2 -2.68221e-07 -5.36442e-09 -0.196
-2 0.2 0.00399999 -0.216
-2 0.4 0.00799999 -0.236
-2 0.6 0.012 -0.256
-2 0.8 0.016 -0.276
-2 1 0.02 -0.296
-2 1.2 0.024 -0.316
-2 1.4 0.028 -0.336
-2 1.6 0.032 -0.356
-2 1.8 0.036 -0.376
-2 2 0.04 -0.396
-2 2.2 0.044 -0.416
-2 2.4 0.048 -0.436
-2 2.6 0.052 -0.456
-2 2.8 0.056 -0.476
-2 3 0.06 -0.496
-2 3.2 0.064 -0.516
-2 3.4 0.068 -0.536
-2 3.6 0.072 -0.556
-2 3.8 0.076 -0.576
-2 4 0.08 -0.596
-2 4.2 0.084 -0.616
-2 4.4 0.088 -0.636
-2 4.6 0.092 -0.656
-2 4.8 0.096 -0.676
-2 5 0.1 -0.696
-1.8 -5 -0.1 0.304
-1.8 -4.8 -0.096 0.284
-1.8 -4.6 -0.092 0.264
-1.8 -4.4 -0.088 0.244
-1.8 -4.2 -0.084 0.224
-1.8 -4 -0.08 0.204
-1.8 -3.8 -0.076 0.184
-1.8 -3.6 -0.072 0.164
-1.8 -3.4 -0.068 0.144
-1.8 -3.2 -0.064 0.124
-1.8 -3 -0.06 0.104
-1.8 -2.8 -0.056 0.0840001
-1.8 -2.6 -0.052 0.0640001
-1.8 -2.4 -0.048 0.0440001
-1.8 -2.2 -0.044 0.0240001
-1.8 -2 -0.04 0.00400005
-1.8 -1.8 -0.036 -0.016
-1.8 -1.6 -0.032 -0.036
-1.8 -1.4 -0.028 -0.056
-1.8 -1.2 -0.024 -0.076
-1.8 -1 -0.02 -0.096
-1.8 -0.8 -0.016 -0.116
-1.8 -0.6 -0.012 -0.136
-1.8 -0.4 -0.00800001 -0.156
-1.8 -0.2 -0.00400001 -0.176
-1.8 -2.68221e-07 -5.36442e-09 -0.196
-1.8 0.2 0.00399999 -0.216
-1.8 0.4 0.00799999 -0.236
-1.8 0.6 0.012 -0.256
-1.8 0.8 0.016 -0.276
-1.8 1 0.02 -0.296
-1.8 1.2 0.024 -0.316
-1.8 1.4 0.028 -0.336
-1.8 1.6 0.032 -0.356
-1.8 1.8 0.036 -0.376
-1.8 2 0.04 -0.396
-1.8 2.2 0.044 -0.416
-1.8 2.4 0.048 -0.436
-1.8 2.6 0.052 -0.456
-1.8 2.8 0.056 -0.476
-1.8 3 0.06 -0.496
-1.8 3.2 0.064 -0.516
-1.8 3.4 0.068 -0.536
-1.8 3.6 0.072 -0.556
-1.8 3.8 0.076 -0.576
-1.8 4 0.08 -0.596
-1.8 4.2 0.084 -0.616
-1.8 4.4 0.088 -0.636
-1.8 4.6 0.092 -0.656
-1.8 4.8 0.096 -0.676
-1.8 5 0.1 -0.696
-1.6 -5 -0.1 0.304
-1.6 -4.8 -0.096 0.284
-1.6 -4.6 -0.092 0.264
-1.6 -4.4 -0.088 0.244
-1.6 -4.2 -0.084 0.224
-1.6 -4 -0.08 0.204
-1.6 -3.8 -0.076 0.184
-1.6 -3.6 -0.072 0.164
-1.6 -3.4 -0.068 0.144
-1.6 -3.2 -0.064 0.124
-1.6 -3 -0.06 0.104
-1.6 -2.8 -0.056 0.0840001
-1.6 -2.6 -0.052 0.0640001
-1.6 -2.4 -0.048 0.0440001
-1.6 -2.2 -0.044 0.0240001
-1.6 -2 -0.04 0.00400005
-1.6 -1.8 -0.036 -0.016
-1.6 -1.6 -0.032 -0.036
-1.6 -1.4 -0.028 -0.056
-1.6 -1.2 -0.024 -0.076
-1.6 -1 -0.02 -0.096
-1.6 -0.8 -0.016 -0.116
-1.6 -0.6 -0.012 -0.136
-1.6 -0.4 -0.00800001 -0.156
-1.6 -0.2 -0.00400001 -0.176
-1.6 -2.68221e-07 -5.36442e-09 -0.196
-1.6 0.2 0.00399999 -0.216
-1.6 0.4 0.00799999 -0.236
-1.6 0.6 0.012 -0.256
-1.6 0.8 0.016 -0.276
-1.6 1 0.02 -0.296
-1.6 1.2 0.024 -0.316
-1.6 1.4 0.028 -0.336
-1.6 1.6 0.032 -0.356
-1.6 1.8 0.036 -0.376
-1.6 2 0.04 -0.396
-1.6 2.2 0.044 -0.416
-1.6 2.4 0.048 -0.436
-1.6 2.6 0.052 -0.456
-1.6 2.8 0.056 -0.476
-1.6 3 0.06 -0.496
-1.6 3.2 0.064 -0.516
-1.6 3.4 0.068 -0.536
-1.6 3.6 0.072 -0.556
-1.6 3.8 0.076 -0.576
-1.6 4 0.08 -0.596
-1.6 4.2 0.084 -0.616
-1.6 4.4 0.088 -0.636
-1.6 4.6 0.092 -0.656
-1.6 4.8 0.096 -0.676
-1.6 5 0.1 -0.696
-1.4 -5 -0.1 0.304
-1.4 -4.8 -0.096 0.284
-1.4 -4.6 -0.092 0.264
-1.4 -4.4 -0.088 0.244
-1.4 -4.2 -0.084 0.224
-1.4 -4 -0.08 0.204
-1.4 -3.8 -0.076 0.184
-1.4 -3.6 -0.072 0.164
-1.4 -3.4 -0.068 0.144
-1.4 -3.2 -0.064 0.124
-1.4 -3 -0.06 0.104
-1.4 -2.8 -0.056 0.0840001
-1.4 -2.6 -0.052 0.0640001
-1.4 -2.4 -0.048 0.0440001
-1.4 -2.2 -0.044 0.0240001
-1.4 -2 -0.04 0.00400005
-1.4 -1.8 -0.036 -0.016
-1.4 -1.6 -0.032 -0.036
-1.4 -1.4 -0.028 -0.056
-1.4 -1.2 -0.024 -0.076
-1.4 -1 -0.02 -0.096
-1.4 -0.8 -0.016 -0.116
-1.4 -0.6 -0.012 -0.136
-1.4 -0.4 -0.00800001 -0.156
-1.4 -0.2 -0.00400001 -0.176
-1.4 -2.68221e-07 -5.36442e-09 -0.196
-1.4 0.2 0.00399999 -0.216
-1.4 0.4 0.00799999 -0.236
-1.4 0.6 0.012 -0.256
-1.4 0.8 0.016 -0.276
-1.4 1 0.02 -0.296
-1.4 1.2 0.024 -0.316
-1.4 1.4 0.028 -0.336
-1.4 1.6 0.032 -0.356
-1.4 1.8 0.036 -0.376
-1.4 2 0.04 -0.396
-1.4 2.2 0.044 -0.416
-1.4 2.4 0.048 -0.436
-1.4 2.6 0.052 -0.456
-1.4 2.8 0.056 -0.476
-1.4 3 0.06 -0.496
-1.4 3.2 0.064 -0.516
-1.4 3.4 0.068 -0.536
-1.4 3.6 0.072 -0.556
-1.4 3.8 0.076 -0.576
-1.4 4 0.08 -0.596
-1.4 4.2 0.084 -0.616
-1.4 4.4 0.088 -0.636
-1.4 4.6 0.092 -0.656
-1.4 4.8 0.096 -0.676
-1.4 5 0.1 -0.696
-1.2 -5 -0.1 0.304
-1.2 -4.8 -0.096 0.284
-1.2 -4.6 -0.092 0.264
-1.2 -4.4 -0.088 0.244
-1.2 -4.2 -0.084 0.224
-1.2 -4 -0.08 0.204
-1.2 -3.8 -0.076 0.184
-1.2 -3.6 -0.072 0.164
-1.2 -3.4 -0.068 0.144
-1.2 -3.2 -0.064 0.124
-1.2 -3 -0.06 0.104
-1.2 -2.8 -0.056 0.0840001
-1.2 -2.6 -0.052 0.0640001
-1.2 -2.4 -0.048 0.0440001
-1.2 -2.2 -0.044 0.0240001
-1.2 -2 -0.04 0.00400005
-1.2 -1.8 -0.036 -0.016
-1.2 -1.6 -0.032 -0.036
-1.2 -1.4 -0.028 -0.056
-1.2 -1.2 -0.024 -0.076
-1.2 -1 -0.02 -0.096
-1.2 -0.8 -0.016 -0.116
-1.2 -0.6 -0.012 -0.136
-1.2 -0.4 -0.00800001 -0.156
-1.2 -0.2 -0.00400001 -0.176
-1.2 -2.68221e-07 -5.36442e-09 -0.196
-1.2 0.2 0.00399999 -0.216
-1.2 0.4 0.00799999 -0.236
-1.2 0.6 0.012 -0.256
-1.2 0.8 0.016 -0.276
-1.2 1 0.02 -0.296
-1.2 1.2 0.024 -0.316
-1.2 1.4 0.028 -0.336
-1.2 1.6 0.032 -0.356
-1.2 1.8 0.036 -0.376
-1.2 2 0.04 -0.396
-1.2 2.2 0.044 -0.416
-1.2 2.4 0.048 -0.436
-1.2 2.6 0.052 -0.456
-1.2 2.8 0.056 -0.476
-1.2 3 0.06 -0.496
-1.2 3.2 0.064 -0.516
-1.2 3.4 0.068 -0.536
-1.2 3.6 0.072 -0.556
-1.2 3.8 0.076 -0.576
-1.2 4 0.08 -0.596
-1.2 4.2 0.084 -0.616
-1.2 4.4 0.088 -0.636
-1.2 4.6 0.092 -0.656
-1.2 4.8 0.096 -0.676
-1.2 5 0.1 -0.696
-1 -5 -0.1 0.304
-1 -4.8 -0.096 0.284
-1 -4.6 -0.092 0.264
-1 -4.4 -0.088 0.244
-1 -4.2 -0.084 0.224
-1 -4 -0.08 0.204
-1 -3.8 -0.076 0.184
-1 -3.6 -0.072 0.164
-1 -3.4 -0.068 0.144
-1 -3.2 -0.064 0.124
-1 -3 -0.06 0.104
-1 -2.8 -0.056 0.0840001
-1 -2.6 -0.052 0.0640001
-1 -2.4 -0.048 0.0440001
-1 -2.2 -0.044 0.0240001
-1 -2 -0.04 0.00400005
-1 -1.8 -0.036 -0.016
-1 -1.6 -0.032 -0.036
-1 -1.4 -0.028 -0.056
-1 -1.2 -0.024 -0.076
-1 -1 -0.02 -0.096
-1 -0.8 -0.016 -0.116
-1 -0.6 -0.012 -0.136
-1 -0.4 -0.00800001 -0.156
-1 -0.2 -0.00400001 -0.176
-1 -2.68221e-07 -5.36442e-09 -0.196
-1 0.2 0.00399999 -0.216
-1 0.4 0.00799999 -0.236
-1 0.6 0.012 -0.256
-1 0.8 0.016 -0.276
-1 1 0.02 -0.296
-1 1.2 0.024 -0.316
-1 1.4 0.028 -0.336
-1 1.6 0.032 -0.356
-1 1.8 0.036 -0.376
-1 2 0.04 -0.396
-1 2.2 0.044 -0.416
-1 2.4 0.048 -0.436
-1 2.6 0.052 -0.456
-1 2.8 0.056 -0.476
-1 3 0.06 -0.496
-1 3.2 0.064 -0.516
-1 3.4 0.068 -0.536
-1 3.6 0.072 -0.556
-1 3.8 0.076 -0.576
-1 4 0.08 -0.596
-1 4.2 0.084 -0.616
-1 4.4 0.088 -0.636
-1 4.6 0.092 -0.656
-1 4.8 0.096 -0.676
-1 5 0.1 -0.696
-0.8 -5 -0.1 0.304
-0.8 -4.8 -0.096 0.284
-0.8 -4.6 -0.092 0.264
-0.8 -4.4 -0.088 0.244
-0.8 -4.2 -0.084 0.224
-0.8 -4 -0.08 0.204
-0.8 -3.8 -0.076 0.184
-0.8 -3.6 -0.072 0.164
-0.8 -3.4 -0.068 0.144
-0.8 -3.2 -0.064 0.124
-0.8 -3 -0.06 0.104
-0.8 -2.8 -0.056 0.0840001
-0.8 -2.6 -0.052 0.0640001
-0.8 -2.4 -0.048 0.0440001
-0.8 -2.2 -0.044 0.0240001
-0.8 -2 -0.04 0.00400005
-0.8 -1.8 -0.036 -0.016
-0.8 -1.6 -0.032 -0.036
-0.8 -1.4 -0.028 -0.056
-0.8 -1.2 -0.024 -0.076
-0.8 -1 -0.02 -0.096
-0.8 -0.8 -0.016 -0.116
-0.8 -0.6 -0.012 -0.136
-0.8 -0.4 -0.00800001 -0.156
-0.8 -0.2 -0.00400001 -0.176
-0.8 -2.68221e-07 -5.36442e-09 -0.196
-0.8 0.2 0.00399999 -0.216
-0.8 0.4 0.00799999 -0.236
-0.8 0.6 0.012 -0.256
-0.8 0.8 0.016 -0.276
-0.8 1 0.02 -0.296
-0.8 1.2 0.024 -0.316
-0.8 1.4 0.028 -0.336
-0.8 1.6 0.032 -0.356
-0.8 1.8 0.036 -0.376
-0.8 2 0.04 -0.396
-0.8 2.2 0.044 -0.416
-0.8 2.4 0.048 -0.436
-0.8 2.6 0.052 -0.456
-0.8 2.8 0.056 -0.476
-0.8 3 0.06 -0.496
-0.8 3.2 0.064 -0.516
-0.8 3.4 0.068 -0.536
-0.8 3.6 0.072 -0.556
-0.8 3.8 0.076 -0.576
-0.8 4 0.08 -0.596
-0.8 4.2 0.084 -0.616
-0.8 4.4 0.088 -0.636
-0.8 4.6 0.092 -0.656
-0.8 4.8 0.096 -0.676
-0.8 5 0.1 -0.696
-0.6 -5 -0.1 0.304
-0.6 -4.8 -0.096 0.284
-0.6 -4.6 -0.092 0.264
-0.6 -4.4 -0.088 0.244
-0.6 -4.2 -0.084 0.224
-0.6 -4 -0.08 0.204
-0.6 -3.8 -0.076 0.184
-0.6 -3.6 -0.072 0.164
-0.6 -3.4 -0.068 0.144
-0.6 -3.2 -0.064 0.124
-0.6 -3 -0.06 0.104
-0.6 -2.8 -0.056 0.0840001
-0.6 -2.6 -0.052 0.0640001
-0.6 -2.4 -0.048 0.0440001
-0.6 -2.2 -0.044 0.0240001
-0.6 -2 -0.04 0.00400005
-0.6 -1.8 -0.036 -0.016
-0.6 -1.6 -0.032 -0.036
-0.6 -1.4 -0.028 -0.056
-0.6 -1.2 -0.024 -0.076
-0.6 -1 -0.02 -0.096
-0.6 -0.8 -0.016 -0.116
-0.6 -0.6 -0.012 -0.136
-0.6 -0.4 -0.00800001 -0.156
-0.6 -0.2 -0.00400001 -0.176
-0.6 -2.68221e-07 -5.36442e-09 -0.196
-0.6 0.2 0.00399999 -0.216
-0.6 0.4 0.00799999 -0.236
-0.6 0.6 0.012 -0.256
-0.6 0.8 0.016 -0.276
-0.6 1 0.02 -0.296
-0.6 1.2 0.024 -0.316
-0.6 1.4 0.028 -0.336
-0.6 1.6 0.032 -0.356
-0.6 1.8 0.036 -0.376
-0.6 2 0.04 -0.396
-0.6 2.2 0.044 -0.416
-0.6 2.4 0.048 -0.436
-0.6 2.6 0.052 -0.456
-0.6 2.8 0.056 -0.476
-0.6 3 0.06 -0.496
-0.6 3.2 0.064 -0.516
-0.6 3.4 0.068 -0.536
-0.6 3.6 0.072 -0.556
-0.6 3.8 0.076 -0.576
-0.6 4 0.08 -0.596
-0.6 4.2 0.084 -0.616
-0.6 4.4 0.088 -0.636
-0.6 4.6 0.092 -0.656
-0.6 4.8 0.096 -0.676
-0.6 5 0.1 -0.696
-0.4 -5 -0.1 0.304
-0.4 -4.8 -0.096 0.284
-0.4 -4.6 -0.092 0.264
-0.4 -4.4 -0.088 0.244
-0.4 -4.2 -0.084 0.224
-0.4 -4 -0.08 0.204
-0.4 -3.8 -0.076 0.184
-0.4 -3.6 -0.072 0.164
-0.4 -3.4 -0.068 0.144
-0.4 -3.2 -0.064 0.124
-0.4 -3 -0.06 0.104
-0.4 -2.8 -0.056 0.0840001
-0.4 -2.6 -0.052 0.0640001
-0.4 -2.4 -0.048 0.0440001
-0.4 -2.2 -0.044 0.0240001
-0.4 -2 -0.04 0.00400005
-0.4 -1.8 -0.036 -0.016
-0.4 -1.6 -0.032 -0.036
-0.4 -1.4 -0.028 -0.056
-0.4 -1.2 -0.024 -0.076
-0.4 -1 -0.02 -0.096
-0.4 -0.8 -0.016 -0.116
-0.4 -0.6 -0.012 -0.136
-0.4 -0.4 -0.00800001 -0.156
-0.4 -0.2 -0.00400001 -0.176
-0.4 -2.68221e-07 -5.36442e-09 -0.196
-0.4 0.2 0.00399999 -0.216
-0.4 0.4 0.00799999 -0.236
-0.4 0.6 0.012 -0.256
-0.4 0.8 0.016 -0.276
-0.4 1 0.02 -0.296
-0.4 1.2 0.024 -0.316
-0.4 1.4 0.028 -0.336
-0.4 1.6 0.032 -0.356
-0.4 1.8 0.036 -0.376
-0.4 2 0.04 -0.396
-0.4 2.2 0.044 -0.416
-0.4 2.4 0.048 -0.436
-0.4 2.6 0.052 -0.456
-0.4 2.8 0.056 -0.476
-0.4 3 0.06 -0.496
-0.4 3.2 0.064 -0.516
-0.4 3.4 0.068 -0.536
-0.4 3.6 0.072 -0.556
-0.4 3.8 0.076 -0.576
-0.4 4 0.08 -0.596
-0.4 4.2 0.084 -0.616
-0.4 4.4 0.088 -0.636
-0.4 4.6 0.092 -0.656
-0.4 4.8 0.096 -0.676
-0.4 5 0.1 -0.696
-0.2 -5 -0.1 0.304
-0.2 -4.8 -0.096 0.284
-0.2 -4.6 -0.092 0.264
-0.2 -4.4 -0.088 0.244
-0.2 -4.2 -0.084 0.224
-0.2 -4 -0.08 0.204
-0.2 -3.8 -0.076 0.184
-0.2 -3.6 -0.072 0.164
-0.2 -3.4 -0.068 0.144
-0.2 -3.2 -0.064 0.124
-0.2 -3 -0.06 0.104
-0.2 -2.8 -0.056 0.0840001
-0.2 -2.6 -0.052 0.0640001
-0.2 -2.4 -0.048 0.0440001
-0.2 -2.2 -0.044 0.0240001
-0.2 -2 -0.04 0.00400005
-0.2 -1.8 -0.036 -0.016
-0.2 -1.6 -0.032 -0.036
-0.2 -1.4 -0.028 -0.056
-0.2 -1.2 -0.024 -0.076
-0.2 -1 -0.02 -0.096
-0.2 -0.8 -0.016 -0.116
-0.2 -0.6 -0.012 -0.136
-0.2 -0.4 -0.00800001 -0.156
-0.2 -0.2 -0.00400001 -0.176
-0.2 -2.68221e-07 -5.36442e-09 -0.196
-0.2 0.2 0.00399999 -0.216
-0.2 0.4 0.00799999 -0.236
-0.2 0.6 0.012 -0.256
-0.2 0.8 0.016 -0.276
-0.2 1 0.02 -0.296
-0.2 1.2 0.024 -0.316
-0.2 1.4 0.028 -0.336
-0.2 1.6 0.032 -0.356
-0.2 1.8 0.036 -0.376
-0.2 2 0.04 -0.396
-0.2 2.2 0.044 -0.416
-0.2 2.4 0.048 -0.436
-0.2 2.6 0.052 -0.456
-0.2 2.8 0.056 -0.476
-0.2 3 0.06 -0.496
-0.2 3.2 0.064 -0.516
-0.2 3.4 0.068 -0.536
-0.2 3.6 0.072 -0.556
-0.2 3.8 0.076 -0.576
-0.2 4 0.08 -0.596
-0.2 4.2 0.084 -0.616
-0.2 4.4 0.088 -0.636
-0.2 4.6 0.092 -0.656
-0.2 4.8 0.096 -0.676
-0.2 5 0.1 -0.696
-2.68221e-07 -5 -0.1 0.304
-2.68221e-07 -4.8 -0.096 0.284
-2.68221e-07 -4.6 -0.092 0.264
-2.68221e-07 -4.4 -0.088 0.244
-2.68221e-07 -4.2 -0.084 0.224
-2.68221e-07 -4 -0.08 0.204
-2.68221e-07 -3.8 -0.076 0.184
-2.68221e-07 -3.6 -0.072 0.164
-2.68221e-07 -3.4 -0.068 0.144
-2.68221e-07 -3.2 -0.064 0.124
-2.68221e-07 -3 -0.06 0.104
-2.68221e-07 -2.8 -0.056 0.0840001
-2.68221e-07 -2.6 -0.052 0.0640001
-2.68221e-07 -2.4 -0.048 0.0440001
-2.68221e-07 -2.2 -0.044 0.0240001
-2.68221e-07 -2 -0.04 0.00400005
-2.68221e-07 -1.8 -0.036 -0.016
-2.68221e-07 -1.6 -0.032 -0.036
-2.68221e-07 -1.4 -0.028 -0.056
-2.68221e-07 -1.2 -0.024 -0.076
-2.68221e-07 -1 -0.02 -0.096
-2.68221e-07 -0.8 -0.016 -0.116
-2.68221e-07 -0.6 -0.012 -0.136
-2.68221e-07 -0.4 -0.00800001 -0.156
-2.68221e-07 -0.2 -0.00400001 -0.176
-2.68221e-07 -2.68221e-07 -5.36442e-09 -0.196
-2.68221e-07 0.2 0.00399999 -0.216
-2.68221e-07 0.4 0.00799999 -0.236
-2.68221e-07 0.6 0.012 -0.256
-2.68221e-07 0.8 0.016 -0.276
-2.68221e-07 1 0.02 -0.296
-2.68221e-07 1.2 0.024 -0.316
-2.68221e-07 1.4 0.028 -0.336
-2.68221e-07 1.6 0.032 -0.356
-2.68221e-07 1.8 0.036 -0.376
-2.68221e-07 2 0.04 -0.396
-2.68221e-07 2.2 0.044 -0.416
-2.68221e-07 2.4 0.048 -0.436
-2.68221e-07 2.6 0.052 -0.456
-2.68221e-07 2.8 0.056 -0.476
-2.68221e-07 3 0.06 -0.496
-2.68221e-07 3.2 0.064 -0.516
-2.68221e-07 3.4 0.068 -0.536
-2.68221e-07 3.6 0.072 -0.556
-2.68221e-07 3.8 0.076 -0.576
-2.68221e-07 4 0.08 -0.596
-2.68221e-07 4.2 0.084 -0.616
-2.68221e-07 4.4 0.088 -0.636
-2.68221e-07 4.6 0.092 -0.656
-2.68221e-07 4.8 0.096 -0.676
-2.68221e-07 5 0.1 -0.696
0.2 -5 -0.1 0.304
0.2 -4.8 -0.096 0.284
0.2 -4.6 -0.092 0.264
0.2 -4.4 -0.088 0.244
0.2 -4.2 -0.084 0.224
0.2 -4 -0.08 0.204
0.2 -3.8 -0.076 0.184
0.2 -3.6 -0.072 0.164
0.2 -3.4 -0.068 0.144
0.2 -3.2 -0.064 0.124
0.2 -3 -0.06 0.104
0.2 -2.8 -0.056 0.0840001
0.2 -2.6 -0.052 0.0640001
0.2 -2.4 -0.048 0.0440001
0.2 -2.2 -0.044 0.0240001
0.2 -2 -0.04 0.00400005
0.2 -1.8 -0.036 -0.016
0.2 -1.6 -0.032 -0.036
0.2 -1.4 -0.028 -0.056
0.2 -1.2 -0.024 -0.076
0.2 -1 -0.02 -0.096
0.2 -0.8 -0.016 -0.116
0.2 -0.6 -0.012 -0.136
0.2 -0.4 -0.00800001 -0.156
0.2 -0.2 -0.00400001 -0.176
0.2 -2.68221e-07 -5.36442e-09 -0.196
0.2 0.2 0.00399999 -0.216
0.2 0.4 0.00799999 -0.236
0.2 0.6 0.012 -0.256
0.2 0.8 0.016 -0.276
0.2 1 0.02 -0.296
0.2 1.2 0.024 -0.316
0.2 1.4 0.028 -0.336
0.2 1.6 0.032 -0.356
0.2 1.8 0.036 -0.376
0.2 2 0.04 -0.396
0.2 2.2 0.044 -0.416
0.2 2.4 0.048 -0.436
0.2 2.6 0.052 -0.456
0.2 2.8 0.056 -0.476
0.2 3 0.06 -0.496
0.2 3.2 0.064 -0.516
0.2 3.4 0.068 -0.536
0.2 3.6 0.072 -0.556
0.2 3.8 0.076 -0.576
0.2 4 0.08 -0.596
0.2 4.2 0.084 -0.616
0.2 4.4 0.088 -0.636
0.2 4.6 0.092 -0.656
0.2 4.8 0.096 -0.676
0.2 5 0.1 -0.696
0.4 -5 -0.1 0.304
0.4 -4.8 -0.096 0.284
0.4 -4.6 -0.092 0.264
0.4 -4.4 -0.088 0.244
0.4 -4.2 -0.084 0.224
0.4 -4 -0.08 0.204
0.4 -3.8 -0.076 0.184
0.4 -3.6 -0.072 0.164
0.4 -3.4 -0.068 0.144
0.4 -3.2 -0.064 0.124
0.4 -3 -0.06 0.104
0.4 -2.8 -0.056 0.0840001
0.4 -2.6 -0.052 0.0640001
0.4 -2.4 -0.048 0.0440001
0.4 -2.2 -0.044 0.0240001
0.4 -2 -0.04 0.00400005
0.4 -1.8 -0.036 -0.016
0.4 -1.6 -0.032 -0.036
0.4 -1.4 -0.028 -0.056
0.4 -1.2 -0.024 -0.076
0.4 -1 -0.02 -0.096
0.4 -0.8 -0.016 -0.116
0.4 -0.6 -0.012 -0.136
0.4 -0.4 -0.00800001 -0.156
0.4 -0.2 -0.00400001 -0.176
0.4 -2.68221e-07 -5.36442e-09 -0.196
0.4 0.2 0.00399999 -0.216
0.4 0.4 0.00799999 -0.236
0.4 0.6 0.012 -0.256
0.4 0.8 0.016 -0.276
0.4 1 0.02 -0.296
0.4 1.2 0.024 -0.316
0.4 1.4 0.028 -0.336
0.4 1.6 0.032 -0.356
0.4 1.8 0.036 -0.376
0.4 2 0.04 -0.396
0.4 2.2 0.044 -0.416
0.4 2.4 0.048 -0.436
0.4 2.6 0.052 -0.456
0.4 2.8 0.056 -0.476
0.4 3 0.06 -0.496
0.4 3.2 0.064 -0.516
0.4 3.4 0.068 -0.536
0.4 3.6 0.072 -0.556
0.4 3.8 0.076 -0.576
0.4 4 0.08 -0.596
0.4 4.2 0.084 -0.616
0.4 4.4 0.088 -0.636
0.4 4.6 0.092 -0.656
0.4 4.8 0.096 -0.676
0.4 5 0.1 -0.696
0.6 -5 -0.1 0.304
0.6 -4.8 -0.096 0.284
0.6 -4.6 -0.092 0.264
0.6 -4.4 -0.088 0.244
0.6 -4.2 -0.084 0.224
0.6 -4 -0.08 0.204
0.6 -3.8 -0.076 0.184
0.6 -3.6 -0.072 0.164
0.6 -3.4 -0.068 0.144
0.6 -3.2 -0.064 0.124
0.6 -3 -0.06 0.104
0.6 -2.8 -0.056 0.0840001
0.6 -2.6 -0.052 0.0640001
0.6 -2.4 -0.048 0.0440001
0.6 -2.2 -0.044 0.0240001
0.6 -2 -0.04 0.00400005
0.6 -1.8 -0.036 -0.016
0.6 -1.6 -0.032 -0.036
0.6 -1.4 -0.028 -0.056
0.6 -1.2 -0.024 -0.076
0.6 -1 -0.02 -0.096
0.6 -0.8 -0.016 -0.116
0.6 -0.6 -0.012 -0.136
0.6 -0.4 -0.00800001 -0.156
0.6 -0.2 -0.00400001 -0.176
0.6 -2.68221e-07 -5.36442e-09 -0.196
0.6 0.2 0.00399999 -0.216
0.6 0.4 0.00799999 -0.236
0.6 0.6 0.012 -0.256
0.6 0.8 0.016 -0.276
0.6 1 0.02 -0.296
0.6 1.2 0.024 -0.316
0.6 1.4 0.028 -0.336
0.6 1.6 0.032 -0.356
0.6 1.8 0.036 -0.376
0.6 2 0.04 -0.396
0.6 2.2 0.044 -0.416
0.6 2.4 0.048 -0.436
0.6 2.6 0.052 -0.456
0.6 2.8 0.056 -0.476
0.6 3 0.06 -0.496
0.6 3.2 0.064 -0.516
0.6 3.4 0.068 -0.536
0.6 3.6 0.072 -0.556
0.6 3.8 0.076 -0.576
0.6 4 0.08 -0.596
0.6 4.2 0.084 -0.616
0.6 4.4 0.088 -0.636
0.6 4.6 0.092 -0.656
0.6 4.8 0.096 -0.676
0.6 5 0.1 -0.696
0.8 -5 -0.1 0.304
0.8 -4.8 -0.096 0.284
0.8 -4.6 -0.092 0.264
0.8 -4.4 -0.088 0.244
0.8 -4.2 -0.084 0.224
0.8 -4 -0.08 0.204
0.8 -3.8 -0.076 0.184
0.8 -3.6 -0.072 0.164
0.8 -3.4 -0.068 0.144
0.8 -3.2 -0.064 0.124
0.8 -3 -0.06 0.104
0.8 -2.8 -0.056 0.0840001
0.8 -2.6 -0.052 0.0640001
0.8 -2.4 -0.048 0.0440001
0.8 -2.2 -0.044 0.0240001
0.8 -2 -0.04 0.00400005
0.8 -1.8 -0.036 -0.016
0.8 -1.6 -0.032 -0.036
0.8 -1.4 -0.028 -0.056
0.8 -1.2 -0.024 -0.076
0.8 -1 -0.02 -0.096
0.8 -0.8 -0.016 -0.116
0.8 -0.6 -0.012 -0.136
0.8 -0.4 -0.00800001 -0.156
0.8 -0.2 -0.00400001 -0.176
0.8 -2.68221e-07 -5.36442e-09 -0.196
0.8 0.2 0.00399999 -0.216
0.8 0.4 0.00799999 -0.236
0.8 0.6 0.012 -0.256
0.8 0.8 0.016 -0.276
0.8 1 0.02 -0.296
0.8 1.2 0.024 -0.316
0.8 1.4 0.028 -0.336
0.8 1.6 0.032 -0.356
0.8 1.8 0.036 -0.376
0.8 2 0.04 -0.396
0.8 2.2 0.044 -0.416
0.8 2.4 0.048 -0.436
0.8 2.6 0.052 -0.456
0.8 2.8 0.056 -0.476
0.8 3 0.06 -0.496
0.8 3.2 0.064 -0.516
0.8 3.4 0.068 -0.536
0.8 3.6 0.072 -0.556
0.8 3.8 0.076 -0.576
0.8 4 0.08 -0.596
0.8 4.2 0.084 -0.616
0.8 4.4 0.088 -0.636
0.8 4.6 0.092 -0.656
0.8 4.8 0.096 -0.676
0.8 5 0.1 -0.696
1 -5 -0.1 0.304
1 -4.8 -0.096 0.284
1 -4.6 -0.092 0.264
1 -4.4 -0.088 0.244
1 -4.2 -0.084 0.224
1 -4 -0.08 0.204
1 -3.8 -0.076 0.184
1 -3.6 -0.072 0.164
1 -3.4 -0.068 0.144
1 -3.2 -0.064 0.124
1 -3 -0.06 0.104
1 -2.8 -0.056 0.0840001
1 -2.6 -0.052 0.0640001
1 -2.4 -0.048 0.0440001
1 -2.2 -0.044 0.0240001
1 -2 -0.04 0.00400005
1 -1.8 -0.036 -0.016
1 -1.6 -0.032 -0.036
1 -1.4 -0.028 -0.056
1 -1.2 -0.024 -0.076
1 -1 -0.02 -0.096
1 -0.8 -0.016 -0.116
1 -0.6 -0.012 -0.136
1 -0.4 -0.00800001 -0.156
1 -0.2 -0.00400001 -0.176
1 -2.68221e-07 -5.36442e-09 -0.196
1 0.2 0.00399999 -0.216
1 0.4 0.00799999 -0.236
1 0.6 0.012 -0.256
1 0.8 0.016 -0.276
1 1 0.02 -0.296
1 1.2 0.024 -0.316
1 1.4 0.028 -0.336
1 1.6 0.032 -0.356
1 1.8 0.036 -0.376
1 2 0.04 -0.396
1 2.2 0.044 -0.416
1 2.4 0.048 -0.436
1 2.6 0.052 -0.456
1 2.8 0.056 -0.476
1 3 0.06 -0.496
1 3.2 0.064 -0.516
1 3.4 0.068 -0.536
1 3.6 0.072 -0.556
1 3.8 0.076 -0.576
1 4 0.08 -0.596
1 4.2 0.084 -0.616
1 4.4 0.088 -0.636
1 4.6 0.092 -0.656
1 4.8 0.096 -0.676
1 5 0.1 -0.696
1.2 -5 -0.1 0.304
1.2 -4.8 -0.096 0.284
1.2 -4.6 -0.092 0.264
1.2 -4.4 -0.088 0.244
1.2 -4.2 -0.084 0.224
1.2 -4 -0.08 0.204
1.2 -3.8 -0.076 0.184
1.2 -3.6 -0.072 0.164
1.2 -3.4 -0.068 0.144
1.2 -3.2 -0.064 0.124
1.2 -3 -0.06 0.104
1.2 -2.8 -0.056 0.0840001
1.2 -2.6 -0.052 0.0640001
1.2 -2.4 -0.048 0.0440001
1.2 -2.2 -0.044 0.0240001
1.2 -2 -0.04 0.00400005
1.2 -1.8 -0.036 -0.016
1.2 -1.6 -0.032 -0.036
1.2 -1.4 -0.028 -0.056
1.2 -1.2 -0.024 -0.076
1.2 -1 -0.02 -0.096
1.2 -0.8 -0.016 -0.116
1.2 -0.6 -0.012 -0.136
1.2 -0.4 -0.00800001 -0.156
1.2 -0.2 -0.00400001 -0.176
1.2 -2.68221e-07 -5.36442e-09 -0.196
1.2 0.2 0.00399999 -0.216
1.2 0.4 0.00799999 -0.236
1.2 0.6 0.012 -0.256
1.2 0.8 0.016 -0.276
1.2 1 0.02 -0.296
1.2 1.2 0.024 -0.316
1.2 1.4 0.028 -0.336
1.2 1.6 0.032 -0.356
1.2 1.8 0.036 -0.376
1.2 2 0.04 -0.396
1.2 2.2 0.044 -0.416
1.2 2.4 0.048 -0.436
1.2 2.6 0.052 -0.456
1.2 2.8 0.056 -0.476
1.2 3 0.06 -0.496
1.2 3.2 0.064 -0.516
1.2 3.4 0.068 -0.536
1.2 3.6 0.072 -0.556
1.2 3.8 0.076 -0.576
1.2 4 0.08 -0.596
1.2 4.2 0.084 -0.616
1.2 4.4 0.088 -0.636
1.2 4.6 0.092 -0.656
1.2 4.8 0.096 -0.676
1.2 5 0.1 -0.696
1.4 -5 -0.1 0.304
1.4 -4.8 -0.096 0.284
1.4 -4.6 -0.092 0.264
1.4 -4.4 -0.088 0.244
1.4 -4.2 -0.084 0.224
1.4 -4 -0.08 0.204
1.4 -3.8 -0.076 0.184
1.4 -3.6 -0.072 0.164
1.4 -3.4 -0.068 0.144
1.4 -3.2 -0.064 0.124
1.4 -3 -0.06 0.104
1.4 -2.8 -0.056 0.0840001
1.4 -2.6 -0.052 0.0640001
1.4 -2.4 -0.048 0.0440001
1.4 -2.2 -0.044 0.0240001
1.4 -2 -0.04 0.00400005
1.4 -1.8 -0.036 -0.016
1.4 -1.6 -0.032 -0.036
1.4 -1.4 -0.028 -0.056
1.4 -1.2 -0.024 -0.076
1.4 -1 -0.02 -0.096
1.4 -0.8 -0.016 -0.116
1.4 -0.6 -0.012 -0.136
1.4 -0.4 -0.00800001 -0.156
1.4 -0.2 -0.00400001 -0.176
1.4 -2.68221e-07 -5.36442e-09 -0.196
1.4 0.2 0.00399999 -0.216
1.4 0.4 0.00799999 -0.236
1.4 0.6 0.012 -0.256
1.4 0.8 0.016 -0.276
1.4 1 0.02 -0.296
1.4 1.2 0.024 -0.316
1.4 1.4 0.028 -0.336
1.4 1.6 0.032 -0.356
1.4 1.8 0.036 -0.376
1.4 2 0.04 -0.396
1.4 2.2 0.044 -0.416
1.4 2.4 0.048 -0.436
1.4 2.6 0.052 -0.456
1.4 2.8 0.056 -0.476
1.4 3 0.06 -0.496
1.4 3.2 0.064 -0.516
1.4 3.4 0.068 -0.536
1.4 3.6 0.072 -0.556
1.4 3.8 0.076 -0.576
1.4 4 0.08 -0.596
1.4 4.2 0.084 -0.616
1.4 4.4 0.088 -0.636
1.4 4.6 0.092 -0.656
1.4 4.8 0.096 -0.676
1.4 5 0.1 -0.696
1.6 -5 -0.1 0.304
1.6 -4.8 -0.096 0.284
1.6 -4.6 -0.092 0.264
1.6 -4.4 -0.088 0.244
1.6 -4.2 -0.084 0.224
1.6 -4 -0.08 0.204
1.6 -3.8 -0.076 0.184
1.6 -3.6 -0.072 0.164
1.6 -3.4 -0.068 0.144
1.6 -3.2 -0.064 0.124
1.6 -3 -0.06 0.104
1.6 -2.8 -0.056 0.0840001
1.6 -2.6 -0.052 0.0640001
1.6 -2.4 -0.048 0.0440001
1.6 -2.2 -0.044 0.0240001
1.6 -2 -0.04 0.00400005
1.6 -1.8 -0.036 -0.016
1.6 -1.6 -0.032 -0.036
1.6 -1.4 -0.028 -0.056
1.6 -1.2 -0.024 -0.076
1.6 -1 -0.02 -0.096
1.6 -0.8 -0.016 -0.116
1.6 -0.6 -0.012 -0.136
1.6 -0.4 -0.00800001 -0.156
1.6 -0.2 -0.00400001 -0.176
1.6 -2.68221e-07 -5.36442e-09 -0.196
1.6 0.2 0.00399999 -0.216
1.6 0.4 0.00799999 -0.236
1.6 0.6 0.012 -0.256
1.6 0.8 0.016 -0.276
1.6 1 0.02 -0.296
1.6 1.2 0.024 -0.316
1.6 1.4 0.028 -0.336
1.6 1.6 0.032 -0.356
1.6 1.8 0.036 -0.376
1.6 2 0.04 -0.396
1.6 2.2 0.044 -0.416
1.6 2.4 0.048 -0.436
1.6 2.6 0.052 -0.456
1.6 2.8 0.056 -0.476
1.6 3 0.06 -0.496
1.6 3.2 0.064 -0.516
1.6 3.4 0.068 -0.536
1.6 3.6 0.072 -0.556
1.6 3.8 0.076 -0.576
1.6 4 0.08 -0.596
1.6 4.2 0.084 -0.616
1.6 4.4 0.088 -0.636
1.6 4.6 0.092 -0.656
1.6 4.8 0.096 -0.676
1.6 5 0.1 -0.696
1.8 -5 -0.1 0.304
1.8 -4.8 -0.096 0.284
1.8 -4.6 -0.092 0.264
1.8 -4.4 -0.088 0.244
1.8 -4.2 -0.084 0.224
1.8 -4 -0.08 0.204
1.8 -3.8 -0.076 0.184
1.8 -3.6 -0.072 0.164
1.8 -3.4 -0.068 0.144
1.8 -3.2 -0.064 0.124
1.8 -3 -0.06 0.104
1.8 -2.8 -0.056 0.0840001
1.8 -2.6 -0.052 0.0640001
1.8 -2.4 -0.048 0.0440001
1.8 -2.2 -0.044 0.0240001
1.8 -2 -0.04 0.00400005
1.8 -1.8 -0.036 -0.016
1.8 -1.6 -0.032 -0.036
1.8 -1.4 -0.028 -0.056
1.8 -1.2 -0.024 -0.076
1.8 -1 -0.02 -0.096
1.8 -0.8 -0.016 -0.116
1.8 -0.6 -0.012 -0.136
1.8 -0.4 -0.00800001 -0.156
1.8 -0.2 -0.00400001 -0.176
1.8 -2.68221e-07 -5.36442e-09 -0.196
1.8 0.2 0.00399999 -0.216
1.8 0.4 0.00799999 -0.236
1.8 0.6 0.012 -0.256
1.8 0.8 0.016 -0.276
1.8 1 0.02 -0.296
1.8 1.2 0.024 -0.316
1.8 1.4 0.028 -0.336
1.8 1.6 0.032 -0.356
1.8 1.8 0.036 -0.376
1.8 2 0.04 -0.396
1.8 2.2 0.044 -0.416
1.8 2.4 0.048 -0.436
1.8 2.6 0.052 -0.456
1.8 2.8 0.056 -0.476
1.8 3 0.06 -0.496
1.8 3.2 0.064 -0.516
1.8 3.4 0.068 -0.536
1.8 3.6 0.072 -0.556
1.8 3.8 0.076 -0.576
1.8 4 0.08 -0.596
1.8 4.2 0.084 -0.616
1.8 4.4 0.088 -0.636
1.8 4.6 0.092 -0.656
1.8 4.8 0.096 -0.676
1.8 5 0.1 -0.696
2 -5 -0.1 0.304
2 -4.8 -0.096 0.284
2 -4.6 -0.092 0.264
2 -4.4 -0.088 0.244
2 -4.2 -0.084 0.224
2 -4 -0.08 0.204
2 -3.8 -0.076 0.184
2 -3.6 -0.072 0.164
2 -3.4 -0.068 0.144
2 -3.2 -0.064 0.124
2 -3 -0.06 0.104
2 -2.8 -0.056 0.0840001
2 -2.6 -0.052 0.0640001
2 -2.4 -0.048 0.0440001
2 -2.2 -0.044 0.0240001
2 -2 -0.04 0.00400005
2 -1.8 -0.036 -0.016
2 -1.6 -0.032 -0.036
2 -1.4 -0.028 -0.056
2 -1.2 -0.024 -0.076
2 -1 -0.02 -0.096
2 -0.8 -0.016 -0.116
2 -0.6 -0.012 -0.136
2 -0.4 -0.00800001 -0.156
2 -0.2 -0.00400001 -0.176
2 -2.68221e-07 -5.36442e-09 -0.196
2 0.2 0.00399999 -0.216
2 0.4 0.00799999 -0.236
2 0.6 0.012 -0.256
2 0.8 0.016 -0.276
2 1 0.02 -0.296
2 1.2 0.024 -0.316
2 1.4 0.028 -0.336
2 1.6 0.032 -0.356
2 1.8 0.036 -0.376
2 2 0.04 -0.396
2 2.2 0.044 -0.416
2 2.4 0.048 -0.436
2 2.6 0.052 -0.456
2 2.8 0.056 -0.476
2 3 0.06 -0.496
2 3.2 0.064 -0.516
2 3.4 0.068 -0.536
2 3.6 0.072 -0.556
2 3.8 0.076 -0.576
2 4 0.08 -0.596
2 4.2 0.084 -0.616
2 4.4 0.088 -0.636
2 4.6 0.092 -0.656
2 4.8 0.096 -0.676
2 5 0.1 -0.696
2.2 -5 -0.1 0.304
2.2 -4.8 -0.096 0.284
2.2 -4.6 -0.092 0.264
2.2 -4.4 -0.088 0.244
2.2 -4.2 -0.084 0.224
2.2 -4 -0.08 0.204
2.2 -3.8 -0.076 0.184
2.2 -3.6 -0.072 0.164
2.2 -3.4 -0.068 0.144
2.2 -3.2 -0.064 0.124
2.2 -3 -0.06 0.104
2.2 -2.8 -0.056 0.0840001
2.2 -2.6 -0.052 0.0640001
2.2 -2.4 -0.048 0.0440001
2.2 -2.2 -0.044 0.0240001
2.2 -2 -0.04 0.00400005
2.2 -1.8 -0.036 -0.016
2.2 -1.6 -0.032 -0.036
2.2 -1.4 -0.028 -0.056
2.2 -1.2 -0.024 -0.076
2.2 -1 -0.02 -0.096
2.2 -0.8 -0.016 -0.116
2.2 -0.6 -0.012 -0.136
2.2 -0.4 -0.00800001 -0.156
2.2 -0.2 -0.00400001 -0.176
2.2 -2.68221e-07 -5.36442e-09 -0.196
2.2 0.2 0.00399999 -0.216
2.2 0.4 0.00799999 -0.236
2.2 0.6 0.012 -0.256
2.2 0.8 0.016 -0.276
2.2 1 0.02 -0.296
2.2 1.2 0.024 -0.316
2.2 1.4 0.028 -0.336
2.2 1.6 0.032 -0.356
2.2 1.8 0.036 -0.376
2.2 2 0.04 -0.396
2.2 2.2 0.044 -0.416
2.2 2.4 0.048 -0.436
2.2 2.6 0.052 -0.456
2.2 2.8 0.056 -0.476
2.2 3 0.06 -0.496
2.2 3.2 0.064 -0.516
2.2 3.4 0.068 -0.536
2.2 3.6 0.072 -0.556
2.2 3.8 0.076 -0.576
2.2 4 0.08 -0.596
2.2 4.2 0.084 -0.616
2.2 4.4 0.088 -0.636
2.2 4.6 0.092 -0.656
2.2 4.8 0.096 -0.676
2.2 5 0.1 -0.696
2.4 -5 -0.1 0.304
2.4 -4.8 -0.096 0.284
2.4 -4.6 -0.092 0.264
2.4 -4.4 -0.088 0.244
2.4 -4.2 -0.084 0.224
2.4 -4 -0.08 0.204
2.4 -3.8 -0.076 0.184
2.4 -3.6 -0.072 0.164
2.4 -3.4 -0.068 0.144
2.4 -3.2 -0.064 0.124
2.4 -3 -0.06 0.104
2.4 -2.8 -0.056 0.0840001
2.4 -2.6 -0.052 0.0640001
2.4 -2.4 -0.048 0.0440001
2.4 -2.2 -0.044 0.0240001
2.4 -2 -0.04 0.00400005
2.4 -1.8 -0.036 -0.016
2.4 -1.6 -0.032 -0.036
2.4 -1.4 -0.028 -0.056
2.4 -1.2 -0.024 -0.076
2.4 -1 -0.02 -0.096
2.4 -0.8 -0.016 -0.116
2.4 -0.6 -0.012 -0.136
2.4 -0.4 -0.00800001 -0.156
2.4 -0.2 -0.00400001 -0.176
2.4 -2.68221e-07 -5.36442e-09 -0.196
2.4 0.2 0.00399999 -0.216
2.4 0.4 0.00799999 -0.236
2.4 0.6 0.012 -0.256
2.4 0.8 0.016 -0.276
2.4 1 0.02 -0.296
2.4 1.2 0.024 -0.316
2.4 1.4 0.028 -0.336
2.4 1.6 0.032 -0.356
2.4 1.8 0.036 -0.376
2.4 2 0.04 -0.396
2.4 2.2 0.044 -0.416
2.4 2.4 0.048 -0.436
2.4 2.6 0.052 -0.456
2.4 2.8 0.056 -0.476
2.4 3 0.06 -0.496
2.4 3.2 0.064 -0.516
2.4 3.4 0.068 -0.536
2.4 3.6 0.072 -0.556
2.4 3.8 0.076 -0.576
2.4 4 0.08 -0.596
2.4 4.2 0.084 -0.616
2.4 4.4 0.088 -0.636
2.4 4.6 0.092 -0.656
2.4 4.8 0.096 -0.676
2.4 5 0.1 -0.696
2.6 -5 -0.1 0.304
2.6 -4.8 -0.096 0.284
2.6 -4.6 -0.092 0.264
2.6 -4.4 -0.088 0.244
2.6 -4.2 -0.084 0.224
2.6 -4 -0.08 0.204
2.6 -3.8 -0.076 0.184
2.6 -3.6 -0.072 0.164
2.6 -3.4 -0.068 0.144
2.6 -3.2 -0.064 0.124
2.6 -3 -0.06 0.104
2.6 -2.8 -0.056 0.0840001
2.6 -2.6 -0.052 0.0640001
2.6 -2.4 -0.048 0.0440001
2.6 -2.2 -0.044 0.0240001
2.6 -2 -0.04 0.00400005
2.6 -1.8 -0.036 -0.016
2.6 -1.6 -0.032 -0.036
2.6 -1.4 -0.028 -0.056
2.6 -1.2 -0.024 -0.076
2.6 -1 -0.02 -0.096
2.6 -0.8 -0.016 -0.116
2.6 -0.6 -0.012 -0.136
2.6 -0.4 -0.00800001 -0.156
2.6 -0.2 -0.00400001 -0.176
2.6 -2.68221e-07 -5.36442e-09 -0.196
2.6 0.2 0.00399999 -0.216
2.6 0.4 0.00799999 -0.236
2.6 0.6 0.012 -0.256
2.6 0.8 0.016 -0.276
2.6 1 0.02 -0.296
2.6 1.2 0.024 -0.316
2.6 1.4 0.028 -0.336
2.6 1.6 0.032 -0.356
2.6 1.8 0.036 -0.376
2.6 2 0.04 -0.396
2.6 2.2 0.044 -0.416
2.6 2.4 0.048 -0.436
2.6 2.6 0.052 -0.456
2.6 2.8 0.056 -0.476
2.6 3 0.06 -0.496
2.6 3.2 0.064 -0.516
2.6 3.4 0.068 -0.536
2.6 3.6 0.072 -0.556
2.6 3.8 0.076 -0.576
2.6 4 0.08 -0.596
2.6 4.2 0.084 -0.616
2.6 4.4 0.088 -0.636
2.6 4.6 0.092 -0.656
2.6 4.8 0.096 -0.676
2.6 5 0.1 -0.696
2.8 -5 -0.1 0.304
2.8 -4.8 -0.096 0.284
2.8 -4.6 -0.092 0.264
2.8 -4.4 -0.088 0.244
2.8 -4.2 -0.084 0.224
2.8 -4 -0.08 0.204
2.8 -3.8 -0.076 0.184
2.8 -3.6 -0.072 0.164
2.8 -3.4 -0.068 0.144
2.8 -3.2 -0.064 0.124
2.8 -3 -0.06 0.104
2.8 -2.8 -0.056 0.0840001
2.8 -2.6 -0.052 0.0640001
2.8 -2.4 -0.048 0.0440001
2.8 -2.2 -0.044 0.0240001
2.8 -2 -0.04 0.00400005
2.8 -1.8 -0.036 -0.016
2.8 -1.6 -0.032 -0.036
2.8 -1.4 -0.028 -0.056
2.8 -1.2 -0.024 -0.076
2.8 -1 -0.02 -0.096
2.8 -0.8 -0.016 -0.116
2.8 -0.6 -0.012 -0.136
2.8 -0.4 -0.00800001 -0.156
2.8 -0.2 -0.00400001 -0.176
2.8 -2.68221e-07 -5.36442e-09 -0.196
2.8 0.2 0.00399999 -0.216
2.8 0.4 0.00799999 -0.236
2.8 0.6 0.012 -0.256
2.8 0.8 0.016 -0.276
2.8 1 0.02 -0.296
2.8 1.2 0.024 -0.316
2.8 1.4 0.028 -0.336
2.8 1.6 0.032 -0.356
2.8 1.8 0.036 -0.376
2.8 2 0.04 -0.396
2.8 2.2 0.044 -0.416
2.8 2.4 0.048 -0.436
2.8 2.6 0.052 -0.456
2.8 2.8 0.056 -0.476
2.8 3 0.06 -0.496
2.8 3.2 0.064 -0.516
2.8 3.4 0.068 -0.536
2.8 3.6 0.072 -0.556
2.8 3.8 0.076 -0.576
2.8 4 0.08 -0.596
2.8 4.2 0.084 -0.616
2.8 4.4 0.088 -0.636
2.8 4.6 0.092 -0.656
2.8 4.8 0.096 -0.676
2.8 5 0.1 -0.696
3 -5 -0.1 0.304
3 -4.8 -0.096 0.284
3 -4.6 -0.092 0.264
3 -4.4 -0.088 0.244
3 -4.2 -0.084 0.224
3 -4 -0.08 0.204
3 -3.8 -0.076 0.184
3 -3.6 -0.072 0.164
3 -3.4 -0.068 0.144
3 -3.2 -0.064 0.124
3 -3 -0.06 0.104
3 -2.8 -0.056 0.0840001
3 -2.6 -0.052 0.0640001
3 -2.4 -0.048 0.0440001
3 -2.2 -0.044 0.0240001
3 -2 -0.04 0.00400005
3 -1.8 -0.036 -0.016
3 -1.6 -0.032 -0.036
3 -1.4 -0.028 -0.056
3 -1.2 -0.024 -0.076
3 -1 -0.02 -0.096
3 -0.8 -0.016 -0.116
3 -0.6 -0.012 -0.136
3 -0.4 -0.00800001 -0.156
3 -0.2 -0.00400001 -0.176
3 -2.68221e-07 -5.36442e-09 -0.196
3 0.2 0.00399999 -0.216
3 0.4 0.00799999 -0.236
3 0.6 0.012 -0.256
3 0.8 0.016 -0.276
3 1 0.02 -0.296
3 1.2 0.024 -0.316
3 1.4 0.028 -0.336
3 1.6 0.032 -0.356
3 1.8 0.036 -0.376
3 2 0.04 -0.396
3 2.2 0.044 -0.416
3 2.4 0.048 -0.436
3 2.6 0.052 -0.456
3 2.8 0.056 -0.476
3 3 0.06 -0.496
3 3.2 0.064 -0.516
3 3.4 0.068 -0.536
3 3.6 0.072 -0.556
3 3.8 0.076 -0.576
3 4 0.08 -0.596
3 4.2 0.084 -0.616
3 4.4 0.088 -0.636
3 4.6 0.092 -0.656
3 4.8 0.096 -0.676
3 5 0.1 -0.696
3.2 -5 -0.1 0.304
3.2 -4.8 -0.096 0.284
3.2 -4.6 -0.092 0.264
3.2 -4.4 -0.088 0.244
3.2 -4.2 -0.084 0.224
3.2 -4 -0.08 0.204
3.2 -3.8 -0.076 0.184
3.2 -3.6 -0.072 0.164
3.2 -3.4 -0.068 0.144
3.2 -3.2 -0.064 0.124
3.2 -3 -0.06 0.104
3.2 -2.8 -0.056 0.0840001
3.2 -2.6 -0.052 0.0640001
3.2 -2.4 -0.048 0.0440001
3.2 -2.2 -0.044 0.0240001
3.2 -2 -0.04 0.00400005
3.2 -1.8 -0.036 -0.016
3.2 -1.6 -0.032 -0.036
3.2 -1.4 -0.028 -0.056
3.2 -1.2 -0.024 -0.076
3.2 -1 -0.02 -0.096
3.2 -0.8 -0.016 -0.116
3.2 -0.6 -0.012 -0.136
3.2 -0.4 -0.00800001 -0.156
3.2 -0.2 -0.00400001 -0.176
3.2 -2.68221e-07 -5.36442e-09 -0.196
3.2 0.2 0.00399999 -0.216
3.2 0.4 0.00799999 -0.236
3.2 0.6 0.012 -0.256
3.2 0.8 0.016 -0.276
3.2 1 0.02 -0.296
3.2 1.2 0.024 -0.316
3.2 1.4 0.028 -0.336
3.2 1.6 0.032 -0.356
3.2 1.8 0.036 -0.376
3.2 2 0.04 -0.396
3.2 2.2 0.044 -0.416
3.2 2.4 0.048 -0.436
3.2 2.6 0.052 -0.456
3.2 2.8 0.056 -0.476
3.2 3 0.06 -0.496
3.2 3.2 0.064 -0.516
3.2 3.4 0.068 -0.536
3.2 3.6 0.072 -0.556
3.2 3.8 0.076 -0.576
3.2 4 0.08 -0.596
3.2 4.2 0.084 -0.616
3.2 4.4 0.088 -0.636
3.2 4.6 0.092 -0.656
3.2 4.8 0.096 -0.676
3.2 5 0.1 -0.696
3.4 -5 -0.1 0.304
3.4 -4.8 -0.096 0.284
3.4 -4.6 -0.092 0.264
3.4 -4.4 -0.088 0.244
3.4 -4.2 -0.084 0.224
3.4 -4 -0.08 0.204
3.4 -3.8 -0.076 0.184
3.4 -3.6 -0.072 0.164
3.4 -3.4 -0.068 0.144
3.4 -3.2 -0.064 0.124
3.4 -3 -0.06 0.104
3.4 -2.8 -0.056 0.0840001
3.4 -2.6 -0.052 0.0640001
3.4 -2.4 -0.048 0.0440001
3.4 -2.2 -0.044 0.0240001
3.4 -2 -0.04 0.00400005
3.4 -1.8 -0.036 -0.016
3.4 -1.6 -0.032 -0.036
3.4 -1.4 -0.028 -0.056
3.4 -1.2 -0.024 -0.076
3.4 -1 -0.02 -0.096
3.4 -0.8 -0.016 -0.116
3.4 -0.6 -0.012 -0.136
3.4 -0.4 -0.00800001 -0.156
3.4 -0.2 -0.00400001 -0.176
3.4 -2.68221e-07 -5.36442e-09 -0.196
3.4 0.2 0.00399999 -0.216
3.4 0.4 0.00799999 -0.236
3.4 0.6 0.012 -0.256
3.4 0.8 0.016 -0.276
3.4 1 0.02 -0.296
3.4 1.2 0.024 -0.316
3.4 1.4 0.028 -0.336
3.4 1.6 0.032 -0.356
3.4 1.8 0.036 -0.376
3.4 2 0.04 -0.396
3.4 2.2 0.044 -0.416
3.4 2.4 0.048 -0.436
3.4 2.6 0.052 -0.456
3.4 2.8 0.056 -0.476
3.4 3 0.06 -0.496
3.4 3.2 0.064 -0.516
3.4 3.4 0.068 -0.536
3.4 3.6 0.072 -0.556
3.4 3.8 0.076 -0.576
3.4 4 0.08 -0.596
3.4 4.2 0.084 -0.616
3.4 4.4 0.088 -0.636
3.4 4.6 0.092 -0.656
3.4 4.8 0.096 -0.676
3.4 5 0.1 -0.696
3.6 -5 -0.1 0.304
3.6 -4.8 -0.096 0.284
3.6 -4.6 -0.092 0.264
3.6 -4.4 -0.088 0.244
3.6 -4.2 -0.084 0.224
3.6 -4 -0.08 0.204
3.6 -3.8 -0.076 0.184
3.6 -3.6 -0.072 0.164
3.6 -3.4 -0.068 0.144
3.6 -3.2 -0.064 0.124
3.6 -3 -0.06 0.104
3.6 -2.8 -0.056 0.0840001
3.6 -2.6 -0.052 0.0640001
3.6 -2.4 -0.048 0.0440001
3.6 -2.2 -0.044 0.0240001
3.6 -2 -0.04 0.00400005
3.6 -1.8 -0.036 -0.016
3.6 -1.6 -0.032 -0.036
3.6 -1.4 -0.028 -0.056
3.6 -1.2 -0.024 -0.076
3.6 -1 -0.02 -0.096
3.6 -0.8 -0.016 -0.116
3.6 -0.6 -0.012 -0.136
3.6 -0.4 -0.00800001 -0.156
3.6 -0.2 -0.00400001 -0.176
3.6 -2.68221e-07 -5.36442e-09 -0.196
3.6 0.2 0.00399999 -0.216
3.6 0.4 0.00799999 -0.236
3.6 0.6 0.012 -0.256
3.6 0.8 0.016 -0.276
3.6 1 0.02 -0.296
3.6 1.2 0.024 -0.316
3.6 1.4 0.028 -0.336
3.6 1.6 0.032 -0.356
3.6 1.8 0.036 -0.376
3.6 2 0.04 -0.396
3.6 2.2 0.044 -0.416
3.6 2.4 0.048 -0.436
3.6 2.6 0.052 -0.456
3.6 2.8 0.056 -0.476
3.6 3 0.06 -0.496
3.6 3.2 0.064 -0.516
3.6 3.4 0.068 -0.536
3.6 3.6 0.072 -0.556
3.6 3.8 0.076 -0.576
3.6 4 0.08 -0.596
3.6 4.2 0.084 -0.616
3.6 4.4 0.088 -0.636
3.6 4.6 0.092 -0.656
3.6 4.8 0.096 -0.676
3.6 5 0.1 -0.696
3.8 -5 -0.1 0.304
3.8 -4.8 -0.096 0.284
3.8 -4.6 -0.092 0.264
3.8 -4.4 -0.088 0.244
3.8 -4.2 -0.084 0.224
3.8 -4 -0.08 0.204
3.8 -3.8 -0.076 0.184
3.8 -3.6 -0.072 0.164
3.8 -3.4 -0.068 0.144
3.8 -3.2 -0.064 0.124
3.8 -3 -0.06 0.104
3.8 -2.8 -0.056 0.0840001
3.8 -2.6 -0.052 0.0640001
3.8 -2.4 -0.048 0.0440001
3.8 -2.2 -0.044 0.0240001
3.8 -2 -0.04 0.00400005
3.8 -1.8 -0.036 -0.016
3.8 -1.6 -0.032 -0.036
3.8 -1.4 -0.028 -0.056
3.8 -1.2 -0.024 -0.076
3.8 -1 -0.02 -0.096
3.8 -0.8 -0.016 -0.116
3.8 -0.6 -0.012 -0.136
3.8 -0.4 -0.00800001 -0.156
3.8 -0.2 -0.00400001 -0.176
3.8 -2.68221e-07 -5.36442e-09 -0.196
3.8 0.2 0.00399999 -0.216
3.8 0.4 0.00799999 -0.236
3.8 0.6 0.012 -0.256
3.8 0.8 0.016 -0.276
3.8 1 0.02 -0.296
3.8 1.2 0.024 -0.316
3.8 1.4 0.028 -0.336
3.8 1.6 0.032 -0.356
3.8 1.8 0.036 -0.376
3.8 2 0.04 -0.396
3.8 2.2 0.044 -0.416
3.8 2.4 0.048 -0.436
3.8 2.6 0.052 -0.456
3.8 2.8 0.056 -0.476
3.8 3 0.06 -0.496
3.8 3.2 0.064 -0.516
3.8 3.4 0.068 -0.536
3.8 3.6 0.072 -0.556
3.8 3.8 0.076 -0.576
3.8 4 0.08 -0.596
3.8 4.2 0.084 -0.616
3.8 4.4 0.088 -0.636
3.8 4.6 0.092 -0.656
3.8 4.8 0.096 -0.676
3.8 5 0.1 -0.696
4 -5 -0.1 0.304
4 -4.8 -0.096 0.284
4 -4.6 -0.092 0.264
4 -4.4 -0.088 0.244
4 -4.2 -0.084 0.224
4 -4 -0.08 0.204
4 -3.8 -0.076 0.184
4 -3.6 -0.072 0.164
4 -3.4 -0.068 0.144
4 -3.2 -0.064 0.124
4 -3 -0.06 0.104
4 -2.8 -0.056 0.0840001
4 -2.6 -0.052 0.0640001
4 -2.4 -0.048 0.0440001
4 -2.2 -0.044 0.0240001
4 -2 -0.04 0.00400005
4 -1.8 -0.036 -0.016
4 -1.6 -0.032 -0.036
4 -1.4 -0.028 -0.056
4 -1.2 -0.024 -0.076
4 -1 -0.02 -0.096
4 -0.8 -0.016 -0.116
4 -0.6 -0.012 -0.136
4 -0.4 -0.00800001 -0.156
4 -0.2 -0.00400001 -0.176
4 -2.68221e-07 -5.36442e-09 -0.196
4 0.2 0.00399999 -0.216
4 0.4 0.00799999 -0.236
4 0.6 0.012 -0.256
4 0.8 0.016 -0.276
4 1 0.02 -0.296
4 1.2 0.024 -0.316
4 1.4 0.028 -0.336
4 1.6 0.032 -0.356
4 1.8 0.036 -0.376
4 2 0.04 -0.396
4 2.2 0.044 -0.416
4 2.4 0.048 -0.436
4 2.6 0.052 -0.456
4 2.8 0.056 -0.476
4 3 0.06 -0.496
4 3.2 0.064 -0.516
4 3.4 0.068 -0.536
4 3.6 0.072 -0.556
4 3.8 0.076 -0.576
4 4 0.08 -0.596
4 4.2 0.084 -0.616
4 4.4 0.088 -0.636
4 4.6 0.092 -0.656
4 4.8 0.096 -0.676
4 5 0.1 -0.696
4.2 -5 -0.1 0.304
4.2 -4.8 -0.096 0.284
4.2 -4.6 -0.092 0.264
4.2 -4.4 -0.088 0.244
4.2 -4.2 -0.084 0.224
4.2 -4 -0.08 0.204
4.2 -3.8 -0.076 0.184
4.2 -3.6 -0.072 0.164
4.2 -3.4 -0.068 0.144
4.2 -3.2 -0.064 0.124
4.2 -3 -0.06 0.104
4.2 -2.8 -0.056 0.0840001
4.2 -2.6 -0.052 0.0640001
4.2 -2.4 -0.048 0.0440001
4.2 -2.2 -0.044 0.0240001
4.2 -2 -0.04 0.00400005
4.2 -1.8 -0.036 -0.016
4.2 -1.6 -0.032 -0.036
4.2 -1.4 -0.028 -0.056
4.2 -1.2 -0.024 -0.076
4.2 -1 -0.02 -0.096
4.2 -0.8 -0.016 -0.116
4.2 -0.6 -0.012 -0.136
4.2 -0.4 -0.00800001 -0.156
4.2 -0.2 -0.00400001 -0.176
4.2 -2.68221e-07 -5.36442e-09 -0.196
4.2 0.2 0.00399999 -0.216
4.2 0.4 0.00799999 -0.236
4.2 0.6 0.012 -0.256
4.2 0.8 0.016 -0.276
4.2 1 0.02 -0.296
4.2 1.2 0.024 -0.316
4.2 1.4 0.028 -0.336
4.2 1.6 0.032 -0.356
4.2 1.8 0.036 -0.376
4.2 2 0.04 -0.396
4.2 2.2 0.044 -0.416
4.2 2.4 0.048 -0.436
4.2 2.6 0.052 -0.456
4.2 2.8 0.056 -0.476
4.2 3 0.06 -0.496
4.2 3.2 0.064 -0.516
4.2 3.4 0.068 -0.536
4.2 3.6 0.072 -0.556
4.2 3.8 0.076 -0.576
4.2 4 0.08 -0.596
4.2 4.2 0.084 -0.616
4.2 4.4 0.088 -0.636
4.2 4.6 0.092 -0.656
4.2 4.8 0.096 -0.676
4.2 5 0.1 -0.696
4.4 -5 -0.1 0.304
4.4 -4.8 -0.096 0.284
4.4 -4.6 -0.092 0.264
4.4 -4.4 -0.088 0.244
4.4 -4.2 -0.084 0.224
4.4 -4 -0.08 0.204
4.4 -3.8 -0.076 0.184
4.4 -3.6 -0.072 0.164
4.4 -3.4 -0.068 0.144
4.4 -3.2 -0.064 0.124
4.4 -3 -0.06 0.104
4.4 -2.8 -0.056 0.0840001
4.4 -2.6 -0.052 0.0640001
4.4 -2.4 -0.048 0.0440001
4.4 -2.2 -0.044 0.0240001
4.4 -2 -0.04 0.00400005
4.4 -1.8 -0.036 -0.016
4.4 -1.6 -0.032 -0.036
4.4 -1.4 -0.028 -0.056
4.4 -1.2 -0.024 -0.076
4.4 -1 -0.02 -0.096
4.4 -0.8 -0.016 -0.116
4.4 -0.6 -0.012 -0.136
4.4 -0.4 -0.00800001 -0.156
4.4 -0.2 -0.00400001 -0.176
4.4 -2.68221e-07 -5.36442e-09 -0.196
4.4 0.2 0.00399999 -0.216
4.4 0.4 0.00799999 -0.236
4.4 0.6 0.012 -0.256
4.4 0.8 0.016 -0.276
4.4 1 0.02 -0.296
4.4 1.2 0.024 -0.316
4.4 1.4 0.028 -0.336
4.4 1.6 0.032 -0.356
4.4 1.8 0.036 -0.376
4.4 2 0.04 -0.396
4.4 2.2 0.044 -0.416
4.4 2.4 0.048 -0.436
4.4 2.6 0.052 -0.456
4.4 2.8 0.056 -0.476
4.4 3 0.06 -0.496
4.4 3.2 0.064 -0.516
4.4 3.4 0.068 -0.536
4.4 3.6 0.072 -0.556
4.4 3.8 0.076 -0.576
4.4 4 0.08 -0.596
4.4 4.2 0.084 -0.616
4.4 4.4 0.088 -0.636
4.4 4.6 0.092 -0.656
4.4 4.8 0.096 -0.676
4.4 5 0.1 -0.696
4.6 -5 -0.1 0.304
4.6 -4.8 -0.096 0.284
4.6 -4.6 -0.092 0.264
4.6 -4.4 -0.088 0.244
4.6 -4.2 -0.084 0.224
4.6 -4 -0.08 0.204
4.6 -3.8 -0.076 0.184
4.6 -3.6 -0.072 0.164
4.6 -3.4 -0.068 0.144
4.6 -3.2 -0.064 0.124
4.6 -3 -0.06 0.104
4.6 -2.8 -0.056 0.0840001
4.6 -2.6 -0.052 0.0640001
4.6 -2.4 -0.048 0.0440001
4.6 -2.2 -0.044 0.0240001
4.6 -2 -0.04 0.00400005
4.6 -1.8 -0.036 -0.016
4.6 -1.6 -0.032 -0.036
4.6 -1.4 -0.028 -0.056
4.6 -1.2 -0.024 -0.076
4.6 -1 -0.02 -0.096
4.6 -0.8 -0.016 -0.116
4.6 -0.6 -0.012 -0.136
4.6 -0.4 -0.00800001 -0.156
4.6 -0.2 -0.00400001 -0.176
4.6 -2.68221e-07 -5.36442e-09 -0.196
4.6 0.2 0.00399999 -0.216
4.6 0.4 0.00799999 -0.236
4.6 0.6 0.012 -0.256
4.6 0.8 0.016 -0.276
4.6 1 0.02 -0.296
4.6 1.2 0.024 -0.316
4.6 1.4 0.028 -0.336
4.6 1.6 0.032 -0.356
4.6 1.8 0.036 -0.376
4.6 2 0.04 -0.396
4.6 2.2 0.044 -0.416
4.6 2.4 0.048 -0.436
4.6 2.6 0.052 -0.456
4.6 2.8 0.056 -0.476
4.6 3 0.06 -0.496
4.6 3.2 0.064 -0.516
4.6 3.4 0.068 -0.536
4.6 3.6 0.072 -0.556
4.6 3.8 0.076 -0.576
4.6 4 0.08 -0.596
4.6 4.2 0.084 -0.616
4.6 4.4 0.088 -0.636
4.6 4.6 0.092 -0.656
4.6 4.8 0.096 -0.676
4.6 5 0.1 -0.696
4.8 -5 -0.1 0.304
4.8 -4.8 -0.096 0.284
4.8 -4.6 -0.092 0.264
4.8 -4.4 -0.088 0.244
4.8 -4.2 -0.084 0.224
4.8 -4 -0.08 0.204
4.8 -3.8 -0.076 0.184
4.8 -3.6 -0.072 0.164
4.8 -3.4 -0.068 0.144
4.8 -3.2 -0.064 0.124
4.8 -3 -0.06 0.104
4.8 -2.8 -0.056 0.0840001
4.8 -2.6 -0.052 0.0640001
4.8 -2.4 -0.048 0.0440001
4.8 -2.2 -0.044 0.0240001
4.8 -2 -0.04 0.00400005
4.8 -1.8 -0.036 -0.016
4.8 -1.6 -0.032 -0.036
4.8 -1.4 -0.028 -0.056
4.8 -1.2 -0.024 -0.076
4.8 -1 -0.02 -0.096
4.8 -0.8 -0.016 -0.116
4.8 -0.6 -0.012 -0.136
4.8 -0.4 -0.00800001 -0.156
4.8 -0.2 -0.00400001 -0.176
4.8 -2.68221e-07 -5.36442e-09 -0.196
4.8 0.2 0.00399999 -0.216
4.8 0.4 0.00799999 -0.236
4.8 0.6 0.012 -0.256
4.8 0.8 0.016 -0.276
4.8 1 0.02 -0.296
4.8 1.2 0.024 -0.316
4.8 1.4 0.028 -0.336
4.8 1.6 0.032 -0.356
4.8 1.8 0.036 -0.376
4.8 2 0.04 -0.396
4.8 2.2 0.044 -0.416
4.8 2.4 0.048 -0.436
4.8 2.6 0.052 -0.456
4.8 2.8 0.056 -0.476
4.8 3 0.06 -0.496
4.8 3.2 0.064 -0.516
4.8 3.4 0.068 -0.536
4.8 3.6 0.072 -0.556
4.8 3.8 0.076 -0.576
4.8 4 0.08 -0.596
4.8 4.2 0.084 -0.616
4.8 4.4 0.088 -0.636
4.8 4.6 0.092 -0.656
4.8 4.8 0.096 -0.676
4.8 5 0.1 -0.696
5 -5 -0.1 0.304
5 -4.8 -0.096 0.284
5 -4.6 -0.092 0.264
5 -4.4 -0.088 0.244
5 -4.2 -0.084 0.224
5 -4 -0.08 0.204
5 -3.8 -0.076 0.184
5 -3.6 -0.072 0.164
5 -3.4 -0.068 0.144
5 -3.2 -0.064 0.124
5 -3 -0.06 0.104
5 -2.8 -0.056 0.0840001
5 -2.6 -0.052 0.0640001
5 -2.4 -0.048 0.0440001
5 -2.2 -0.044 0.0240001
5 -2 -0.04 0.00400005
5 -1.8 -0.036 -0.016
5 -1.6 -0.032 -0.036
5 -1.4 -0.028 -0.056
5 -1.2 -0.024 -0.076
5 -1 -0.02 -0.096
5 -0.8 -0.016 -0.116
5 -0.6 -0.012 -0.136
5 -0.4 -0.00800001 -0.156
5 -0.2 -0.00400001 -0.176
5 -2.68221e-07 -5.36442e-09 -0.196
5 0.2 0.00399999 -0.216
5 0.4 0.00799999 -0.236
5 0.6 0.012 -0.256
5 0.8 0.016 -0.276
5 1 0.02 -0.296
5 1.2 0.024 -0.316
5 1.4 0.028 -0.336
5 1.6 0.032 -0.356
5 1.8 0.036 -0.376
5 2 0.04 -0.396
5 2.2 0.044 -0.416
5 2.4 0.048 -0.436
5 2.6 0.052 -0.456
5 2.8 0.056 -0.476
5 3 0.06 -0.496
5 3.2 0.064 -0.516
5 3.4 0.068 -0.536
5 3.6 0.072 -0.556
5 3.8 0.076 -0.576
5 4 0.08 -0.596
5 4.2 0.084 -0.616
5 4.4 0.088 -0.636
5 4.6 0.092 -0.656
5 4.8 0.096 -0.676
5 5 0.1 -0.696
